Time,B5408_18A,B7057_18A,B6181_18A,B5397_18A,B7036_18A,B7048_18A,B4546_18A,B7040_18A,B7050_18A,B7052_18A,B7038_18A,B7049_18A,B7033_18A,B7034_18A,B7053_18A,B7041_18A,A2149,B7044_18A,B7058_18A,B7047_18A,B4541_18A,B4526_18A,B7061_18A,B6876_18B,IW4-0624-0-CHAN-1,IW4-0624-0-CHAN-2,B5411_18A,IW4-0624-0-CHAN-4,B7045_18A,B7051_18A,B7043_18A,B7054_18A,B5398_18A,B4535_18A,A2148,A2147,A2146_18A,B5404_18A,B7055_18A,B5384_18A
0.01,-0.000347715,-0.007773024,-0.01350634,0.020993435,-0.002902898,0.035685684,-0.027547663,-0.000509956,-0.008684216,-0.010614771,0.051044002,0.018270825,0.054941192,0.009282469,0.004087259,0.006231876,-1.52382E-05,-0.046120214,-0.002357308,-0.013574382,0.012459032,0.052309903,0.018497698,0.034107671,-0.001351738,-0.000957556,-0.012124842,-0.000862694,0.029226056,0.021586527,0.021782562,0.071636346,0.052832916,0.003915801,-6.77842E-05,1.46415E-05,-4.87353E-06,0.041395144,-0.009268491,-0.025921305
0.02,0.002154726,-0.001684767,0.04520948,0.019757473,-0.007696065,0.025981094,-0.023824518,-0.007796027,0.028577747,0.012353521,0.033809199,0.047726964,0.019296661,0.035649656,0.029386331,0.014563175,-7.7621E-05,-0.071816015,0.009849723,0.009550313,-0.014335401,0.046084317,-0.020641096,0.053760991,-0.001355488,-0.000952299,-0.04252035,-0.000864946,0.014394513,0.009593119,0.035088226,0.021610406,-0.018578216,0.020547881,-0.000154971,-0.000152311,8.77074E-05,0.058946566,-0.014120786,-0.019207438
0.03,-0.000347715,0.012910265,0.002515388,0.008679592,0.001886454,-0.010609482,-0.010091608,0.003136895,0.071866931,-0.002151865,0.017810359,0.044044827,-0.006490693,0.046391844,0.04263096,0.043219181,-4.35942E-05,-0.022896337,0.024437125,0.008337239,-0.021964796,0.07464877,0.012386553,0.091816411,-0.001349487,-0.000959809,0.003088171,-0.000861943,-0.02022768,-0.034825216,0.100517914,-0.019878242,-0.004784271,0.041025176,-9.43176E-05,-0.000121957,6.31465E-05,0.02008243,0.004021914,-0.021862467
0.04,-0.002880674,0.023858446,-0.024172234,0.01235696,0.016262141,0.011302139,0.02244013,0.029862664,0.034597339,-0.0154499,0.021502986,0.037907933,0.003335967,0.021245359,0.016126443,0.028936954,5.28145E-05,0.024802637,0.021995719,0.01198409,-0.021964796,0.094424161,0.022175066,0.077076421,-0.001351738,-0.000969572,0.02590006,-0.000852933,-0.00043703,-0.012013326,0.05809848,0.024051812,0.039069489,0.029489532,6.48901E-05,1.84357E-05,4.80293E-05,-0.025056883,-0.023794859,-0.025921305
0.05,-0.000347715,0.010476488,0.039853645,-0.006075657,0.03902444,0.010111953,0.02622431,0.015282891,-0.01229292,0.012353521,0.026423946,0.0514091,0.014383331,0.012883543,0.002881815,-0.006951718,3.95822E-05,-0.02777915,0.041465934,0.049719075,-0.023246534,0.072085294,-0.004741438,0.030415044,-0.001356238,-0.000953801,-0.007043665,-0.000859691,0.004491559,0.008387675,-0.02783902,0.052112725,0.003974274,4.00689E-05,0.000131226,4.3099E-05,0.000100936,-0.036340757,-0.057638853,0.010425131
0.06,0.03120746,-0.011419874,0.042523933,-0.023287571,0.064178553,0.000346328,-0.006307429,-0.017508247,-0.017107068,0.038951498,0.007953181,0.021952961,0.024209991,0.027226805,0.017331888,-0.003350644,-8.51824E-05,-0.051033544,0.043937858,0.06918929,0.017585986,0.047427091,0.011158221,0.023075566,-0.001345737,-0.000936527,0.00435465,-0.000869451,-0.006632099,-1.9918E-05,0.010918304,0.031368401,-0.008537933,0.024393096,0.000144496,-4.22735E-05,4.23594E-05,-0.028818174,-0.062475889,0.042743246
0.07,0.024890322,0.016564745,0.018521858,0.005002224,0.021055308,0.045451309,0.018716986,0.014069817,-0.037546216,0.020816427,-0.015430913,-0.000139858,0.027902618,0.056035399,-0.005556296,0.030096622,-0.000132441,0.012595606,0.013481315,0.025373677,0.043159716,-0.004696933,0.018497698,0.041462407,-0.001338235,-0.000941033,0.034765417,-0.000852182,-0.006632099,-0.010823141,0.064201996,0.000866082,0.031562165,0.041025176,0.000241158,-6.50406E-05,-8.42334E-05,-0.026311918,-0.033453672,0.025226156
0.08,-0.009197813,0.015344042,0.03185804,0.030835354,-0.026863011,0.032023574,0.051187689,0.046868584,-0.047166882,-0.029957193,-0.010509953,0.031771992,0.013162627,0.029668211,-0.013979147,0.046820255,-3.41422E-05,0.004020167,0.011039909,-0.000184794,0.012459032,-0.013241855,0.017276995,0.046390996,-0.001352488,-0.00095305,0.015752966,-0.000851432,-0.011575946,-0.016835104,0.018181488,0.017948296,-0.00353305,0.037179961,0.000208936,-1.00218E-05,-5.58914E-05,-0.035089536,0.006448061,-0.016491373
0.09,0.014789003,-0.03088246,0.002515388,0.01235696,0.010273066,-0.028920029,0.0124914,0.027436517,-0.013498364,-0.050506967,-0.01420258,0.039135312,0.006998077,-0.024286867,0.000470926,0.045630069,4.71436E-05,-0.052254247,0.018364127,0.004682759,0.011238329,0.05487338,0.009937518,0.039021001,-0.00136749,-0.000957556,0.014501745,-0.000884468,-0.004160175,0.020381083,-0.016974762,0.054554131,-0.033592865,0.023111358,7.2473E-05,1.08473E-05,-1.05434E-05,-0.036340757,0.004021914,-0.017834147
0.1,0.019854921,0.011697191,-0.022844719,0.0025303,0.015064326,0.006449844,-0.010091608,0.015282891,-0.002679883,-0.002151865,-0.015430913,0.031771992,0.011941924,-0.00384009,-0.015199851,0.02533588,7.446E-06,-0.010658788,0.006187614,-0.012361308,0.007393114,0.064639005,0.014827959,0.035343633,-0.001360739,-0.000954552,0.029699499,-0.000878461,-0.006632099,0.044398417,0.014519378,0.033809807,0.021521881,0.001352325,-3.34227E-06,-1.5714E-05,-2.75494E-05,-0.03132443,-0.006857603,-0.001690348
0.11,-0.018017393,0.038461107,0.017179085,0.020993435,-0.043634328,0.053996231,0.013712103,0.029862664,-0.021913586,0.029279333,0.016566768,0.031771992,0.013162627,0.039189695,-0.017610739,0.002630802,-4.9265E-05,0.03951211,0.026878532,-0.009919902,-0.027091749,-0.005795566,0.058872454,0.035343633,-0.001355488,-0.000950797,0.006887609,-0.000851432,-0.038767108,0.005976786,0.036369964,0.005748894,0.020270661,0.039743438,-6.96785E-05,-4.79657E-05,1.40174E-05,-0.036340757,0.004021914,-0.031292398
0.12,-0.000347715,0.001962084,0.042523933,0.011151516,-0.023269567,0.014964248,0.021219427,0.009209893,-0.020715771,-0.006986994,0.035037532,0.014588688,0.032815948,0.036870359,-0.013979147,0.012182804,-4.17036E-05,-0.017983007,0.052452262,0.005895833,-0.018180616,-0.024350253,0.045414202,0.02428101,-0.001354738,-0.000957556,0.001821691,-0.000855186,-0.039987812,-0.0312394,0.014519378,-0.021091316,-0.026085541,0.046152129,4.50078E-07,-6.50406E-05,5.55879E-05,-0.041357084,0.008874209,-0.052837809
0.13,0.028674501,0.003182787,-0.005495476,-0.001162327,0.019855586,-0.008229111,-0.007589167,-0.041807868,-0.020715771,-0.031164545,0.012874141,0.005997036,0.015604034,0.01166284,-0.011583518,0.018164249,7.446E-06,-0.035133886,0.024437125,0.001028279,-0.010490186,0.032534513,-0.018207319,0.014469609,-0.001353238,-0.000971825,0.022100622,-0.000856687,-0.02022768,-0.016835104,-0.015754059,-0.033298347,-0.00353305,-0.008901582,0.000112274,-9.53961E-05,-2.98481E-06,-0.023805662,0.010064394,0.007739584
0.14,0.008471865,0.012910265,-0.01350634,0.040662014,-0.010091695,-0.003315781,-0.031331843,-0.03208802,-0.015901623,-0.021494287,-0.011738286,0.015816067,-0.036001191,0.024846434,0.023359109,0.020514102,7.54996E-05,0.03951211,0.021995719,-0.011132976,-0.029655225,0.039980802,-0.004741438,0.015705571,-0.001354738,-0.000969572,0.015752966,-0.000851432,-0.022699604,0.021586527,-0.004828766,-0.002796027,0.017768219,0.01413919,8.19483E-05,-8.02174E-05,-5.96688E-05,0.017572359,0.018533022,0.061603109
0.15,0.016040224,0.029946703,0.037198616,0.051739895,-0.016082677,-0.005757187,-0.021322077,0.029862664,0.009344043,-0.033583063,-0.015430913,0.01336131,-0.00526999,0.04883325,0.04023533,0.02533588,9.06224E-05,0.037070704,0.041465934,-0.016008159,-0.016837843,-0.000912753,0.024616473,0.008335576,-0.001350237,-0.00095305,-0.000711268,-0.00085894,-0.032587299,0.020381083,0.023003265,0.010631707,0.000220612,0.041025176,0.000117961,-5.37195E-07,7.92634E-07,0.033872561,0.013695986,0.025226156
0.16,0.014789003,0.042107958,-0.005495476,0.020993435,0.016262141,0.00889125,0.011209661,0.043221734,0.005742969,-0.055342096,-0.031429753,-0.006276752,0.020547881,0.010503172,0.022153665,0.003820987,5.55542E-06,-0.03269248,0.013481315,0.018072347,-0.002799757,0.017764005,-0.002300031,-0.012538448,-0.001348737,-0.000953801,-0.001977747,-0.000858189,-0.036295185,0.011988749,-0.006110504,0.01550689,0.011512116,0.006479278,0.000135019,1.46415E-05,-8.6547E-06,0.001272158,-0.005652158,-0.007061441
0.17,-0.02940045,0.005616564,-0.052202629,0.001309597,-0.005298528,0.004008438,0.041177923,0.014069817,0.000928821,-0.046881098,-0.053593144,0.007224415,-0.017538056,-0.015864016,0.01251011,-0.006951718,-6.62784E-05,-0.049812841,0.012260612,0.038770894,-0.021964796,0.063418302,0.007488482,-0.016215816,-0.001352488,-0.000958307,-0.009576624,-0.000854435,-0.022699604,0.008387675,-0.016974762,0.016727593,0.020270661,-0.016561494,1.94025E-05,-2.43337E-06,-9.1792E-05,-0.03258328,-0.012900083,0.003680746
0.18,-0.002880674,-0.013853651,-0.000170159,-0.031908787,-0.023269567,0.005198623,0.034952337,0.003136895,0.022573413,-0.023912805,-0.028980718,0.025635098,0.000864043,-0.001520754,-0.007967185,-0.002190976,-6.24982E-05,-0.009438085,0.032982047,-0.006273051,0.008674853,0.044863614,0.02338814,-0.005168452,-0.001351738,-0.000956805,-0.000711268,-0.000855936,-0.015268573,-0.018025289,0.019341156,-0.006458137,0.003974274,-0.016561494,-1.47156E-05,3.25888E-06,-6.53387E-05,-0.035089536,0.005227358,-0.020550211
0.19,0.028674501,0.028726,0.06121595,-0.009768284,0.011472789,0.014964248,0.019937689,0.005563042,0.01656145,0.023234945,-0.000660405,-0.01486745,0.022989288,-0.000300051,-0.039293478,-0.023675351,1.6898E-05,-0.000862646,0.03420275,-0.014795085,0.073799364,-0.000912753,-0.029208906,-0.003947749,-0.001349487,-0.000954552,-0.000711268,-0.000858189,-0.021448383,-0.013218771,0.004875824,-0.012554023,0.002723053,-0.031942353,-5.23658E-06,-4.22735E-05,-7.10049E-05,-0.010011717,0.011285098,-0.019207438
0.2,0.002154726,0.056710619,0.089215828,0.03819009,0.010273066,-0.033802842,0.024942571,0.014069817,0.009344043,0.031695944,-0.009281621,-0.044323589,0.00455667,-0.00988257,-0.020006369,-0.038018612,0.000118978,-0.041237402,0.04756945,0.018072347,0.029060595,0.012759122,-0.035320051,0.009556279,-0.001341986,-0.000952299,-0.033654993,-0.000861192,0.006963482,-1.9918E-05,0.004875824,0.041134026,-0.016075775,-0.060110078,-3.74585E-05,-9.34981E-05,-8.80108E-05,0.025094942,-0.012900083,0.049487631
0.21,0.02238788,0.011697191,0.059873176,0.02836343,0.007877437,-0.037434433,-0.001302546,0.017716668,0.014150562,-0.028747934,-0.017902837,-0.01486745,0.009470001,-0.00384009,0.010099222,-0.006951718,9.06224E-05,-0.02411704,0.025657829,0.001028279,-0.011771925,0.022646817,0.022175066,0.026737676,-0.001338985,-0.000961311,0.000555212,-0.000860441,0.032933941,0.016795268,0.012077972,0.067974236,-0.0286185,-0.046041474,-4.88299E-05,-6.22758E-06,-1.05434E-05,0.0439014,-0.015326231,0.021197836
0.22,0.019854921,-0.032103163,0.017179085,0.006238186,0.018657771,0.014964248,-0.015096491,0.033509515,-0.019510327,-0.020285028,-0.005588994,0.019498204,-0.00526999,-0.000300051,0.014936258,0.012182804,1.12272E-05,0.018729639,-0.004768197,-0.024530192,0.05847954,0.018862638,0.013599627,0.020603642,-0.001347987,-0.000967319,0.053777868,-0.000861943,-0.001672992,0.058802714,-0.025458649,0.005748894,0.002723053,-0.005056367,-5.26204E-05,9.81178E-05,-8.6547E-06,0.023843722,0.004021914,-0.029949625
0.23,-0.02183209,-0.024801832,0.010510994,0.001309597,-0.00889388,0.013743545,0.00492304,0.044442437,-0.020715771,0.019607168,0.017810359,0.004769658,-0.032308564,-0.015864016,0.041425516,-0.020074277,-1.15406E-07,0.006461573,0.02324694,-0.022096416,0.067390673,0.029971036,-0.025539167,-0.006404414,-0.001361489,-0.00096056,0.028433019,-0.00086795,-0.021448383,0.042002787,-0.010932282,-0.01133332,0.012732819,0.015420928,-2.04022E-05,1.46415E-05,-2.56607E-05,-0.013773008,-0.000815122,0.019855062
0.24,-0.023083311,0.008042711,0.010510994,0.00744363,-0.007696065,-0.003315781,-0.02632696,0.032296441,0.023778858,-0.034792322,0.019031062,-0.012412693,-0.023702607,-0.020685793,0.04023533,-0.039208798,-2.46902E-05,-0.000862646,0.020775016,-0.030618449,0.002266161,-0.007138339,0.006260149,-0.022349849,-0.001356238,-0.000961311,0.010702307,-0.000858189,0.015630475,-0.012013326,0.020622894,0.047229912,-0.012322113,0.017953887,-1.28194E-05,-5.55541E-05,1.77986E-05,-0.035089536,-0.020163267,0.009082357
0.25,-0.059704405,0.006829637,0.009183479,0.006238186,0.013868419,0.006449844,-0.028829401,0.026223443,0.011747302,-0.067432779,-0.000660405,0.008451794,-0.01509665,-0.017084719,-0.021227072,0.004980655,-2.84714E-05,0.007682276,-0.018165414,-0.018449565,-0.014335401,-0.036801425,0.029514544,0.000965581,-0.001349487,-0.000965817,0.02716654,-0.000850681,0.021810284,-0.025227437,-0.010932282,0.032589104,-0.009819671,0.016702667,-0.000100004,1.65395E-05,4.23594E-05,-0.023805662,-0.018957822,-0.032665689
0.26,-0.064739805,-0.041830641,0.009183479,0.001309597,-0.013687047,0.00889125,0.028726751,0.02500274,-0.026720105,-0.035999674,-0.009281621,0.003542279,-0.021261201,-0.025446535,-0.064592551,0.020514102,-4.17036E-05,-0.00333457,-0.010871712,0.007108907,-0.002799757,0.00409213,0.005047076,0.025516972,-0.00136299,-0.000959058,0.033498937,-0.00086795,-0.010324726,-0.004811178,-0.004828766,-0.047939155,0.01398404,-0.008901582,-7.72595E-05,5.25854E-05,1.21287E-05,0.030111269,-0.012900083,0.006396811
0.27,0.008471865,-0.027235609,0.025189949,-0.008532322,-0.020872029,-0.030140732,0.00492304,0.044442437,0.006940784,-0.029957193,0.023952022,0.003542279,-0.00526999,-0.035029055,-0.058565329,0.013403507,-6.43878E-05,-0.000862646,-0.004768197,-0.009919902,-0.002799757,0.011416349,0.007488482,0.016911015,-0.00136449,-0.000947042,0.018301184,-0.000873205,-0.006632099,0.022791972,0.04235141,-0.038181159,0.003974274,-0.043477998,9.90082E-05,4.4997E-05,-6.53387E-05,0.050172762,-0.022574155,0.0239139
0.28,0.021106142,0.049409288,0.027860237,-0.031908787,0.012670604,-0.055775498,-0.032552546,0.05536773,0.03218645,-0.013031382,0.038730159,0.041590069,0.009470001,-0.030207277,-0.007967185,0.024115177,2.82396E-05,0.015037012,-0.046150033,-0.009919902,0.0035479,-0.024350253,0.035625689,-0.002711787,-0.001359239,-0.000943286,0.018301184,-0.000855936,0.018102398,0.028788676,0.016960785,0.030155327,-0.006066009,-0.019155488,0.000171031,5.25854E-05,-1.05434E-05,0.002527193,-0.017737119,0.018512289
0.29,-0.010449034,0.040894884,-0.001497673,-0.047884739,0.001886454,0.004008438,-0.001302546,0.023789666,0.021367969,-0.016659159,-0.005588994,0.024407719,0.003335967,-0.01946509,0.043836404,0.006231876,5.28145E-05,0.00524087,-0.041297738,0.027807454,0.011238329,-0.010800448,0.047855608,-0.006404414,-0.001361489,-0.000951548,0.046178991,-0.00084993,0.002019635,0.004786601,-0.020575836,0.044788506,-0.018578216,0.016702667,6.48901E-05,3.93066E-05,9.5266E-05,-0.004999204,-0.015326231,0.029284994
0.3,-0.047070128,-0.029669386,-0.01350634,-0.031908787,-0.013687047,0.034464981,-0.007589167,0.003136895,0.051427783,-0.051716227,-0.037594304,-0.012412693,0.005807891,-0.049433351,0.017331888,0.003820987,-6.8169E-05,-0.002113866,0.006187614,0.01198409,-0.005363233,0.039980802,0.042965166,-0.013774409,-0.001355488,-0.000954552,0.038564855,-0.000855186,-0.005380878,-0.024037252,0.007256195,0.044788506,-0.038628265,0.002634063,-6.02032E-05,1.46415E-05,6.31465E-05,0.027605013,-0.020163267,0.019855062
0.31,-0.062206846,-0.023588759,-0.017504143,0.024670803,-0.00649825,0.006449844,-0.052633112,-0.000509956,0.035795154,-0.043253321,-0.01912354,0.005997036,-0.002798066,-0.070978762,-0.024843405,-0.005731015,-0.000104086,0.033378077,-0.008430306,-0.024530192,-0.021964796,0.057314786,0.016048663,-0.005168452,-0.001355488,-0.000944037,-0.005777186,-0.000854435,0.01190733,-0.03363503,0.002434417,0.037471917,0.010230377,-0.01018332,-5.64128E-05,8.95112E-06,-6.76598E-06,0.012556032,-0.002020567,0.011767904
0.32,-0.010449034,0.022645372,-0.036180901,0.034512722,-0.029258641,0.033274795,-0.027547663,0.012856744,0.012952747,-0.052925486,0.017810359,0.036680554,-0.00035666,-0.036249758,-0.006746481,-0.028436093,-2.28006E-05,0.055411768,-0.030341927,-0.001397868,-0.006644971,0.010317716,-0.014529951,0.046390996,-0.001359239,-0.000941033,-0.019723719,-0.000852933,0.000798932,-0.028828512,-0.036322907,-0.001567695,0.04157193,-0.007619843,6.67863E-05,-6.22758E-06,2.68508E-06,-0.0175343,-0.003226011,0.019855062
0.33,-0.001598936,0.006829637,-0.030840325,-0.009768284,-0.040038976,0.045451309,0.016214544,0.012856744,0.035795154,-0.078312296,0.010417476,0.018270825,0.010690704,-0.007441164,-0.003145407,-0.006951718,8.49516E-05,0.023581934,0.003746207,0.029020528,0.017585986,-0.049130526,0.003811114,0.036579594,-0.001352488,-0.00094554,-0.000711268,-0.00085894,-0.004160175,-0.009617696,-0.004828766,-0.025981757,0.005225495,0.002634063,9.14254E-05,-6.22758E-06,5.36992E-05,-0.004999204,-0.0419223,0.022571127
0.34,-0.036938292,-0.004118544,0.005170418,0.016064846,-0.030458364,-0.005757187,-0.021322077,-0.01872895,-0.00988966,-0.049299616,-0.038822636,-0.019776966,-0.012655244,-0.00384009,0.000470926,0.004980655,8.68422E-05,0.016257716,0.009849723,0.024160604,0.018867724,-0.020688144,0.025837176,-0.022349849,-0.001350237,-0.000952299,0.011953527,-0.000856687,-0.011575946,0.010783305,0.013298675,-0.025981757,-0.017326996,0.012857452,-9.02892E-06,-3.46851E-05,-1.43209E-05,0.012556032,-0.028616636,0.003680746
0.35,-0.014233213,0.037248033,0.018521858,0.048032009,-0.030458364,-0.030140732,-0.032552546,-0.027228095,-0.030328808,-0.038418192,-0.028980718,0.008451794,0.005807891,0.004521727,0.018537332,0.008581729,-5.68264E-05,0.033378077,-0.018165414,0.008337239,-0.004081495,0.032534513,-0.003528364,-0.010081782,-0.001357739,-0.000962062,0.018301184,-0.000845425,-0.01404787,0.017985453,-0.024237946,-0.012554023,-0.014794037,0.025674835,-7.13275E-06,-5.74503E-05,-8.04522E-05,0.010049776,0.012490542,-0.025921305
0.36,0.036273378,0.031159777,-0.005495476,0.003766262,-0.041238698,0.002787735,0.033731634,-0.016295173,0.030988635,-0.017868418,0.011645808,0.052636479,0.040201202,0.021245359,-0.017610739,0.008581729,-5.11556E-05,0.017478419,-0.029121224,0.004682759,-0.011771925,0.029971036,-0.013316877,0.031651006,-0.001356238,-0.000958307,0.014501745,-0.000851432,0.029226056,0.022791972,-0.023017243,0.006961968,0.016516999,0.007730499,1.75063E-05,1.65395E-05,-4.87353E-06,0.021333651,-0.005652158,-0.021862467
0.37,0.064013857,-0.000471693,-0.008165764,-0.03804282,-0.04722968,0.014964248,0.023721868,0.000703118,0.052633228,0.053456884,0.005488887,0.028089856,0.010690704,0.028447508,-0.007967185,-0.003350644,5.65956E-05,0.018729639,-0.043739144,0.01928542,0.015022509,0.031313809,0.00259804,0.025516972,-0.001355488,-0.000950046,0.006887609,-0.000864946,0.029226056,0.005976786,-0.010932282,-0.006458137,0.022773102,-0.030660615,-1.09232E-05,4.3099E-05,6.46253E-06,0.042650179,-0.011694639,0.017169516
0.38,0.019854921,0.042107958,0.001172615,-0.025759495,-0.037643346,-0.00697789,-0.035054987,-0.002936103,0.029783191,0.057082754,-0.000660405,-0.035732891,-0.022481904,0.016484617,0.057081033,0.022924991,6.22664E-05,0.022391749,-0.015724007,0.024160604,0.023994677,0.02752963,-0.008418806,-0.019893184,-0.00136524,-0.000950046,-0.000711268,-0.000864196,0.016866436,-0.026432882,-0.006110504,-0.036960456,-0.00228183,0.015420928,4.97282E-05,6.20719E-05,-9.3677E-05,0.026349978,-0.009268491,0.030627768
0.39,-0.033184629,0.045762438,-0.024172234,0.024670803,-0.026863011,-0.022816514,-0.01259405,0.001923821,-0.000276623,0.006311041,-0.024044499,-0.051687862,-0.02000998,0.005681395,0.014936258,0.032507511,8.49516E-05,-0.013100195,0.006187614,-0.006273051,0.002266161,-0.012021151,-0.012080915,-0.027263179,-0.001360739,-0.000957556,-0.009576624,-0.000862694,0.042821637,-0.022831808,0.009697601,-0.021091316,0.021521881,0.044870391,6.67863E-05,0.000113297,-0.000105017,-0.026311918,-0.052801817,0.003680746
0.4,0.000934023,-0.018721205,-0.016176628,0.036984646,0.007877437,-0.031330918,0.00870722,0.01164367,0.00333208,-0.000942606,-0.028980718,0.008451794,-0.006490693,0.010503172,-0.023622702,-0.004540829,4.5254E-05,-0.02903037,-0.027931039,-0.031831523,0.020149462,-0.047909823,0.003811114,0.010792241,-0.001356989,-0.000966568,-0.007043665,-0.000861943,0.009435406,0.002390971,0.023003265,0.025264886,0.025275543,-0.020437226,4.21473E-05,1.65395E-05,7.92634E-07,-0.05640225,-0.026205747,-0.000317057
0.41,0.014789003,-0.022368055,0.011853767,0.022229397,0.017459956,-0.011860703,-0.011312311,-0.046667793,0.004537525,0.019607168,0.025195613,0.012133931,-0.008962617,0.021245359,0.024564554,-0.02129498,-1.71288E-05,-0.00333457,-0.013313119,-0.007486125,0.077644579,-0.015805331,0.003811114,0.003422246,-0.00136449,-0.000964315,-0.003244227,-0.000858189,-0.01404787,0.016795268,0.020622894,0.019168999,-0.022331878,-0.044759736,8.00521E-05,-2.33024E-05,2.53572E-05,-0.021295591,0.039086611,0.030627768
0.42,-0.020550352,-0.011419874,0.005170418,0.039426052,-0.022069844,-0.010609482,0.018716986,-0.040594795,-0.017107068,0.005099875,0.039966121,-0.054141666,-0.01018332,0.021245359,0.018537332,-0.002190976,-1.52382E-05,0.012595606,0.009849723,0.009550313,0.030403368,0.036318692,-0.007190473,-0.022349849,-0.001356989,-0.000956054,0.003088171,-0.000860441,0.016866436,0.017985453,-0.035163239,-0.002796027,0.006476715,-0.016561494,4.50078E-07,7.15565E-05,-4.6444E-05,0.022584871,0.036675723,0.025226156
0.43,-0.02940045,-0.029669386,0.023847175,0.030835354,-0.001705083,-0.024037217,0.018716986,0.000703118,0.009344043,-0.022703546,0.038730159,-0.046778347,-0.004049287,0.003301024,0.002881815,0.01575336,-9.08532E-05,0.001578761,-0.002357308,-0.001397868,-0.050040968,0.00409213,-0.019428022,0.004658208,-0.001354738,-0.000957556,-0.003244227,-0.00085894,-0.011575946,0.001185526,-0.059333161,0.017948296,0.050360993,-0.002523408,-7.72595E-05,5.25854E-05,-2.56607E-05,0.022584871,0.001611025,-0.004375895
0.44,-0.018017393,-0.007773024,0.042523933,-0.013445652,0.04142007,0.017405654,-0.032552546,-0.053953864,0.015356006,0.01718865,0.048579707,0.0023149,-0.024953828,0.003301024,0.002881815,0.002630802,-7.38398E-05,0.002799464,-0.007209603,0.016859273,0.004829638,-0.02325162,-0.016978986,0.023075566,-0.001360739,-0.000962062,-0.031122034,-0.00084993,-0.043710956,-0.012013326,0.007256195,0.01550689,0.015265778,4.00689E-05,-2.41909E-05,7.91468E-05,8.95998E-05,0.038888888,-0.045553892,0.005054037
0.45,0.012286562,0.028726,0.007840706,-0.017153538,0.02944192,0.029612686,-0.001302546,-0.056380012,0.000928821,0.032905203,0.014110103,0.009679173,-0.02983664,0.034428953,-0.017610739,-0.000970273,-1.90194E-05,0.013816309,-0.02060682,0.013197164,0.081428759,0.00409213,0.003811114,-0.005168452,-0.001342736,-0.00095305,-0.014642542,-0.000850681,-0.010324726,-0.003620992,0.029045746,-0.000354621,0.025275543,0.017953887,-4.50413E-05,0.000139856,9.71584E-05,0.070234255,-0.044333189,-0.003033121
0.46,0.03877582,0.016564745,0.002515388,0.00744363,0.015064326,-0.037434433,0.044962103,0.000703118,0.00333208,-0.005777735,-0.005588994,-0.008730556,0.005807891,0.026067137,-0.009172629,-0.008141903,-0.000115428,0.012595606,-0.007209603,-0.014795085,0.044441454,0.020205411,0.014827959,-0.034633174,-0.001332234,-0.000944789,0.00435465,-0.000860441,-0.012796649,-0.004811178,-0.020575836,-0.000354621,0.06412442,0.019266143,-7.3469E-05,8.95112E-06,7.92634E-07,0.045156435,-0.014120786,-0.003033121
0.47,0.021106142,-0.004118544,0.034528328,-0.014681614,0.010273066,-0.065480088,0.001199896,0.018929742,-0.003885327,-0.019075769,-0.006817326,0.001087521,0.006998077,-0.024286867,-0.011583518,-0.046380429,-0.00012488,-0.017983007,0.026878532,0.001028279,-0.027091749,0.031313809,0.000149004,-0.027263179,-0.001347237,-0.00095305,-0.027307337,-0.000856687,-0.011575946,-0.028828512,-0.024237946,-0.017436836,0.027808502,0.011575713,-3.55642E-05,-8.21155E-05,4.23594E-05,-0.008756681,0.000390322,0.038714926
0.48,0.008471865,0.021432299,0.006497932,-0.023287571,0.017459956,0.000346328,-0.043783014,0.02500274,0.015356006,-0.017868418,-0.03513001,0.029317235,-0.006490693,-0.030207277,-0.000734519,-0.039208798,-3.0361E-05,-0.063271093,0.004966911,0.004682759,-0.03728462,0.005312833,0.00259804,-0.007640376,-0.001359989,-0.000956805,-0.022256678,-0.000846176,0.023030987,-0.042027364,-0.003669098,-0.001567695,-0.012322113,0.011575713,-3.93546E-05,7.05308E-06,8.01488E-05,-0.03258328,0.018533022,0.0239139
0.49,0.008471865,0.020211595,-0.033510613,0.019757473,0.035429088,0.032023574,-0.043783014,0.01164367,0.01656145,-0.002151865,-0.026516423,0.018270825,-0.006490693,0.01166284,0.022153665,-0.015313534,3.01312E-05,-0.038795995,-0.014533822,-0.011132976,-0.014335401,-0.004696933,0.039303057,0.015705571,-0.001356989,-0.000959058,0.008169348,-0.000852182,0.006963482,-0.03603066,-0.025458649,0.019168999,-0.00228183,-0.017843232,3.45644E-05,3.74086E-05,-5.77801E-05,-0.03007321,-0.012900083,-0.028637369
0.5,-0.019299131,-0.027235609,0.007840706,0.001309597,0.024648753,0.005198623,-0.02632696,0.000703118,-0.026720105,0.007518393,0.00179626,0.003542279,-0.02000998,0.012883543,-0.003145407,-0.016473202,7.54996E-05,0.000358057,0.029319938,-0.002626201,0.000984423,0.008974942,0.014827959,0.021839604,-0.001344986,-0.000963564,-0.013376063,-0.000855186,-0.007852802,-0.016835104,-0.02783902,-0.016216132,0.010230377,0.003915801,7.2473E-05,-2.43337E-06,-7.85635E-05,-0.013773008,-0.022574155,-0.048809488
0.51,-0.023083311,-0.036970717,0.074552131,-0.03804282,0.012670604,0.016215469,0.00492304,0.003136895,-0.023119031,0.008727652,-0.003124699,-0.023459102,-0.027395234,-0.01946509,-0.005556296,-0.005731015,6.60476E-05,-0.02411704,0.042717155,-0.011132976,0.016365282,-0.018246737,-0.0475576,-0.007640376,-0.001343486,-0.000959809,-0.032388514,-0.000848428,-0.016519794,-0.016835104,-0.009711579,-0.049159858,-0.019829437,0.041025176,-7.3469E-05,2.98183E-05,8.35125E-06,0.015066103,0.028207095,-0.012463053
0.52,-0.000347715,-0.035750013,0.057202888,0.008679592,0.013868419,-0.003315781,-0.003804987,-0.023588874,0.011747302,0.022025686,0.015338435,-0.033278133,-0.021261201,-0.00384009,0.017331888,0.01575336,1.50074E-05,-0.008186864,0.028099235,-0.005052348,0.002266161,-0.008359042,-0.001079328,-0.000270381,-0.001356238,-0.000953801,-0.014642542,-0.000850681,-0.032587299,-0.019230733,-0.023017243,-0.044284675,-0.073692962,0.00519754,-9.43176E-05,8.95112E-06,-4.87353E-06,0.010049776,0.020943911,0.017169516
0.53,-0.02183209,-0.050352675,-0.004152703,0.019757473,0.018657771,-0.046009873,-0.053853815,-0.055166938,0.017759265,0.031695944,0.035037532,0.032999371,0.013162627,0.016484617,0.008909036,0.013403507,-5.78623E-06,0.033378077,0.032982047,0.048506001,-0.020683057,0.011416349,0.055202715,0.032886968,-0.001360739,-0.000947793,0.00435465,-0.000856687,-0.021448383,0.013178935,-0.030280426,-0.005237434,-0.058678314,-0.006338105,1.18197E-05,-4.79657E-05,-6.76598E-06,-0.012517973,-0.016531675,-0.032665689
0.54,-0.023083311,-0.028448683,-0.030840325,-0.044192112,0.017459956,-0.036244248,-0.060079401,-0.058813789,0.01656145,0.038951498,0.007953181,0.025635098,0.010690704,0.018864988,0.002881815,-0.018884091,2.44594E-05,0.018729639,0.006187614,0.042417745,-0.014335401,0.02386752,0.016048663,0.008335576,-0.001350987,-0.000955303,0.013220007,-0.000852182,-0.028864154,0.021586527,0.007256195,0.017948296,0.01398404,0.00519754,4.2387E-06,3.25888E-06,4.57008E-06,-0.012517973,-0.014120786,-0.043438395
0.55,0.011004824,-0.010199171,-0.036180901,-0.041750706,0.006679622,-0.047200058,-0.041280573,-0.057600715,0.009344043,0.026860815,-0.01912354,-0.038186695,-0.022481904,-0.011042238,0.018537332,-0.018884091,9.81838E-05,0.004020167,-0.002357308,-0.012361308,-0.006644971,0.064639005,-0.010867841,-0.024821773,-0.001347237,-0.000967319,0.023367101,-0.000858189,-0.027643451,-0.008427511,0.035088226,-0.023540351,0.017768219,-0.011465058,-2.41909E-05,8.95112E-06,-1.62133E-05,-0.040102049,-0.006857603,-0.003033121
0.56,0.011004824,-0.033316237,-0.014833855,-0.008532322,0.025846568,-0.036244248,-8.18426E-05,-0.030874946,-0.011095105,0.026860815,-0.012981877,-0.011185314,0.009470001,-0.064997316,0.01251011,0.019354434,0.000132211,0.015037012,0.012260612,0.002248982,-0.013053663,0.041201505,0.011158221,-0.007640376,-0.001347237,-0.000965817,0.046178991,-0.000869451,0.013158551,-0.008427511,0.001213714,-0.029636237,-0.032372162,-0.011465058,-1.85061E-05,-4.22735E-05,4.80293E-05,-0.027563139,-0.010489194,-0.0151486
0.57,-0.023083311,-0.015066725,0.019849373,-0.012240208,0.025846568,0.01859584,0.054971868,0.001923821,0.020170154,0.035323721,-0.010509953,0.010906552,0.009470001,-0.045832277,-0.010362814,0.02533588,7.17184E-05,0.011374903,-0.02060682,0.01563857,0.013801806,-0.018246737,0.011158221,0.025516972,-0.001343486,-0.000965066,0.020834143,-0.000864196,0.021810284,0.019190897,-0.029059723,-0.005237434,-0.033592865,0.012857452,1.18197E-05,4.3099E-05,8.58187E-05,0.025094942,0.014901431,-0.017834147
0.58,-0.03822003,0.043328661,0.003842903,0.003766262,-0.005298528,-0.013081406,0.03995722,-0.030874946,0.052633228,0.012353521,-0.032673344,-0.02591386,-0.01509665,-0.001520754,-0.017610739,-0.000970273,5.55542E-06,0.004020167,-0.025459115,-0.033044597,0.039314501,0.00030795,-0.014529951,0.020603642,-0.001349487,-0.000959058,-0.037454432,-0.000860441,-0.015268573,0.037196269,0.008476898,-0.040614936,-0.009819671,0.034616485,1.37158E-05,7.53507E-05,-3.13268E-05,0.026349978,0.030633242,0.019855062
0.59,-0.000347715,0.027512926,-0.014833855,-0.004839695,0.025846568,-0.042347764,-0.016317194,-0.052740791,0.014150562,0.015981299,-0.012981877,0.001087521,0.020547881,-0.013483644,0.002881815,-0.006951718,-1.15406E-07,0.004020167,0.018364127,-0.024530192,0.004829638,-0.010800448,-0.018207319,-0.021129146,-0.001351738,-0.000955303,-0.033654993,-0.000865697,-0.031336078,0.028788676,0.036369964,-0.046718452,-0.034874603,0.015420928,-8.48423E-05,-4.98638E-05,-5.02215E-05,0.026349978,0.007653506,0.034656088
0.6,0.003436464,-0.021154982,0.005170418,-0.054034031,0.051002589,0.021067764,-0.030050104,-0.016295173,0.014150562,0.030488592,0.033809199,0.036680554,0.000864043,-0.032648684,0.013715555,-0.017724423,3.66483E-06,-0.013100195,0.052452262,0.037542562,-0.014335401,-0.076474276,0.000149004,-0.005168452,-0.001347237,-0.000966568,-0.012124842,-0.000855186,0.009435406,0.004786601,-6.98876E-06,-0.017436836,-0.04738681,-0.063955292,-5.26204E-05,-1.00218E-05,8.77074E-05,0.018827395,0.007653506,0.026599447
0.61,-0.039471251,-0.022368055,0.007840706,-0.03312949,-0.000509175,0.025981094,-0.025045222,-0.016295173,0.057439746,0.003892523,-0.001896367,-0.005049373,-0.033529267,-0.023005129,-0.007967185,-0.05355206,-3.22516E-05,-0.010658788,0.064628776,0.032682637,0.000984423,-0.020688144,0.005047076,0.026737676,-0.001354738,-0.000967319,-0.023507899,-0.000846176,0.010686627,-0.014424215,-0.0338815,-0.047939155,-0.013573334,-0.071615205,1.75063E-05,0.00010381,8.20412E-05,-0.003740354,0.023370058,0.010425131
0.62,-0.015484434,-0.000471693,-0.009508538,0.023434841,-0.032853994,-0.021626328,-0.016317194,-0.016295173,0.01896471,-0.010614771,-0.038822636,0.004769658,-0.016347871,0.009282469,-0.022417258,-0.015313534,-6.62784E-05,0.045615626,0.013481315,0.014425496,0.002266161,0.049868497,0.008709185,-0.029719844,-0.001359239,-0.000961311,-0.008310145,-0.000857438,-0.021448383,-0.016835104,-0.023017243,-0.062579963,-0.004784271,0.010293975,-0.000118957,5.06874E-05,-5.96688E-05,-0.023805662,0.000390322,-0.028637369
0.63,0.029925722,-0.018721205,-0.010836052,-0.008532322,-0.026863011,-0.000874375,-0.01259405,0.026223443,-0.027925549,0.006311041,0.005488887,0.021952961,-0.028615937,0.033269285,-0.020006369,0.037268253,-2.84714E-05,0.049308253,-0.03522474,0.030241231,0.012459032,0.005312833,0.029514544,-0.053035274,-0.001359239,-0.000958307,0.024633581,-0.000858189,-0.015268573,-0.003620992,0.012077972,-0.029636237,0.005225495,0.01413919,-0.000206145,-6.22758E-06,-0.000112575,-0.051389738,-0.034674375,-0.034008463
0.64,0.03120746,-0.039404493,-0.002840447,-0.067583835,0.013868419,0.019847061,-0.035054987,0.020142815,-0.019510327,0.009936911,0.003032222,-0.029595996,-0.006490693,0.010503172,0.004087259,-0.000970273,2.44594E-05,-0.006966161,0.009849723,0.009550313,0.017585986,-0.003354159,0.000149004,-0.021129146,-0.001360739,-0.000953801,0.003088171,-0.000843172,-0.026392231,-0.007222066,-0.001227692,-0.036960456,0.040320709,-0.025564179,-0.000136017,-1.95082E-05,-2.37719E-05,-0.015028044,-0.021368711,-0.016491373
0.65,0.002154726,-0.00290547,-0.01350634,-0.03804282,0.046213237,0.011302139,-0.01259405,-0.001723029,0.011747302,-0.000942606,-0.033901677,-0.018549587,0.046335235,-0.014643312,0.010099222,-0.01171246,-9.5674E-06,-0.022896337,0.024437125,-0.009919902,0.008674853,0.016421231,-0.045108564,-0.027263179,-0.001354738,-0.000950797,-0.032388514,-0.000843172,-0.009104023,-0.032429586,-0.029059723,-0.039394233,0.026526764,0.001352325,-8.29461E-05,-1.3816E-05,7.25939E-05,0.018827395,0.023370058,-0.047466715
0.66,-0.020550352,-0.001684767,-0.021501946,0.009915554,0.003084269,-0.003315781,0.034952337,0.033509515,0.020170154,-0.004570383,0.00179626,-0.000139858,0.018075958,0.009282469,-0.009172629,0.033697696,-6.8169E-05,-0.020454931,-0.009651009,0.007108907,-0.023246534,-0.018246737,-0.030429609,-0.027263179,-0.001351738,-0.000952299,-0.017175501,-0.000848428,0.026754132,-0.032429586,0.002434417,-0.01133332,-0.014794037,0.042306915,-9.24251E-05,1.27453E-05,8.77074E-05,-0.013773008,0.019753725,-0.059582193
0.67,-0.014233213,-0.047918898,0.011853767,-0.006075657,-0.0184764,-0.028920029,-0.002584284,0.037156365,-0.043558179,-0.032375711,0.030116573,-0.019776966,-0.016347871,0.021245359,0.006482889,0.034887882,-3.22516E-05,0.0101542,0.018364127,0.014425496,-0.03728462,-0.008359042,0.00259804,-0.034633174,-0.001352488,-0.000959058,-0.017175501,-0.000855186,0.016866436,0.015589823,0.001213714,0.028934624,-0.041130707,0.044870391,-7.15747E-05,5.15505E-06,7.6375E-05,-0.033834501,-0.027411192,-0.040752848
0.68,-0.014233213,-0.040617567,0.046521736,-0.009768284,0.003084269,-0.016712998,-0.041280573,0.010422967,-0.053178845,-0.045671839,0.011645808,0.018270825,-0.008962617,-0.006281496,0.013715555,-0.000970273,-2.00599E-06,0.050528956,0.004966911,0.027807454,0.004829638,0.016421231,0.001369708,-0.059184566,-0.001351738,-0.000962062,-0.045053309,-0.000863445,0.034169903,0.043192973,-0.046027497,0.071636346,-0.037377044,-0.002523408,-1.4461E-06,5.15505E-06,3.8582E-05,-0.048879667,-0.017737119,-0.021862467
0.69,-0.009197813,0.006829637,0.017179085,0.016064846,0.012670604,-0.004505967,-0.002584284,0.018929742,0.010549487,-0.002151865,0.019031062,0.050181721,0.013162627,-0.00988257,0.022153665,-0.047540097,-9.5674E-06,0.013816309,-0.041297738,0.031454305,0.030403368,-0.013241855,-0.010867841,-0.034633174,-0.001350987,-0.000962813,-0.027307337,-0.000852182,0.050237408,-1.9918E-05,-0.036322907,0.032589104,0.029029206,-0.011465058,4.2387E-06,1.36084E-06,-1.09609E-06,-0.041357084,0.047555239,0.006396811
0.7,-0.002880674,0.016564745,-0.048189568,0.01235696,0.037824717,-0.017933701,0.043680364,0.015282891,-0.006288586,0.018399817,0.030116573,0.024407719,0.014383331,0.015263914,0.018537332,-0.035607724,1.12272E-05,-0.019234228,-0.004768197,0.005895833,0.045662157,0.010317716,-0.001079328,-0.012538448,-0.001347987,-0.000969572,0.009420568,-0.000839418,0.01933836,-0.03603066,0.009697601,-0.03451905,0.055335358,0.041025176,3.07739E-05,4.3099E-05,1.59099E-05,-0.006250425,0.057229311,0.014483969
0.71,0.005969423,-0.032103163,-0.04551928,0.013592922,0.022253123,-0.004505967,0.058756048,0.020142815,-0.02552229,-0.008196253,0.012874141,-0.003821994,-0.02983664,0.010503172,-0.022417258,0.032507511,-3.41422E-05,0.022391749,-0.0059889,-0.006273051,0.034187548,0.047427091,-0.010867841,-0.034633174,-0.001350237,-0.000969572,0.022100622,-0.000847677,-0.007852802,-0.001225362,0.008476898,-0.044284675,0.006476715,0.006479278,0.000129332,0.000124679,5.74767E-05,-0.013773008,0.008874209,0.011767904
0.72,0.03120746,-0.063734633,-0.004152703,0.005002224,-0.022069844,-0.030140732,0.031229193,0.02864959,0.00333208,-0.0154499,0.011645808,-0.008730556,-0.02983664,-0.023005129,-0.018800925,0.013403507,-4.9265E-05,0.054191065,-0.052284066,0.004682759,-0.011771925,0.00030795,0.006260149,-0.021129146,-0.001355488,-0.000966568,0.003088171,-0.000861943,-0.004160175,0.033595194,0.012077972,-0.063800666,0.003974274,-0.011465058,0.000161552,5.82777E-05,2.72459E-05,-0.02004437,0.023370058,0.009082357
0.73,0.024890322,-0.029669386,0.002515388,-0.039278782,-0.014884862,-0.069172715,-0.002584284,-0.019942024,0.00333208,-0.000942606,0.033809199,-0.039414073,0.006998077,-0.017084719,0.01251011,-0.015313534,1.87886E-05,0.033378077,-0.034004037,0.005895833,-0.020683057,-0.024350253,0.047855608,0.010792241,-0.001351738,-0.000968821,-0.005777186,-0.000852933,0.01190733,0.017985453,0.03264682,-0.074786994,0.001471833,0.039743438,0.000104691,-3.08909E-05,-3.51043E-05,0.018827395,0.062066348,-0.008404215
0.74,-0.002880674,0.011697191,0.009183479,-0.024523533,0.021055308,-0.021626328,0.02244013,-0.019942024,-0.007486401,-0.004570383,0.022731319,-0.066415454,0.002115264,0.016484617,0.007703592,0.043219181,-3.79234E-05,0.001578761,-0.019386117,-0.013574382,-0.015617139,0.016421231,-0.003528364,-0.006404414,-0.001358489,-0.000971825,0.037298376,-0.000837917,0.020559063,0.00718223,0.008476898,-0.049159858,-0.017326996,-0.001241669,3.45644E-05,-2.43337E-06,2.91346E-05,0.045156435,0.004021914,-0.025921305
0.75,0.017321962,0.031159777,0.014508796,0.034512722,0.035429088,0.01255336,0.03617304,0.001923821,-0.013498364,-0.017868418,-0.037594304,-0.021004344,-0.012655244,-0.006281496,-0.035677145,0.058752628,-0.000107867,-0.015541601,-0.038886849,0.009550313,0.022712939,-0.010800448,-0.041446455,-0.012538448,-0.00136599,-0.000968821,0.032232458,-0.000846927,0.023030987,-0.001225362,0.003594085,-0.032077644,0.015265778,-0.039632783,4.59377E-05,-6.22758E-06,0.000104713,0.016317324,-0.028616636,-0.043438395
0.76,0.03877582,0.025079149,-0.005495476,0.019757473,0.017459956,0.014964248,0.001199896,-0.030874946,-0.017107068,-0.021494287,-0.04620789,-0.005049373,-0.027395234,-0.024286867,-0.057359885,0.033697696,-6.06076E-05,0.002799464,-0.026679818,0.032682637,0.047004931,-0.087582675,0.008709185,-0.010081782,-0.001351738,-0.000965817,-0.024789637,-0.000861192,0.015630475,-0.026432882,0.001213714,-0.027194831,0.011512116,0.012857452,9.52159E-05,-1.5714E-05,4.04744E-05,-0.010011717,0.034249575,-0.012463053
0.77,0.021106142,0.00074901,-0.002840447,-0.03804282,-0.00889388,0.04304042,0.016214544,0.007996819,-0.024316846,-0.004570383,0.016566768,-0.02591386,-0.01018332,0.015263914,-0.010362814,0.037268253,-2.46902E-05,0.032157374,-0.013313119,-0.016008159,-0.004081495,-0.044247714,0.001369708,-0.044459834,-0.001341986,-0.000962813,0.017034704,-0.000853684,-0.010324726,-0.016835104,-0.030280426,-0.014995429,-0.018578216,0.011575713,8.57387E-05,6.01739E-05,-5.02215E-05,0.003778414,0.034249575,0.027942221
0.78,0.013537783,0.022645372,0.022519661,-0.040514744,-0.007696065,0.016215469,0.068765814,0.032296441,-0.035142956,0.024442297,0.039966121,0.008451794,0.052499786,0.014104246,-0.010362814,0.044470401,2.06792E-05,0.013816309,-0.03156263,-0.022096416,-0.018180616,0.015200528,-0.025539167,-0.048137202,-0.001350237,-0.00095305,0.081655676,-0.000846176,-0.012796649,-0.004811178,-0.029059723,-0.013774726,-0.001030609,-0.048574433,1.75063E-05,8.86332E-05,-4.07742E-05,-0.004999204,-0.005652158,-0.007061441
0.79,0.008471865,0.037248033,0.005170418,0.009915554,0.004283992,-0.025288437,0.062479193,-0.028448798,-0.020715771,0.025651556,0.019031062,0.012133931,0.057413116,-0.002680422,-0.063371848,0.037268253,9.44036E-05,-0.019234228,-0.025459115,0.018072347,-0.006644971,-0.036801425,0.019726031,-0.011317744,-0.001362239,-0.000957556,0.036031896,-0.00084993,0.01933836,-0.012013326,-0.025458649,-0.040614936,0.011512116,-0.023000703,-2.41909E-05,-2.14044E-05,2.91346E-05,-0.002489134,-0.002020567,-0.019207438
0.8,0.000934023,0.001962084,-0.044191765,0.025906765,0.00068864,-0.00697789,0.03617304,-0.024801948,-0.018312512,0.01718865,-0.003124699,-0.02591386,0.009470001,0.003301024,-0.053743552,0.001410098,6.03768E-05,-0.021675634,0.014702018,0.01563857,-0.016837843,-0.038022128,0.024616473,0.007099614,-0.00136449,-0.000966568,-0.018457239,-0.000844674,0.016866436,-1.9918E-05,-0.016974762,-0.035739753,-0.007286712,0.002634063,4.7832E-05,-1.3816E-05,0.000104713,0.018827395,-0.010489194,0.011767904
0.81,-0.02183209,0.005616564,-0.033510613,-0.001162327,-0.004100713,-0.00697789,0.016214544,0.01164367,-0.011095105,0.009936911,-0.01420258,-0.030823375,0.015604034,-0.000300051,-0.04771633,-0.017724423,-2.00599E-06,-0.013100195,0.043937858,0.018072347,0.004829638,-0.002133456,-0.016978986,-0.005168452,-0.001350987,-0.000953801,-0.028589075,-0.000841671,-0.01404787,-1.9918E-05,-0.007270172,0.014286187,-0.033592865,-0.054983124,8.76349E-05,0.000126575,0.000144391,0.00754352,-0.006857603,0.010425131
0.82,-0.033184629,0.005616564,0.003842903,-0.009768284,-0.001705083,-0.004505967,-0.003804987,0.023789666,0.040609302,-0.01182403,-0.01420258,-0.028368618,0.015604034,0.018864988,-0.035677145,-0.000970273,4.71436E-05,-0.000862646,0.04756945,0.02659438,-0.009208448,-0.036801425,-0.012080915,-0.016215816,-0.001346487,-0.000950046,-0.048852747,-0.000846927,-0.005380878,0.001185526,-0.030280426,0.031368401,-0.016075775,-0.0268154,-3.93546E-05,2.03337E-05,1.59099E-05,-0.002489134,0.031838686,0.013141195
0.83,0.000934023,-0.015066725,0.01585157,-0.001162327,-0.010091695,0.01859584,-0.006307429,0.009209893,0.04541582,-0.002151865,-0.022816167,0.001087521,-0.027395234,-0.005121828,0.014936258,0.006231876,9.62942E-05,0.006461573,-0.016944711,-0.024530192,-0.042411573,-0.062802401,0.019726031,0.018146977,-0.001350987,-0.000959809,-0.069131678,-0.000847677,0.009435406,-1.9918E-05,-0.02783902,0.011844781,0.022773102,0.02182962,-0.0001019,-8.78058E-05,-8.99033E-05,-0.007501646,0.049981387,0.007739584
0.84,0.005969423,0.018998522,0.014508796,0.017300808,-0.026863011,0.00889125,-0.002584284,-0.047880866,0.004537525,0.023234945,-0.038822636,0.008451794,-0.002798066,-0.048212648,0.014936258,0.01575336,5.65956E-05,0.013816309,-0.049812142,-0.064691325,-0.019401319,-0.041806308,0.020939104,0.019382939,-0.001349487,-0.00095305,-0.050119227,-0.000851432,0.003270855,-0.028828512,0.024223968,-0.019878242,0.002723053,-0.012746796,-3.17718E-05,3.17164E-05,3.29158E-05,-0.006250425,0.05359772,-0.007061441
0.85,-0.019299131,0.027512926,0.001172615,0.030835354,-0.017280492,-0.000874375,0.018716986,-0.033308723,0.010549487,0.015981299,-0.03020905,-0.070097591,0.011941924,-0.00384009,0.005292703,0.038458438,1.50074E-05,0.006461573,0.029319938,-0.018449565,0.011238329,-0.029355136,-0.015758283,-0.029719844,-0.001348737,-0.000956054,-0.004510706,-0.000855936,-0.00043703,-0.044438253,0.025444671,-0.025981757,-0.022331878,-0.019155488,2.69853E-05,-2.33024E-05,0.000116049,0.002527193,0.031838686,-0.005749186
0.86,-0.023083311,-0.001684767,-0.000170159,0.013592922,0.009075251,0.006449844,0.0124914,0.027436517,0.035795154,-0.008196253,-0.011738286,-0.077461864,-0.031087861,0.032048582,0.039014627,0.027685733,3.66483E-06,-0.026558447,0.025657829,0.002248982,0.009956591,-0.056576816,-0.019428022,-0.003947749,-0.001349487,-0.00096807,0.008169348,-0.000855936,-0.006632099,-0.027623067,-0.016974762,0.006961968,-0.008537933,-0.023000703,1.18197E-05,-0.000137134,3.8582E-05,-0.016279264,-0.032263486,-0.008404215
0.87,-0.007946592,0.012910265,0.010510994,-0.011004246,0.011472789,-0.00697789,-0.041280573,0.007996819,0.020170154,-0.013031382,-0.011738286,0.015816067,0.002115264,0.012883543,0.031781961,-0.014123349,-4.54839E-05,-0.016762304,-0.021827523,-0.014795085,-0.006644971,-0.061459628,-0.013316877,0.030415044,-0.001350987,-0.000958307,0.003088171,-0.000861192,-0.021448383,0.001185526,-0.015754059,0.008190301,0.016516999,-0.024282441,-4.50413E-05,-2.89928E-05,-3.88854E-05,-0.027563139,-0.051596372,-0.008404215
0.88,0.004687685,0.005616564,0.017179085,-0.012240208,-0.0184764,-0.050862168,-0.021322077,-0.006575324,-0.013498364,0.022025686,0.007953181,0.028089856,0.029153838,0.015263914,0.005292703,-0.020074277,-7.19502E-05,0.028495264,0.028099235,0.008337239,-0.016837843,-0.010800448,-0.032878645,-0.012538448,-0.001350237,-0.000953801,0.015752966,-0.000859691,-0.043710956,-0.004811178,-0.012152985,-0.005237434,0.022773102,0.010293975,-8.29461E-05,1.08473E-05,-3.69967E-05,-0.007501646,0.022164614,-0.013805826
0.89,-0.012981993,-0.041830641,0.011853767,0.01235696,-0.037643346,-0.039906357,0.041177923,0.012856744,0.004537525,0.038951498,0.015338435,-0.000139858,-0.016347871,0.022466063,0.024564554,-0.010552792,-2.65808E-05,0.026023341,0.036613639,0.01198409,-0.013053663,0.010317716,-0.002300031,-0.027263179,-0.001352488,-0.000958307,0.001821691,-0.000852933,-0.027643451,-0.034825216,-0.002448395,0.009411004,-0.001030609,0.02182962,-0.000113274,-6.50406E-05,-1.8102E-05,0.001272158,0.056023867,-0.017834147
0.9,-0.000347715,-0.027235609,-0.01350634,0.01235696,-0.00889388,0.019847061,0.011209661,0.003136895,0.020170154,0.006311041,-0.028980718,0.009679173,-0.004049287,-0.008661867,0.037809183,-0.015313534,-3.89658E-06,0.011374903,0.003746207,0.001028279,-0.020683057,-0.002133456,0.030727618,-0.014979854,-0.001360739,-0.000958307,-0.008310145,-0.000853684,0.020559063,-0.008427511,0.031487152,-0.005237434,-0.012322113,0.035898223,-5.45166E-05,1.65395E-05,-2.18795E-05,-0.007501646,-0.015326231,-0.009777506
0.91,0.047625917,0.023858446,-0.02951281,-0.015917576,0.004283992,0.030833389,-0.033834284,-0.002936103,0.002134265,-0.022703546,-0.026516423,-0.018549587,0.013162627,-0.015864016,0.020948221,0.000219913,-6.43878E-05,0.008933497,-0.021827523,0.005895833,-0.03728462,-0.007138339,0.022175066,-0.023585811,-0.001357739,-0.000964315,0.008169348,-0.000858189,0.002019635,0.015589823,0.013298675,-0.047939155,-0.008537933,0.037179961,8.00521E-05,0.00010381,-1.99908E-05,0.022584871,-0.0419223,-0.005749186
0.92,0.03499164,0.057923693,-0.036180901,-0.015917576,-0.00889388,0.001536514,-0.007589167,0.010422967,0.002134265,-0.01182403,0.016566768,-0.017322208,-0.011404023,0.004521727,0.026975442,0.02533588,-0.000145675,-0.020454931,-0.052284066,-0.02695634,-0.011771925,-0.014462558,0.000149004,0.000965581,-0.001350987,-0.000957556,-0.004510706,-0.000860441,-0.028864154,-0.022831808,-0.006110504,-0.041835639,0.011512116,-0.011465058,8.57387E-05,-6.31426E-05,-6.15613E-05,0.046411471,0.047555239,-0.005749186
0.93,-0.020550352,0.083474535,-0.021501946,0.009915554,-0.005298528,-0.041096543,0.014993841,0.000703118,-0.033937512,0.012353521,0.017810359,0.008451794,-0.00526999,-0.012262941,0.033002664,0.004980655,-0.000105976,-0.035133886,-0.025459115,-0.022096416,0.031624072,-0.010800448,-0.042667158,0.030415044,-0.001346487,-0.00094554,0.022100622,-0.000855186,-0.007852802,-0.019230733,0.012077972,-0.006458137,0.021521881,-0.042196259,-3.3668E-05,-0.000131442,-3.88854E-05,0.016317324,0.068108828,0.026599447
0.94,-0.019299131,0.025079149,-0.001497673,0.006238186,-0.024467382,-0.055775498,-0.006307429,-0.019942024,-0.056779919,0.043786627,0.003032222,-0.022231723,-0.008962617,-0.011042238,0.016126443,-0.03200665,-3.89658E-06,-0.000862646,0.015922721,0.030241231,0.016365282,-0.004696933,-0.0475576,0.004658208,-0.001354738,-0.000963564,0.071508581,-0.000848428,-0.026392231,0.004786601,-0.008490875,-0.010112617,-0.009819671,-0.042196259,-4.69338E-05,7.15565E-05,7.07052E-05,0.015066103,-0.020163267,0.054858725
0.95,0.017321962,-0.058867079,-0.021501946,-0.020830906,-0.00889388,-0.000874375,-0.005086725,-0.004149177,0.00333208,0.054664236,0.004260554,-0.009957935,-0.012655244,0.020085691,0.025769998,-0.005731015,5.28145E-05,0.028495264,0.002525504,0.024160604,-0.016837843,0.011416349,0.011158221,-0.026027217,-0.00136374,-0.000971074,0.038564855,-0.000858189,-0.026392231,-0.007222066,-0.044867829,-0.016216132,-0.016075775,-0.039632783,-2.41909E-05,7.15565E-05,2.34685E-05,0.018827395,0.010064394,0.013141195
0.96,0.028674501,-0.032103163,-0.021501946,-0.013445652,0.034231273,0.030833389,0.029947454,0.009209893,0.014150562,0.005099875,-0.000660405,0.024407719,-0.006490693,0.021245359,0.034208108,-0.002190976,7.54996E-05,0.029715968,-0.024268929,-0.016008159,-0.018180616,0.036318692,0.030727618,-0.005168452,-0.001347987,-0.000950797,-0.000711268,-0.000867199,0.029226056,0.013178935,-0.052069977,0.002086785,0.005225495,-0.008901582,-3.3668E-05,-0.000102985,-8.99033E-05,-0.010011717,0.070534975,-0.021862467
0.97,0.011004824,0.004395861,-0.000170159,-0.006075657,-0.00649825,-0.004505967,-0.017598932,-0.011435249,-0.026720105,-0.019075769,-0.006817326,0.003542279,-0.03474997,0.022466063,0.008909036,-0.024835019,3.39114E-05,0.035819483,-0.012092416,-0.008714458,-0.020683057,0.02386752,-0.010867841,0.016911015,-0.001337485,-0.000943286,0.00562113,-0.000860441,0.000798932,0.022791972,-0.035163239,0.01550689,-0.012322113,0.044870391,9.33216E-05,-5.55541E-05,-5.02215E-05,0.011304812,0.000390322,0.017169516
0.98,-0.000347715,-0.012632948,-0.001497673,-0.024523533,-0.026863011,-0.032582139,-0.067586725,-0.012648322,-0.020715771,0.019607168,0.011645808,-0.005049373,-0.03474997,0.012883543,0.007703592,-0.003350644,1.77518E-06,0.016257716,0.006187614,0.027807454,-0.014335401,-0.007138339,-0.008418806,-0.013774409,-0.001350987,-0.000952299,-0.008310145,-0.000850681,-0.047403583,-0.019230733,-0.001227692,-0.000354621,-0.022331878,0.056375518,0.000117961,4.12028E-05,-8.6547E-06,0.062711672,-0.010489194,0.030627768
0.99,-0.002880674,0.016564745,0.006497932,-0.007311619,0.004283992,-0.005757187,0.006204778,-0.005362251,0.005742969,0.01718865,0.039966121,-0.013640071,-0.00035666,-0.01946509,0.006482889,-0.034417538,6.98288E-05,-0.02777915,-0.0059889,0.008337239,0.017585986,-0.004696933,0.013599627,-0.050578609,-0.001359989,-0.000956054,-0.039987391,-0.000853684,-0.007852802,-0.039631734,0.003594085,-0.017436836,-0.001030609,0.011575713,-5.83071E-05,-8.12375E-06,-7.47861E-05,0.027605013,0.033044131,-0.016491373
1,-0.023083311,0.03602733,-0.032183098,0.03819009,-0.012487325,0.017405654,0.028726751,-0.024801948,0.017759265,-0.002151865,0.022731319,-0.019776966,0.00455667,-0.008661867,-0.015199851,-0.071496396,9.44036E-05,-0.026558447,-0.03156263,0.003462056,0.0214312,-0.000912753,-0.018207319,-0.018657222,-0.001356989,-0.000956054,-0.033654993,-0.000861943,0.026754132,-0.013218771,0.001213714,-0.000354621,0.021521881,4.00689E-05,-0.000117064,-3.65831E-05,-7.10049E-05,-0.007501646,0.00281647,-0.025921305
1.01,-0.025585753,-0.027235609,-0.073534416,0.032071316,0.001886454,-0.013081406,-0.021322077,-0.024801948,0.01896471,0.032905203,-0.020351872,-0.003821994,-0.006490693,0.012883543,-0.020006369,-0.057122616,5.28145E-05,-0.008186864,-0.037666146,0.059454183,-0.019401319,-0.002133456,-0.010867841,0.014469609,-0.001352488,-0.000955303,0.00562113,-0.000863445,0.006963482,-1.9918E-05,-0.003669098,0.000866082,0.034064606,0.01413919,-5.45166E-05,6.77623E-05,2.53572E-05,0.047666506,0.001611025,0.005054037
1.02,-0.001598936,-0.051565748,-0.024172234,-0.001162327,0.025846568,-0.031330918,-8.18426E-05,-0.002936103,0.015356006,0.024442297,-0.004353032,0.017043446,0.000864043,-0.001520754,-0.023622702,-0.036828427,2.82396E-05,-0.008186864,0.004966911,0.038770894,-0.055167921,0.010317716,0.02338814,0.003422246,-0.001354738,-0.000959809,0.013220007,-0.000863445,-0.009104023,-0.042027364,-0.014533356,0.002086785,0.01398404,-0.014028535,4.2387E-06,0.000155035,6.46253E-06,0.028856234,0.034249575,-0.048809488
1.03,-0.000347715,-0.022368055,-0.006838249,-0.009768284,-0.0184764,0.002787735,0.027445013,0.017716668,0.008146228,-0.021494287,0.026423946,0.04036269,0.010690704,-0.017084719,-0.022417258,-0.002190976,5.65956E-05,0.016257716,0.002525504,-0.025743266,-0.029655225,-0.010800448,0.000149004,0.019382939,-0.001354738,-0.000965066,-0.004510706,-0.000865697,0.009435406,-0.045643697,-0.003669098,0.030155327,-0.008537933,-0.028097138,3.64606E-05,5.44816E-05,-6.91162E-05,-0.036340757,0.029412539,-0.090557535
1.04,0.005969423,0.005616564,-0.022844719,0.001309597,-0.034049901,0.019847061,0.009988958,0.034722588,-0.00988966,0.009936911,-0.017902837,0.02318034,0.015604034,-0.014643312,-0.006746481,-0.008141903,0.000130321,0.028495264,-0.057136361,-0.035478374,0.023994677,0.002871427,-0.021869428,0.027973637,-0.001348737,-0.000957556,-0.018457239,-0.000855936,0.024282208,0.009593119,-6.98876E-06,0.037471917,-0.007286712,-0.012746796,-1.4461E-06,-6.88348E-05,-5.21102E-05,0.012556032,0.022164614,-0.003033121
1.05,0.016040224,0.028726,-0.024172234,0.029599392,-0.0184764,-0.005757187,0.003702337,0.007996819,-0.027925549,0.049829107,-0.051136479,-0.006276752,0.037759795,-0.008661867,-0.024843405,-0.048791318,3.5802E-05,0.006461573,-0.063239877,-0.036706706,0.035469286,0.036318692,-0.027980573,0.007099614,-0.001351738,-0.000957556,-0.034921473,-0.000845425,0.004491559,0.002390971,0.024223968,0.022831109,-0.029839203,0.015420928,-3.3668E-05,1.84357E-05,-4.83328E-05,0.060205416,0.020943911,0.038714926
1.06,0.007220644,0.003182787,-0.032183098,0.016064846,-0.010091695,0.004008438,-0.007589167,-0.024801948,-0.035142956,0.042577368,-0.017902837,-0.029595996,0.021768585,-0.025446535,-0.032060812,-0.036828427,-0.000117319,-0.005775976,-0.018165414,-0.019662639,-0.00792671,-0.028134433,-0.025539167,0.016911015,-0.001356238,-0.000967319,-0.024789637,-0.000857438,-0.004160175,0.002390971,0.04235141,0.008190301,-0.044914886,0.020547881,-1.85061E-05,9.24274E-05,7.92634E-07,0.023843722,0.010064394,0.009082357
1.07,0.029925722,-0.013853651,0.011853767,-0.019594944,0.023450938,0.02350917,-0.035054987,-0.007796027,-0.019510327,0.013564688,-0.011738286,-0.021004344,-0.016347871,-0.03142798,-0.001939963,0.000219913,-7.38398E-05,0.007682276,0.009849723,-0.000184794,-0.038566358,-0.061459628,-0.010867841,0.007099614,-0.001356238,-0.000967319,0.009420568,-0.000861943,0.023030987,0.05520164,-0.020575836,0.030155327,-0.00353305,-0.011465058,-9.02892E-06,-3.84793E-05,7.826E-05,0.006288485,0.001611025,0.019855062
1.08,0.045092958,0.010476488,0.019849373,0.016064846,0.036626902,0.006449844,-0.02254278,0.014069817,0.014150562,0.003892523,-0.033901677,0.017043446,0.003335967,-0.014643312,0.00167637,0.013403507,4.90342E-05,0.008933497,0.013481315,-0.013574382,-0.005363233,-0.020688144,-0.016978986,-0.029719844,-0.00136674,-0.000962813,0.008169348,-0.000851432,0.015630475,0.026393046,-0.042426422,0.052112725,0.016516999,-0.020437226,9.92535E-06,-5.74503E-05,1.77986E-05,0.011304812,-0.004431455,-0.000317057
1.09,0.007220644,0.022645372,-0.012163567,0.03327676,0.018657771,0.013743545,-0.005086725,0.000703118,0.014150562,0.038951498,-0.016659245,0.003542279,0.006998077,-0.012262941,0.005292703,0.014563175,7.54996E-05,-0.013100195,0.026878532,-0.013574382,-0.005363233,0.017764005,-0.023090131,-0.007640376,-0.001370491,-0.000962813,-0.008310145,-0.000850681,-0.035059223,-0.010823141,0.021782562,-0.008891914,0.011512116,-0.020437226,-7.13275E-06,8.67352E-05,1.40174E-05,0.00754352,-0.003226011,-0.013805826
1.1,-0.015484434,0.017777819,0.023847175,-0.008532322,0.013868419,0.041789199,-0.035054987,-0.012648322,-0.003885327,0.041368109,0.004260554,0.008451794,-0.018789277,-0.00988257,0.016126443,0.010992618,-5.49358E-05,-0.00333457,8.40981E-05,-0.035478374,-0.020683057,0.048525724,-0.023090131,0.035343633,-0.00136449,-0.000967319,0.000555212,-0.00085894,-0.02022768,0.02999412,0.048454925,-0.055263374,0.011512116,-0.029378876,-1.28194E-05,8.48371E-05,0.000104713,0.023843722,0.006448061,0.005054037
1.11,0.013537783,-0.00290547,0.03185804,-0.019594944,-0.010091695,0.032023574,-0.045064753,0.004349969,0.011747302,0.012353521,0.009181514,0.032999371,-0.00035666,-0.026606203,0.007703592,0.000219913,-7.38398E-05,0.029715968,-0.042548959,-0.024530192,0.018867724,0.015200528,-0.045108564,0.007099614,-0.00136599,-0.000969572,-0.014642542,-0.000862694,0.034169903,0.050395121,0.026665375,-0.017436836,-0.018578216,-0.044759736,8.19483E-05,-4.03773E-05,3.10271E-05,0.010049776,0.006448061,-0.019207438
1.12,0.04002704,-0.027235609,-0.033510613,-0.007311619,-0.046029958,-0.008229111,-0.020040339,-0.001723029,0.022573413,0.013564688,0.011645808,-0.008730556,0.029153838,-0.014643312,0.033002664,-0.016473202,3.20208E-05,0.0101542,-0.03156263,0.030241231,0.023994677,-0.020688144,-0.038997419,-0.035853877,-0.001362239,-0.000961311,-0.024789637,-0.000867199,0.016866436,0.033595194,-0.007270172,0.020389702,-0.02483432,-0.033224091,9.52159E-05,-4.98638E-05,-2.18795E-05,-0.03007321,-0.008078306,0.003680746
1.13,0.013537783,-0.044264418,-0.070864128,7.36352E-05,-0.028060826,-0.019184922,-0.003804987,-0.030874946,0.010549487,0.014772039,-0.000660405,-0.01486745,0.014383331,0.022466063,0.04263096,-0.042779355,-4.73754E-05,-0.051033544,-0.024268929,-0.011132976,0.026558154,-0.038022128,0.014827959,-0.039531245,-0.001351738,-0.000950797,0.023367101,-0.000869451,0.021810284,0.011988749,-0.023017243,0.03869262,0.012732819,0.029489532,-5.45166E-05,2.79222E-05,1.40174E-05,-0.001234098,-0.027411192,0.072375814
1.14,-0.002880674,-0.029669386,-0.046846794,0.013592922,-0.001705083,0.021067764,-0.002584284,-0.017508247,-0.001474438,-0.013031382,-0.025288091,0.015816067,0.002115264,-0.011042238,-0.009172629,-0.038018612,-7.95116E-05,-0.052254247,-0.010871712,-0.058610698,0.039314501,-0.033017245,0.009937518,-0.028499141,-0.001347237,-0.000956054,0.029699499,-0.000864196,0.061361065,-0.009617696,-0.001227692,0.027706292,0.005225495,0.02182962,-8.29461E-05,-1.76102E-05,-5.40027E-05,0.011304812,-0.026205747,0.048144857
1.15,0.005969423,0.001962084,-0.010836052,0.013592922,-0.013687047,0.030833389,-0.018819636,0.000703118,-0.020715771,-0.032375711,-0.015430913,-0.005049373,0.035287872,-0.018244387,-0.011583518,-0.004540829,3.01312E-05,-0.006966161,0.013481315,-0.025743266,-0.021964796,0.005312833,-0.0267675,-0.014979854,-0.001346487,-0.000959809,-0.005777186,-0.000860441,0.037877789,-0.010823141,-0.008490875,-0.01133332,-0.022331878,-0.017843232,8.00521E-05,-2.52005E-05,-8.6547E-06,-0.042612119,-0.012900083,0.007739584
1.16,-0.007946592,0.042107958,0.001172615,-0.015917576,0.00068864,-0.010609482,-0.018819636,0.016503594,-0.026720105,-0.009405512,0.025195613,-0.016094829,0.019296661,0.028447508,0.013715555,-0.005731015,9.44036E-05,-0.010658788,0.001304801,-0.023309489,-0.043693311,-0.035458651,0.018497698,-0.008845821,-0.001350237,-0.000954552,0.013220007,-0.000856687,0.044057599,-0.001225362,-0.006110504,-0.000354621,0.007727936,0.024393096,7.43673E-05,8.86332E-05,4.04744E-05,-0.03258328,-0.026205747,0.009082357
1.17,-0.002880674,0.042107958,0.01585157,-0.007311619,0.027044383,-0.014271592,0.024942571,0.026223443,-0.014703808,0.022025686,0.021502986,0.015816067,-0.012655244,0.021245359,-0.035677145,-0.009301571,0.000101965,-0.02777915,0.001304801,-0.064691325,0.009956591,-0.04668912,0.044193499,-0.008845821,-0.001353238,-0.000962813,0.02590006,-0.000851432,0.050237408,0.004786601,0.021782562,0.048450616,0.007727936,0.025674835,-0.000117064,4.3099E-05,-9.55695E-05,0.00754352,-0.026205747,-0.011120279
1.18,0.016040224,-0.027235609,0.029187752,0.049267971,-0.002902898,0.010111953,0.03995722,-0.001723029,-0.017107068,0.025651556,-0.010509953,0.024407719,0.029153838,-0.001520754,-0.076631735,0.016943546,3.5802E-05,-0.00333457,0.014702018,-0.047654887,0.020149462,0.020205411,0.000149004,-0.017451778,-0.001347237,-0.000965066,0.009420568,-0.000858189,-0.01404787,0.02520286,-0.008490875,0.024051812,-0.049889251,-0.016561494,-0.000137913,-6.22758E-06,-0.000112575,-0.004999204,-0.002020567,0.001025717
1.19,0.023639101,-0.041830641,-0.026857781,0.023434841,-0.053216848,-0.008229111,-0.002584284,-0.005362251,-0.013498364,0.025651556,-0.01420258,-0.01486745,0.024209991,-0.007441164,-0.026033591,0.024115177,-2.0909E-05,0.024802637,0.004966911,0.01563857,0.006111376,-0.010800448,-0.003528364,-0.010081782,-0.001344236,-0.000952299,0.000555212,-0.00086795,-0.023920307,0.034800639,-0.026679352,-0.002796027,-0.057396576,-0.007619843,-1.85061E-05,6.20719E-05,-2.18795E-05,0.012556032,0.006448061,0.0239139
1.2,0.03499164,-0.023588759,-0.073534416,-0.040514744,-0.030458364,-0.022816514,-0.00880987,0.007996819,-0.013498364,0.019607168,0.000567928,-0.024686481,-0.039693818,-0.017084719,0.04023533,0.018164249,-2.28006E-05,0.032157374,-0.02060682,0.003462056,-0.005363233,-0.054013339,0.00259804,0.002201543,-0.001350237,-0.000958307,-0.018457239,-0.000865697,0.005742779,0.032405009,0.002434417,0.039913323,-0.02483432,-0.016561494,4.50078E-07,1.27453E-05,4.9918E-05,0.00754352,0.013695986,0.019855062
1.21,0.002154726,-0.033316237,-0.002840447,-0.036822117,0.004283992,-0.016712998,0.021219427,0.000703118,-0.044755993,-0.006986994,-0.001896367,0.028089856,-0.038442597,0.020085691,0.034208108,0.000219913,1.77518E-06,0.00524087,-0.044959847,-0.035478374,-0.038566358,-0.014462558,-0.018207319,-0.019893184,-0.001361489,-0.00096807,-0.007043665,-0.000866448,0.010686627,0.049204936,0.014519378,0.047229912,0.008979157,-0.046041474,-2.41909E-05,-8.59097E-05,9.90472E-05,-0.073957487,0.020943911,0.037372152
1.22,-0.035717588,0.003182787,0.017179085,-0.030672825,-0.019674214,0.004008438,0.014993841,0.010422967,-0.061594067,-0.028747934,-0.024044499,0.026862477,0.018075958,0.022466063,0.00167637,-0.016473202,3.20208E-05,-0.02411704,-0.049812142,-0.019662639,-0.051383741,-0.016903964,-0.009639509,-0.014979854,-0.001361489,-0.00096056,0.015752966,-0.000866448,0.005742779,0.026393046,0.006035492,0.020389702,0.035315827,-0.019155488,-1.09232E-05,-7.83213E-05,-2.98481E-06,-0.055147215,0.017327578,0.017169516
1.23,-0.015484434,0.020211595,-0.032183098,-0.028200901,-0.012487325,0.041789199,0.019937689,0.026223443,-0.032739697,-0.028747934,-0.016659245,-0.029595996,0.025461211,-0.044611574,-0.005556296,0.013403507,3.66483E-06,0.001578761,-0.025459115,-0.024530192,-0.019401319,-0.038022128,-0.001079328,0.02428101,-0.001354738,-0.000963564,-0.000711268,-0.000855936,-0.012796649,-0.024037252,0.018181488,-0.000354621,-0.004784271,0.024393096,-1.85061E-05,-3.65831E-05,-9.74582E-05,0.018827395,-0.020163267,-0.013805826
1.24,-0.016766172,0.011697191,-0.008165764,0.011151516,0.017459956,0.033274795,0.023721868,-0.009009101,-0.005083142,-0.002151865,0.012874141,-0.023459102,-0.043355927,-0.020685793,-0.028444479,0.018164249,-5.49358E-05,-0.009438085,0.015922721,-0.044008037,0.000984423,-0.000912753,-0.00596977,0.010792241,-0.001357739,-0.000969572,-0.022256678,-0.000865697,-0.017740497,-0.007222066,0.027825042,0.014286187,-0.05242221,0.007730499,-6.02032E-05,-5.37195E-07,-2.56607E-05,0.002527193,-0.037100523,0.018512289
1.25,-0.048321348,0.048196215,0.021176887,0.023434841,0.017459956,0.021067764,-0.011312311,-0.045454719,-0.014703808,0.003892523,0.031344905,-0.008730556,-0.080251679,0.047612547,-0.028444479,-0.010552792,-6.62784E-05,-0.058388281,0.029319938,-0.035478374,0.002266161,-0.002133456,-0.023090131,-0.013774409,-0.001353988,-0.000956054,-0.001977747,-0.000873205,-0.007852802,0.005976786,0.008476898,0.043567803,0.000220612,-0.044759736,-2.60852E-05,3.36144E-05,-1.09609E-06,2.09372E-05,-0.012900083,0.022571127
1.26,-0.015484434,0.031159777,0.019849373,0.013592922,0.009075251,0.051554824,-0.010091608,-0.015082099,-0.008684216,-0.034792322,0.032580867,-0.034505512,-0.027395234,0.01166284,0.000470926,-0.003350644,-2.28006E-05,-0.026558447,0.006187614,-0.008714458,0.023994677,-0.052914706,-0.031657941,-0.002711787,-0.001339735,-0.000948544,0.024633581,-0.000852933,0.013158551,-0.037236104,0.004875824,-0.004016731,0.046576813,-0.048574433,6.2994E-05,-3.2787E-05,-5.77801E-05,0.010049776,-0.012900083,-0.028637369
1.27,0.02238788,-0.023588759,0.014508796,0.036984646,-0.014884862,0.049082901,0.00492304,-0.010222175,0.005742969,-0.028747934,0.006724849,-0.023459102,0.008249297,-0.023005129,-0.009172629,-0.010552792,-1.71288E-05,0.019950343,-0.012092416,0.030241231,0.000984423,-0.035458651,0.001369708,-0.002711787,-0.001340486,-0.000957556,-0.01592428,-0.000852933,0.031697979,-0.007222066,0.031487152,-0.022312019,0.007727936,-0.007619843,-1.09232E-05,-9.91903E-05,-1.43209E-05,-0.012517973,-0.004431455,-0.025921305
1.28,-0.011700254,-0.007773024,0.003842903,0.00744363,-0.022069844,0.013743545,0.00492304,-0.024801948,-0.001474438,0.012353521,-0.010509953,-0.005049373,0.00455667,0.010503172,-0.021227072,-0.02129498,-2.0909E-05,0.030936671,-0.001106087,0.014425496,-0.04497505,0.017764005,0.017276995,0.002201543,-0.001355488,-0.000964315,-0.061532801,-0.000869451,0.003270855,0.056407084,0.036369964,0.027706292,0.01901944,0.003915801,-7.3469E-05,-2.70967E-05,5.93654E-05,-0.013773008,0.007653506,0.014483969
1.29,-0.024334532,0.005616564,0.01585157,-0.052828586,0.010273066,-0.011860703,0.02622431,0.022576592,0.01896471,0.009936911,0.00179626,-0.013640071,0.008249297,0.015263914,-0.005556296,-0.005731015,5.84862E-05,0.018729639,0.013481315,-0.014795085,-0.015617139,-0.028134433,0.012386553,0.005863652,-0.001355488,-0.000972576,-0.050119227,-0.000856687,-0.004160175,0.032405009,0.002434417,0.01550689,0.045325592,0.009012237,-7.13275E-06,-2.14044E-05,3.10271E-05,0.013811068,0.00281647,0.014483969
1.3,-0.000347715,-0.033316237,0.030515266,-0.026995457,0.045015422,0.000346328,0.016214544,0.044442437,0.026174487,0.008727652,0.012874141,-0.013640071,0.010690704,-0.000300051,0.007703592,0.000219913,7.54996E-05,-0.015541601,0.028099235,0.016859273,0.000984423,-0.0739108,-0.004741438,-0.018657222,-0.001349487,-0.000974078,-0.031122034,-0.000849179,0.020559063,-0.009617696,-0.003669098,-0.016216132,0.003974274,0.035898223,-5.07261E-05,-0.000161798,-3.88854E-05,0.003778414,-0.005652158,-0.001690348
1.31,0.009753603,-0.036970717,-0.006838249,-0.006075657,0.028244105,0.035685684,-0.016317194,-0.013869025,-0.013498364,0.012353521,0.009181514,-0.02591386,0.032815948,-0.000300051,0.005292703,-0.01171246,9.33659E-06,-0.006966161,0.020775016,0.022932271,-0.014335401,-0.007138339,-0.037769086,0.004658208,-0.001354738,-0.000963564,0.000555212,-0.000871704,0.01190733,-0.013218771,-0.003669098,0.004528191,0.026526764,0.053812042,-6.02032E-05,-0.000163694,-7.66748E-05,-0.03132443,-0.018957822,-0.007061441
1.32,0.011004824,-0.005339247,-0.048189568,-0.028200901,-0.00889388,0.022257949,0.013712103,-0.04909394,-0.033937512,-0.005777735,0.019031062,-0.019776966,0.04019165,0.000915527,-0.012771606,-0.024841309,-3.89665E-06,-0.014312744,-0.014526367,-0.012359619,-0.019401319,0.006533536,-0.025539167,0.015705571,-0.001356989,-0.000962813,0.013220007,-0.000876959,0.005737305,-0.008422852,-0.027832031,0.03137207,0.06036377,0.023101807,2.88785E-05,1.0848E-05,-7.66739E-05,-0.006252289,-0.012893677,0.005065918
1.33,0.000946045,-0.01385498,-0.009506226,-0.004837036,-0.002902985,0.000335693,0.028747559,-0.011436462,-0.027923584,0.012353897,0.006721497,-0.001367569,0.00579834,-0.002685547,-0.013977051,-0.030853271,2.06791E-05,-0.046112061,-0.024261475,-0.014793396,-0.046264648,-0.062744141,-0.002296448,-0.042007446,-0.001347237,-0.00096056,-0.036193848,-0.000861943,0.025497437,0.013183594,-0.031494141,0.028938293,-0.003540039,-0.024291992,3.07746E-05,4.30997E-05,2.68593E-06,0.01631546,-0.010482788,0.015838623
1.34,0.003448486,-0.027236938,0.005172729,0.019760132,0.000688553,0.027160645,0.01373291,0.000701904,-0.006286621,0.025651932,-0.046211243,-0.030823708,-0.031097412,-0.01348877,-0.015197754,-0.010559082,3.20207E-05,-0.027770996,-0.018157959,0.002250671,-0.00793457,-0.051513672,0.01360321,-0.030960083,-0.001349487,-0.000957556,-0.034927368,-0.000851432,0.04776001,0.035995483,-0.027832031,0.036254883,-0.017333984,-0.010192871,2.31937E-05,-8.21147E-05,7.63759E-05,-0.00750351,-0.033447266,-0.008392334
1.35,0.021118164,-0.039405823,-0.038848877,0.020996094,-0.028060913,0.03692627,0.038696289,-0.035736084,0.035797119,0.018400192,-0.046211243,-0.02836895,-0.034759521,0.008117676,-0.03326416,0.007385254,-9.56748E-06,-0.031463623,-0.007202148,0.007110596,0.035461426,-0.002075195,0.008712769,0.014465332,-0.00136674,-0.000967319,0.001815796,-0.000855186,0.044052124,0.009597778,-0.014526367,0.016731262,0.010223389,0.038452148,4.23938E-06,-1.57133E-05,3.29167E-05,-0.001235962,-0.039505005,-0.032653809
1.36,0.013549805,-0.07346344,0.003845215,0.007446289,-0.035247803,0.016204834,0.037475586,-0.027229309,0.049026489,0.025651932,-0.004356384,0.028089523,0.010681152,0.017700195,-0.028442383,-0.036834717,-2.28006E-05,-0.015533447,0.019592285,0.002250671,-0.018188477,0.000366211,-0.030426025,-0.002716064,-0.001362239,-0.000965066,-0.015930176,-0.000861192,0.004486084,-0.002410889,0.012084961,-0.035736084,-0.037384033,0.032043457,-5.64121E-05,0.000126576,-4.2662E-05,0.006286621,-0.021362305,-0.017822266
1.37,-0.011688232,-0.035751343,0.045211792,-0.003601074,0.00548172,-0.009429932,0.022460938,0.004348755,0.01776123,0.025651932,0.000564575,0.030544281,0.016845703,-0.019470215,-0.03326416,-0.052368164,1.12271E-05,0.04196167,-0.003570557,-0.014793396,-0.034790039,-0.010742188,-0.02797699,-0.044464111,-0.001346487,-0.000954552,-0.000717163,-0.000849179,-0.005386353,0.021591187,0.014526367,-0.024757385,-0.043640137,-0.026824951,-3.9354E-05,9.05301E-05,-2.37711E-05,-0.025058746,-0.02015686,-0.004364014
1.38,-0.014221191,0.021430969,0.010513306,0.016067505,0.039024353,-0.016723633,0.017456055,0.015281677,-0.015899658,0.047412872,0.000564575,-0.009958267,-0.039703369,-0.033813477,-0.065795898,0.007385254,1.50073E-05,0.021179199,-0.036407471,-0.033042908,-0.021972656,-0.014404297,-0.010864258,-0.056716919,-0.001356238,-0.000959058,0.027160645,-0.000846176,0.020553589,0.008392334,0.012084961,0.005752563,0.006469727,-0.015289307,-5.07254E-05,6.20726E-05,2.15769E-05,-0.021297455,-0.012893677,-0.029937744
1.39,0.013549805,-0.029670715,0.015853882,0.017303467,0.016262054,0.027160645,0.010009766,0.009208679,-0.009887695,0.041368484,-0.014205933,-0.021004677,-0.056915283,-0.015869141,-0.058563232,0.003814697,7.44592E-06,-0.013092041,-0.005981445,-0.026954651,-0.036010742,0.020263672,-0.032875061,-0.016220093,-0.00136299,-0.000962062,0.009414673,-0.000862694,0.008209229,-0.001220703,0.030273438,0.01184845,0.006469727,0.009002686,-9.05283E-05,4.30997E-05,1.96882E-05,0.025093079,0.007659912,-0.039367676
1.4,0.000946045,-0.058868408,0.007843018,-0.012237549,-0.012487411,0.038116455,0.029968262,-0.015083313,0.020172119,-0.0275383,-0.046211243,-0.022232056,-0.043365479,-0.006286621,-0.034469604,-0.034423828,-2.00607E-06,-0.017974854,-0.010864258,0.013198853,-0.024536133,0.047485352,-0.041442871,0.010787964,-0.001353988,-0.000957556,-0.003250122,-0.000864196,-0.0103302,0.043197632,0.027832031,0.030158997,0.008972168,-0.035797119,1.37165E-05,3.55113E-05,0.000123609,0.001270294,-0.016525269,-0.028625488
1.41,-0.038208008,0.010475159,-0.058868408,-0.009765625,0.013868332,-0.003326416,0.021240234,-0.023590088,0.010551453,-0.031164169,-0.037597656,-0.030823708,-0.033538818,-0.026611328,-0.035675049,-0.03326416,2.06791E-05,-0.047363281,-0.043731689,0.005897522,-0.024536133,-0.013183594,-0.040214539,-0.008850098,-0.001355488,-0.000954552,-0.022262573,-0.000855936,0.010681152,0.042007446,0.013305664,0.014289856,-0.003540039,-0.023010254,3.07746E-05,9.43244E-05,0.000206746,-0.053897858,-0.034667969,-0.039367676
1.42,0.004699707,0.026290894,-0.069534302,0.029602051,0.018657684,-0.008239746,-0.022521973,-0.005363464,-0.019508362,-0.002151489,-0.005592346,-0.009958267,-0.042144775,-0.033813477,-0.005554199,-0.029663086,4.33633E-05,-0.040008545,-0.036407471,-0.044006348,-0.039855957,-0.075073242,-0.034103394,-0.02482605,-0.001354738,-0.000962062,-0.046325684,-0.000862694,0.004486084,-1.52588E-05,0.023010254,-0.032073975,-0.031097412,-0.014038086,-8.29455E-05,5.06882E-05,9.14894E-05,-0.016281128,-0.011688232,-0.033996582
1.43,0.05267334,-0.033317566,-0.041519165,0.051742554,-0.03285408,-0.008239746,-0.016296387,0.001922607,-0.01109314,-0.011823654,0.011642456,0.003541946,-0.063049316,-0.006286621,0.011322021,-0.012908936,2.25687E-05,-0.014312744,-0.027923584,-0.017219543,-0.047485352,-0.073852539,0.002601624,-0.013778687,-0.001356238,-0.000973327,-0.034927368,-0.000867199,-0.025177002,0.014389038,0.033935547,-0.032073975,-0.012329102,-0.044769287,-9.43169E-05,-1.38152E-05,-8.65385E-06,0.022583008,-0.012893677,-0.000305176
1.44,0.011016846,-0.032104492,-0.040176392,0.012359619,-0.036445618,0.0027771,0.033752441,0.001922607,-0.012290955,0.009937286,-0.008049011,-0.023459435,-0.032318115,-0.006286621,-0.041687012,-0.014129639,-4.35943E-05,-0.02166748,-0.016937256,0.019287109,-0.080688477,-0.047851563,-0.002296448,-0.005172729,-0.00136449,-0.000967319,-0.013381958,-0.000855186,-0.026397705,0.024002075,0.018188477,-0.019874573,0.010223389,-0.005065918,-5.83064E-05,-6.22682E-06,1.96882E-05,-0.012519836,-0.01411438,0.023925781
1.45,-0.005401611,-0.005340576,-0.006835938,-0.045425415,-0.019674301,0.040557861,0.053710938,0.010421753,-0.042350769,0.03169632,-0.040061951,-0.036960602,-0.007751465,-0.007446289,-0.066986084,-0.026092529,-4.35943E-05,-0.006958008,-0.002349854,-0.001396179,-0.078186035,0.006591797,-0.025535583,-0.02482605,-0.00136299,-0.000962813,-0.039993286,-0.000851432,-0.022705078,-0.016830444,-0.03515625,-0.027191162,0.011505127,-0.014038086,-2.04016E-05,-1.19172E-05,3.29167E-05,-0.013774872,0.005233765,0.049499512
1.46,0.004699707,-0.027236938,0.011856079,-0.015914917,-0.040039063,0.000335693,0.023742676,-0.001724243,-0.038742065,0.015981674,-0.022819519,-0.027141571,-0.023712158,0.011657715,-0.020004272,-0.039215088,3.01311E-05,-0.000854492,-0.001098633,-0.001396179,0.002258301,0.033813477,-0.008415222,-0.007644653,-0.001359239,-0.000966568,-0.05519104,-0.000861943,-0.011581421,-0.024032593,-0.026672363,-0.030853271,0.020263672,-0.056274414,-6.20969E-05,-3.46843E-05,-4.07733E-05,0.00377655,-0.000808716,0.037384033
1.47,-0.006652832,-0.004119873,-0.016174316,0.04927063,-0.031656265,-0.033813477,-0.012573242,-0.022369385,-0.015899658,-0.002151489,0.00302887,-0.011185646,0.011932373,-0.002685547,0.010101318,-0.069091797,-5.11557E-05,-0.033905029,0.002532959,0.004684448,0.026550293,0.03137207,-0.02431488,0.036575317,-0.001354738,-0.000957556,0.000549316,-0.000870953,0.004486084,-0.006011963,0.039978027,-0.055259705,0.034057617,-0.010192871,-0.000175819,-3.46843E-05,-5.21094E-05,-0.026313782,-0.011688232,-0.031280518
1.48,-0.019287109,0.016563416,-0.044189453,0.019760132,-0.019674301,0.023498535,-0.002563477,-0.000511169,-0.020713806,-0.009405136,-0.022819519,-0.005049706,0.043884277,-0.007446289,-0.024841309,-0.058319092,-0.000200495,-0.015533447,0.026885986,-0.033042908,-0.005371094,0.041259766,-0.021865845,0.02796936,-0.001351738,-0.000955303,0.025894165,-0.00087771,0.00201416,-0.013214111,-0.008483887,-0.032073975,0.030273438,-0.002532959,-0.000168236,-1.38152E-05,1.21295E-05,-0.020046234,0.001617432,-0.036682129
1.49,-0.035705566,-0.046699524,-0.077529907,-0.006072998,-0.056810379,0.02835083,0.006225586,-0.005363464,-0.008682251,0.030488968,-0.046211243,-0.006277084,0.016845703,-0.003845215,-0.062179565,-0.048797607,-0.000105976,0.027282715,0.015930176,-0.081733704,0.026550293,-0.000854492,-0.002296448,0.015701294,-0.001350237,-0.000965066,-0.038726807,-0.000876959,-0.001678467,-0.006011963,-0.064208984,0.047233582,-0.001037598,-0.033233643,-7.53645E-05,-4.03766E-05,7.93487E-07,0.038887024,-0.003219604,0.026611328
1.5,-0.012969971,-0.056434631,-0.045516968,0.033279419,-0.048427582,-0.026489258,-0.061340332,-0.024803162,0.018966675,0.051040649,-0.017906189,0.008451462,-0.008972168,-0.041015625,-0.070602417,-0.057128906,8.30609E-05,0.019958496,-0.012084961,-0.061035156,0.035461426,-0.035400391,-0.041442871,0.019378662,-0.001341236,-0.000962062,-0.083084106,-0.000865697,-0.006637573,0.027603149,-0.007263184,0.019172668,-0.008544922,-0.020446777,-9.02824E-06,-5.74496E-05,-8.65385E-06,0.058944702,0.000396729,0.052185059
1.51,0.007232666,-0.023590088,-0.014831543,0.038192749,0.003084183,-0.010620117,-0.095031738,-0.004150391,-0.006286621,-0.014240265,0.020256042,0.017043114,-0.012664795,-0.043457031,-0.058563232,-0.030853271,1.87885E-05,-0.005767822,0.004974365,-0.020881653,-0.00793457,-0.009521484,-0.029205322,0.029205322,-0.001341236,-0.000956054,-0.033660889,-0.000861192,-0.027648926,0.045608521,0.007263184,-0.021087646,0.006469727,-0.019165039,-4.12501E-05,-2.89921E-05,6.50361E-05,0.04139328,0.039093018,0.013153076
1.52,-0.01675415,-0.022369385,-0.07220459,0.032073975,-0.002902985,0.0027771,-0.030029297,-0.013870239,-0.030326843,-0.034791946,0.028884888,0.005996704,0.010681152,-0.01348877,-0.053741455,-0.034423828,-0.000138113,-0.006958008,0.009857178,-0.039131165,-0.025817871,-0.018188477,0.009941101,0.04145813,-0.001350237,-0.000967319,0.017028809,-0.000858189,-0.018981934,0.05039978,0.001220703,0.030158997,-0.023590088,-0.006347656,-0.000128435,-6.31418E-05,5.55888E-05,0.022583008,0.029418945,-0.029937744
1.53,-0.011688232,0.008041382,-0.08821106,0.022232056,-0.022069931,-0.028930664,0.017456055,-0.013870239,-0.005081177,0.008728027,0.000564575,-0.024686813,0.010681152,-0.033813477,-0.042907715,-0.05355835,-6.06077E-05,0.016265869,-0.008422852,-0.034263611,-0.00793457,-0.031738281,-0.010864258,0.002197266,-0.001355488,-0.00097558,-0.003250122,-0.000857438,0.019332886,0.037200928,0.024230957,0.00453186,-0.052429199,0.011566162,-9.05283E-05,-9.16012E-05,-2.18786E-05,0.010047913,-0.006851196,-0.000305176
1.54,-0.009185791,0.003181458,-0.036178589,-0.017150879,-0.005298615,0.014953613,0.028747559,0.005561829,-0.005081177,0.003892899,-0.033905029,-0.029596329,-0.013885498,-0.037414551,0.008911133,-0.028442383,0.00012654,0.018737793,-0.010864258,-0.008712769,0.029052734,0.000366211,-0.035316467,-0.034637451,-0.001356238,-0.000965066,-0.046325684,-0.000861943,0.010681152,0.020385742,-0.007263184,-0.032073975,-0.024841309,-0.017852783,1.37165E-05,-6.12456E-05,6.46338E-06,0.01631546,-0.03225708,0.029296875
1.55,0.000946045,-0.051567078,-0.018844604,-0.004837036,0.009075165,0.051544189,0.033752441,-0.022369385,-0.009887695,-0.013031006,-0.016662598,-0.012413025,0.000854492,0.015258789,0.020950317,-0.010559082,0.00012654,-0.019226074,-0.016937256,-0.024528503,-0.023254395,0.016479492,-0.05368042,-0.042007446,-0.001354738,-0.000959809,-0.053939819,-0.000854435,-0.015274048,0.017990112,-0.027832031,0.013069153,-0.001037598,-0.039642334,-4.69331E-05,-4.03766E-05,5.74775E-05,0.033870697,-0.038299561,-0.021850586
1.56,0.004699707,-0.062515259,-0.049530029,0.017303467,0.023450851,0.008880615,0.011230469,-0.028450012,0.012954712,0.015981674,0.012870789,-0.033278465,-0.001586914,0.012878418,-0.032058716,-0.020080566,3.20207E-05,-0.041229248,-0.019378662,-0.020881653,-0.073059082,-0.028076172,-0.051231384,-0.030960083,-0.001350237,-0.000965066,-0.046325684,-0.000852182,0.005737305,0.009597778,0,0.019172668,0.011505127,-0.023010254,-0.000132225,2.60249E-05,-1.81012E-05,0.026348114,0.001617432,-0.055541992
1.57,-0.044525146,-0.04183197,-0.050857544,0.007446289,0.029441833,0.024719238,0.023742676,0.004348755,-0.005081177,0.046203613,0.006721497,-0.044323921,-0.018798828,-0.043457031,-0.036880493,-0.018890381,1.7751E-06,-0.002105713,-0.004760742,-0.018447876,0.025268555,-0.046630859,-0.036552429,0.023071289,-0.001344986,-0.000958307,-0.028594971,-0.000867199,0.008209229,-0.006011963,0.012084961,-0.008888245,0.007720947,0.014129639,4.5076E-07,5.06882E-05,-4.2662E-05,-0.008758545,0.014907837,-0.02456665
1.58,-0.034423828,-0.0102005,-0.018844604,0.008682251,0.023450851,0.056427002,0.049987793,0.003135681,-0.025520325,0.038951874,-0.009284973,-0.029596329,-0.004058838,-0.049438477,0.012512207,-0.010559082,-2.00607E-06,0.029724121,0.02444458,-0.025741577,0.036743164,-0.005737305,-0.018203735,0.02796936,-0.001348737,-0.000950797,0.020828247,-0.0008687,-0.028869629,-0.027618408,0.021789551,-0.007667542,0.01272583,0.03717041,6.48908E-05,-5.17592E-05,1.59107E-05,-0.021297455,-0.000808716,-0.00302124
1.59,0.016052246,0.029945374,0.005172729,7.62939E-05,0.009075165,0.01373291,0.019958496,-0.032089233,-0.023117065,0.001476288,0.00302887,-0.025914192,0.004547119,-0.018249512,0.001678467,-0.020080566,-7.67689E-06,-0.009429932,0.043945313,0.016860962,-0.052612305,-0.009521484,0.009941101,-0.032165527,-0.001356238,-0.000953801,0.019546509,-0.000855936,-0.022705078,-0.026428223,0.004882813,0.033813477,0.044067383,0.010284424,-7.13207E-06,-8.59089E-05,-3.1326E-05,-0.013774872,0.010070801,-0.004364014
1.6,-0.002868652,0.011695862,-0.006835938,7.62939E-05,-0.006498337,-0.020385742,0.017456055,-0.027229309,-0.017105103,-0.015449524,0.03503418,-0.006277084,0.022979736,-0.012268066,-0.047714233,-0.027252197,-3.98131E-05,-0.033905029,0.037841797,0.008338928,-0.023254395,-0.026855469,0.006263733,-0.044464111,-0.001360739,-0.000950046,-0.012130737,-0.000856687,-0.026397705,0.022796631,-0.043579102,0.053337097,0.015258789,-0.007629395,1.7507E-05,-1.0021E-05,-2.18786E-05,-0.00750351,0.00402832,0.011779785
1.61,-0.015472412,-0.051567078,-0.060195923,0.027145386,0.00787735,-0.008239746,0.026245117,0.006782532,0.012954712,0.00510025,0.025192261,0.001087189,0.02545166,-0.026611328,-0.029647827,-0.030853271,-2.46903E-05,0.000366211,0.017120361,-0.044006348,0.002258301,-0.009521484,-0.00718689,-0.013778687,-0.001356989,-0.000949295,0.001815796,-0.000864196,-0.053604126,0.031204224,-0.036315918,0.01184845,-0.007293701,-0.006347656,-2.60845E-05,7.05384E-06,5.37001E-05,-0.012519836,-0.034667969,0.019866943
1.62,0.019866943,-0.029670715,-0.058868408,0.038192749,0.004283905,0.007629395,0.006225586,0.01650238,0.014152527,0.029279709,-0.010513306,-0.038187027,-0.044616699,-0.027893066,-0.023620605,-0.045196533,4.52539E-05,0.01260376,-0.010864258,-0.020881653,-0.027099609,-0.010742188,-0.013313293,-0.008850098,-0.001349487,-0.000958307,-0.015930176,-0.000862694,0.005737305,-0.009613037,0.002441406,0.014289856,0.054107666,-0.019165039,-0.000117064,-8.123E-06,-2.98396E-06,-0.01001358,-0.06489563,-0.013793945
1.63,0.023651123,0.038459778,-0.026855469,0.040664673,-0.008893967,0.008880615,0.026245117,0.006782532,-0.005081177,0.03169632,-0.014205933,-0.059051514,-0.07409668,-0.017089844,-0.028442383,-0.049957275,5.65955E-05,-0.004547119,-0.007202148,-0.009918213,0.018859863,-0.016845703,-0.004737854,-0.027267456,-0.001356238,-0.000959058,-0.032394409,-0.000858189,0.039093018,-0.025222778,0.004882813,0.021614075,0.069122314,0.010284424,-0.000103794,3.17171E-05,1.77994E-05,0.017570496,-0.040710449,-0.013793945
1.64,-0.000335693,0.018997192,-0.034851074,0.036987305,0.034231186,0.010101318,0.038696289,-0.013870239,0.011749268,0.009937286,-0.008049011,-0.050460815,-0.020019531,-0.02545166,0.040237427,-0.05355835,5.84861E-05,-0.004547119,0.004974365,-0.050086975,0.017578125,-0.030517578,0.016052246,-0.037094116,-0.00136299,-0.000956805,-0.014648438,-0.000866448,-0.036300659,-0.024032593,-0.018127441,-0.01865387,-0.016082764,0.0128479,-0.000103794,1.65403E-05,0.000102825,0.018825531,0.019760132,0.01449585
1.65,0.004699707,-0.03818512,-0.029510498,-0.003601074,0.04740715,0.010101318,0.021240234,-0.03087616,0.009346008,0.022026062,-0.016662598,-0.018549919,0.002105713,-0.01348877,0.017333984,-0.049957275,5.84861E-05,-0.017974854,-0.014526367,-0.028182983,-0.073059082,-0.03918457,0.002601624,-0.006408691,-0.001353988,-0.000954552,-0.014648438,-0.000871704,-0.059783936,-0.043228149,-0.04486084,-0.034515381,-0.036132813,-0.015289307,-9.05283E-05,2.60249E-05,-2.94372E-05,0.022583008,0.023376465,0.017181396
1.66,0.007232666,-0.055221558,-0.068206787,-0.04788208,0.003084183,0.027160645,0.034973145,-0.029663086,-0.01109314,0.038951874,-0.022819519,0.035453796,0.019287109,0.009277344,-0.058563232,-0.023681641,4.52539E-05,-0.026550293,0.011047363,0.005897522,-0.051391602,-0.024291992,-0.00718689,0.045150757,-0.001346487,-0.000956805,0.005615234,-0.000864946,-0.002914429,-0.032424927,-0.032714844,-0.013771057,0.022766113,0.023101807,-5.07254E-05,8.67359E-05,-5.77793E-05,0.042648315,-0.023788452,0.037384033
1.67,-0.011688232,-0.017501831,-0.121566772,-0.031906128,-0.00170517,0.051544189,0.001220703,0.004348755,-0.012290955,-0.004570007,-0.022819519,0.029316902,0.008239746,0.008117676,-0.018798828,-0.000976563,4.90341E-05,-0.006958008,0.057312012,-0.026954651,0.013793945,-0.016845703,0.006263733,0.036575317,-0.001344986,-0.000966568,-0.000717163,-0.000860441,0.016860962,0.00718689,-0.012145996,0.01184845,0.010223389,0.0128479,2.6986E-05,-2.43261E-06,8.39308E-05,0.00377655,-0.035873413,0.044128418
1.68,-0.01675415,0.004394531,-0.057525635,-0.003601074,0.019855499,0.038116455,-0.058837891,0.032295227,0.000930786,0.006311417,-0.038825989,-0.008730888,-0.053222656,0.024841309,-0.013977051,-0.022491455,2.63499E-05,-0.015533447,0.031738281,-0.031829834,0.002258301,0.002929688,0.011161804,-0.002716064,-0.001347987,-0.000962813,-0.033660889,-0.000855936,0.006958008,-0.009613037,-0.054504395,0.016731262,-0.029846191,-0.034515381,0.000155868,-5.93476E-05,3.10279E-05,-0.0350914,-0.043136597,0.01449585
1.69,0.003448486,-0.022369385,-0.000167847,-0.020828247,0.028244019,0.014953613,-0.025024414,0.000701904,0.009346008,0.044994354,-0.016662598,0.013360977,-0.034759521,0.022460938,-0.052536011,-0.06072998,1.50073E-05,-0.032684326,-0.015716553,-0.005050659,0.012451172,0.025146484,0.007492065,0.003417969,-0.001353988,-0.000958307,-0.020980835,-0.000860441,0.031692505,-0.036026001,-0.065429688,0.00453186,-0.00479126,0.005187988,7.62623E-05,-6.22682E-06,-2.18786E-05,-0.017536163,-0.031036377,0.011779785
1.7,0.017333984,-0.034538269,-0.040176392,-0.020828247,0.030639648,-0.00088501,0.01373291,-0.021156311,0.014152527,0.006311417,0.048576355,0.025634766,0.013153076,-0.006286621,-0.038070679,-0.045196533,1.12271E-05,0.00402832,-0.02545166,-0.006271362,-0.002807617,0.032592773,-0.001075745,0.008331299,-0.001356989,-0.000966568,-0.00831604,-0.000864196,0.034164429,-0.007217407,-0.030273438,-0.032073975,0.034057617,0.024383545,-0.000128435,-5.17592E-05,5.37001E-05,-0.006252289,0.024581909,0.010437012
1.71,0.021118164,-0.002906799,-0.058868408,-0.014678955,0.017459869,-0.016723633,0.023742676,0.000701904,0.021369934,-0.005777359,0.021499634,-0.014867783,-0.000366211,0.006896973,-0.028442383,-0.018890381,2.44593E-05,0.028503418,-0.014526367,-0.002624512,-0.034790039,0.033813477,0.003814697,-0.026031494,-0.001359989,-0.000962062,-0.00958252,-0.000854435,0.003265381,0.013183594,-0.018127441,-0.047935486,0.008972168,-0.030670166,-9.05283E-05,-9.91896E-05,9.33781E-05,-0.028820038,0.033050537,-0.028625488
1.72,0.026184082,0.06401062,-0.025512695,-0.049118042,0.017459869,-0.025299072,0.038696289,-0.001724243,0.011749268,0.048622131,-0.02898407,0.003541946,0.022979736,-0.001525879,-0.015197754,-0.03326416,-2.00607E-06,-0.005767822,0.007385254,-0.008712769,-0.032226563,0.004150391,0.018501282,-0.054275513,-0.00136449,-0.000949295,-0.022262573,-0.000851432,0.010681152,-0.004806519,0.01574707,-0.011329651,-0.041137695,-0.054992676,-1.66092E-05,-4.41708E-05,7.63759E-05,-0.046375275,0.016113281,-0.051513672
1.73,0.007232666,0.048194885,-0.008163452,-0.035583496,0.01506424,-0.035003662,-6.10352E-05,0.001922607,0.034599304,0.05708313,0.020256042,0.018270493,0.027893066,-0.044616699,-0.016387939,-0.038024902,-0.000111648,-0.010650635,-0.013305664,-0.01966095,-0.079467773,-0.031738281,0.01360321,-0.056716919,-0.001359989,-0.000951548,-0.023513794,-0.000852933,0.010681152,-0.016830444,0.037536621,-0.001564026,-0.028625488,-0.011474609,-0.000122748,-2.70959E-05,-1.09524E-06,-0.018791199,0.023376465,-0.00302124
1.74,-0.023071289,-0.035751343,-0.045516968,7.62939E-05,-0.007696152,-0.037445068,-0.015075684,0.025001526,0.057441711,0.055875778,0.015335083,-0.039414406,-0.055664063,-0.036254883,-0.036880493,-0.022491455,-8.32919E-05,-0.01675415,-0.049804688,-0.0233078,-0.069213867,-0.053955078,0.006263733,-0.023590088,-0.001356238,-0.000967319,0.027160645,-0.00084993,-0.006637573,-0.007217407,0.026672363,0.000869751,0.01272583,0.024383545,-0.000173923,-4.60688E-05,-8.65385E-06,0.001270294,0.025802612,0.049499512
1.75,-0.026855469,-0.026016235,-0.05619812,-0.041748047,-0.022069931,-0.031341553,0.021240234,0.001922607,-0.006286621,0.059501648,-0.046211243,-0.013640404,-0.065490723,-0.008666992,-0.015197754,-0.006958008,1.31167E-05,-0.033905029,-0.012084961,-0.026954651,-0.004089355,-0.031738281,0.012390137,-0.002716064,-0.001359989,-0.00097558,0.011947632,-0.000850681,0.013153076,-0.024032593,0.035095215,0.038696289,0.022766113,0.007720947,-0.000206145,-1.0021E-05,7.44835E-05,-0.036342621,0.014907837,-0.000305176
1.76,-0.005401611,-0.012634277,-0.006835938,-0.094619751,0.003084183,-0.024047852,0.026245117,-0.03452301,-0.043556213,0.000265121,-0.027740479,0.009678841,0.003326416,-0.02545166,0.000473022,-0.008148193,-3.60329E-05,0.016265869,0.003753662,-0.014793396,-0.018188477,0.005371094,0.012390137,-0.034637451,-0.001350987,-0.000964315,-0.050125122,-0.000852933,-0.002914429,-0.057632446,0.021789551,0.025268555,0.040313721,0.001342773,-0.00021941,-5.36442E-07,0.00012739,-0.0350914,-0.016525269,-0.058227539
1.77,0.004699707,-0.058868408,-0.020172119,-0.08354187,0.037824631,0.019836426,0.008728027,-0.039382935,-0.019508362,-0.025121689,0.000564575,-0.055369377,0.003326416,-0.050598145,-0.032058716,-0.046386719,-6.62785E-05,0.011383057,-0.030334473,-0.005050659,-0.015625,-0.01940918,0.001373291,-0.027267456,-0.001340486,-0.00094554,-0.022262573,-0.000853684,-0.046188354,-0.039627075,-0.01940918,-0.019874573,0.049072266,0.039733887,-4.88292E-05,8.95187E-06,0.000150062,0.00252533,-0.023788452,-0.000305176
1.78,-0.030639648,-0.039405823,-0.052200317,-0.033126831,-0.000509262,0.035675049,-0.020019531,-0.024803162,-0.029129028,0.00510025,-0.015434265,-0.056596756,-0.002807617,-0.044616699,-0.060974121,-0.064331055,-2.00607E-06,-0.063262939,-0.035217285,0.009552002,0.016357422,-0.018188477,0.009941101,-0.007644653,-0.001348737,-0.000951548,-0.005783081,-0.000855186,-0.035064697,-0.007217407,-0.049682617,-0.01499176,0.003967285,0.041015625,8.02986E-06,7.53514E-05,8.01496E-05,-0.031326294,0.006454468,0.038726807
1.79,-0.049560547,-0.007774353,-0.032180786,-0.011001587,-0.037643433,-0.021636963,-0.026306152,0.006782532,-0.051971436,-0.00094223,-0.035133362,-0.016095161,0.041412354,-0.005126953,-0.047714233,-0.034423828,-2.00607E-06,-0.0546875,-0.049804688,0.018074036,0.02142334,0.010375977,0.007492065,-0.026031494,-0.001351738,-0.000971074,-0.041259766,-0.000864196,0.006958008,-0.013214111,-0.02545166,-0.01499176,-0.016082764,-0.031951904,-0.00010569,5.06882E-05,7.93487E-07,-0.065181732,0.012496948,-0.021850586
1.8,-0.009185791,-0.036972046,-0.046844482,-0.042953491,-0.005298615,-0.031341553,0.003723145,0.017715454,-0.027923584,0.009937286,-0.019126892,-0.008730888,0.009460449,0.034423828,0.007705688,-0.034423828,-2.46903E-05,-0.004547119,-0.046142578,0.001029968,0.015014648,-0.020629883,-0.010864258,-0.026031494,-0.001339735,-0.000969572,-0.023513794,-0.00085894,0.042816162,-0.003616333,0.003601074,-0.032073975,-0.019836426,-0.043487549,-9.62131E-05,-3.65824E-05,2.53581E-05,-0.015029907,-0.009262085,-0.035339355
1.81,-0.009185791,-0.032104492,-0.085540771,-0.049118042,-0.00170517,-0.005767822,0.010009766,-0.001724243,-0.007484436,0.024442673,-0.004356384,-0.036960602,-0.045837402,0.010498047,0.04624939,-0.058319092,-3.89665E-06,0.017486572,0.003753662,-0.012359619,-0.030883789,-0.028076172,0.005050659,-0.049346924,-0.001340486,-0.000962813,0.005615234,-0.000847677,0.040344238,0.00239563,-0.046020508,-0.005233765,-0.043640137,0.0128479,-6.96778E-05,-1.95075E-05,5.93662E-05,0.045154572,-0.029830933,0.017181396
1.82,-0.02557373,0.009262085,-0.074874878,-0.011001587,-0.012487411,0.005187988,-0.001281738,0.018928528,-0.002677917,0.014772415,-0.005592346,-0.072552681,0.027893066,-0.044616699,0.026977539,-0.040435791,-3.41423E-05,0.026031494,0.018371582,-0.012359619,-0.030883789,-0.018188477,-0.004737854,-0.071456909,-0.001351738,-0.000958307,0.01574707,-0.000864946,0.015625,-0.007217407,-0.064208984,0.053337097,-0.029846191,0.021820068,-9.81074E-05,2.79229E-05,4.61414E-05,0.051425934,-0.022567749,0.049499512
1.83,0.022399902,0.02507782,-0.033508301,-0.013442993,0.006679535,0.035675049,0.006225586,0.042007446,0.030990601,0.041368484,0.009178162,-0.023459435,0.083190918,-0.044616699,-0.005554199,-0.029663086,-3.79235E-05,0.03338623,-0.012084961,0.011985779,0.007385254,-0.029296875,-0.036552429,-0.055511475,-0.001358489,-0.000947793,0.010696411,-0.000872455,0.019332886,0.026397705,-0.01940918,0.026489258,0.022766113,0.00390625,-0.000118956,7.05384E-06,-4.87268E-06,0.010047913,-0.004425049,0.05355835
1.84,0.033752441,0.012908936,-0.044189453,-0.014678955,0.00548172,0.04788208,-0.016296387,0.014068604,0.024978638,0.035324097,-0.009284973,0.062454224,-0.006500244,-0.023010254,0.000473022,-0.054718018,7.73901E-05,0.029724121,-0.020599365,0.035110474,-0.028381348,-0.000854492,-0.023086548,-0.059188843,-0.00136449,-0.000954552,-0.02986145,-0.000852933,0.016860962,0.013183594,0.001220703,-0.035736084,0.055328369,-0.017852783,-0.000173923,-1.19172E-05,-2.18786E-05,-0.011268616,0.000396729,0.031982422
1.85,-0.00793457,-0.040618896,-0.065536499,-0.00239563,-0.020872116,0.018585205,-0.046325684,0.021362305,-0.006286621,0.000265121,-0.042518616,0.04895401,-0.058105469,-0.026611328,0.017333984,-0.04397583,0.000111417,0.018737793,-0.015716553,0.005897522,-0.034790039,0.015258789,0.000152588,-0.049346924,-0.001357739,-0.000959058,-0.024795532,-0.000845425,-0.007858276,-0.043228149,0.013305664,0.000869751,0.022766113,-0.038360596,-0.000136016,-3.65824E-05,1.77994E-05,0.008792877,0.002822876,-0.008392334
1.86,0.028686523,-0.044265747,-0.046844482,-0.008529663,-0.043634415,0.001525879,-0.008789063,0.033508301,0.00453949,0.019607544,-0.02898407,-0.011185646,-0.028625488,-0.038635254,-0.020004272,-0.018890381,4.33633E-05,0.00894165,-0.036407471,-0.0233078,-0.000244141,-0.008300781,0.016052246,-0.030960083,-0.001347237,-0.000956054,-0.012130737,-0.00084993,0.006958008,-0.008422852,0.004882813,0.036254883,-0.011047363,-0.057556152,-1.44541E-06,-2.70959E-05,2.34693E-05,0.00377655,-0.023788452,-0.023223877
1.87,0.060272217,0.006828308,-0.070861816,-0.003601074,-0.03285408,0.021057129,-0.005065918,0.007995605,0.003334045,0.034114838,-0.012985229,-0.022232056,-0.005279541,-0.041015625,-0.064590454,-0.029663086,5.55534E-06,-0.009429932,-0.051025391,-0.008712769,-0.016845703,0.002929688,0.017280579,-0.048141479,-0.001352488,-0.000976331,-0.043792725,-0.000862694,0.035400391,0.021591187,-0.006103516,-0.001564026,-0.011047363,-0.06652832,3.64613E-05,9.62205E-05,-1.24313E-05,-0.030075073,-0.027404785,-0.016479492
1.88,-0.012969971,0.012908936,-0.064193726,-0.017150879,-0.014884949,0.022247314,-0.051330566,0.009208679,-0.023117065,0.017189026,-0.015434265,-0.032051086,0.029144287,-0.061401367,-0.027236938,-0.048797607,-1.15484E-07,-0.006958008,-0.032775879,-0.009918213,-0.024536133,0.018920898,0.001373291,-0.048141479,-0.001357739,-0.000981589,-0.026062012,-0.000874707,0.016860962,-0.025222778,-0.007263184,-0.055259705,-0.036132813,-0.026824951,-7.72588E-05,0.000136063,-3.1326E-05,-0.01001358,0.018539429,-0.033996582
1.89,-0.049560547,0.005615234,-0.001495361,-0.019592285,-0.035247803,-0.005767822,-0.012573242,0.003135681,-0.033935547,-0.004570007,0.009178162,-0.056596756,0.02053833,-0.055419922,0.008911133,-0.063079834,6.03767E-05,0.011383057,0.008636475,-0.028182983,-0.00793457,-0.002075195,0.012390137,-0.032165527,-0.001361489,-0.000966568,-0.018463135,-0.000875458,-0.0103302,-0.049224854,-0.030273438,-0.076004028,-0.054931641,0.014129639,-0.000158761,-5.74496E-05,2.72468E-05,0.048915863,0.025802612,-0.040740967
1.9,-0.000335693,-0.03818512,-0.037506104,-0.006072998,-0.040039063,-0.027709961,0.038696289,-0.019943237,-0.033935547,0.000265121,0.005485535,-0.041869164,-0.022491455,0.010498047,-0.040496826,-0.051147461,6.98287E-05,-0.015533447,0.020782471,-0.0233078,0.000976563,-0.020629883,0.030731201,-0.044464111,-0.00136299,-0.000969572,-0.041259766,-0.000870202,-0.004165649,-0.012008667,-0.027832031,-0.007667542,-0.033599854,0.014129639,-5.45159E-05,-0.000154207,6.12587E-05,0.036376953,-0.009262085,-0.015136719
1.91,-0.001586914,-0.078330994,-0.078872681,-0.038040161,-0.023269653,-0.042358398,0.017456055,-0.007797241,-0.013496399,-0.00094223,-0.040061951,-0.032051086,-0.010192871,0.032043457,-0.054946899,-0.020080566,-1.14581E-05,-0.047363281,-0.001098633,-0.035476685,-0.005371094,-0.020629883,0.014831543,-0.038330078,-0.001353988,-0.000967319,-0.00958252,-0.000860441,0.025497437,0.013183594,-0.002441406,0.052116394,-0.031097412,-0.023010254,-2.04016E-05,-2.89921E-05,-2.56598E-05,-0.00750351,-0.043136597,-0.008392334
1.92,-0.038208008,-0.026016235,-0.020172119,-0.023284912,-0.017280579,-0.014282227,0.010009766,-0.002937317,0.012954712,-0.045671463,-0.015434265,-0.050460815,0.024200439,-0.002685547,0.004089355,-0.020080566,-3.22517E-05,-0.01675415,0.011047363,-0.022094727,0.011230469,-0.005737305,0.011161804,-0.026031494,-0.001351738,-0.000953801,-0.018463135,-0.000851432,0.023025513,0.011993408,0.002441406,0.032592773,-0.034881592,-0.034515381,-0.000128435,7.05384E-06,-2.75485E-05,0.013809204,-0.012893677,-0.001678467
1.93,-0.018005371,-0.002906799,0.006500244,0.024673462,-0.008893967,0.01373291,-6.10352E-05,-0.019943237,0.008148193,-0.042045593,0.036270142,-0.033278465,0.042633057,-0.012268066,-0.001937866,-0.03326416,-6.43879E-05,0.010162354,0.036621094,0.03024292,0.043151855,-0.01574707,0.041748047,-0.055511475,-0.001354738,-0.000962062,-0.070404053,-0.000859691,0.005737305,0.032409668,0.029052734,0.019172668,-0.002288818,0.0128479,-6.96778E-05,-6.50398E-05,5.93662E-05,0.0050354,0.056030273,0.005065918
1.94,0.012298584,-0.008987427,-0.001495361,-0.004837036,-0.026863098,-0.003326416,-0.026306152,-0.001724243,-0.000274658,0.012353897,0.023948669,0.009678841,0.018066406,-0.005126953,-0.038070679,-0.039215088,-0.000109757,0.016265869,0.048797607,0.018074036,0.023986816,-0.053955078,0.038078308,-0.046905518,-0.001359239,-0.00096807,-0.061538696,-0.00086795,0.027984619,0.038406372,0.043640137,0.027709961,0.029022217,0.046142578,9.92604E-06,-2.70959E-05,8.58195E-05,-0.032585144,0.019760132,0.007751465
1.95,0.023651123,0.031158447,0.001174927,-0.038040161,-0.054414749,-0.020385742,-0.017578125,0.014068604,0.027381897,0.046203613,0.00302887,0.017043114,-0.006500244,-0.012268066,-0.007965088,-0.047546387,-3.41423E-05,0.03338623,0.035400391,-0.011131287,-0.009216309,-0.050292969,0.007492065,0.012023926,-0.001358489,-0.000951548,-0.02986145,-0.00085894,0.032928467,0.038406372,0.004882813,0.025268555,0.01272583,0.032043457,-8.10511E-05,7.72495E-05,0.000106607,-0.025058746,-0.043136597,0.006408691
1.96,0.022399902,0.023857117,-0.037506104,-0.006072998,-0.047229767,-0.024047852,-0.010070801,-0.022369385,0.030990601,0.030488968,0.004257202,-0.019777298,0.004547119,-0.042236328,-0.009170532,-0.045196533,9.33651E-06,0.01260376,0.006195068,-0.012359619,-0.042419434,-0.009521484,0.031967163,0.000961304,-0.001348737,-0.000954552,-0.00831604,-0.000856687,0.023025513,0.027603149,0.010925293,-0.004013062,-0.003540039,3.05176E-05,-0.000153074,5.06882E-05,8.58195E-05,-0.00750351,0.001617432,-0.001678467
1.97,0.002166748,-0.004119873,-0.073532104,0.025909424,0.00548172,0.024719238,0.019958496,-0.051528931,-0.013496399,-0.026329041,0.001792908,-0.06273365,-0.013885498,-0.044616699,-0.032058716,-0.046386719,-9.08533E-05,-0.027770996,0.008636475,-0.017219543,-0.047485352,0.030029297,0.058876038,-0.032165527,-0.001350237,-0.000968821,0.001815796,-0.000862694,0.031692505,-0.021621704,0.047241211,-0.008888245,0.032775879,0.010284424,-0.000128435,-2.33017E-05,1.96882E-05,0.047664642,0.049987793,0.029296875
1.98,-0.002868652,-0.000473022,-0.049530029,0.001312256,0.041419983,0.068603516,0.056213379,-0.033309937,-0.033935547,-0.0275383,-0.024047852,-0.068870544,-0.028625488,0.015258789,0.006484985,-0.022491455,-9.65241E-05,-0.01675415,0.006195068,-0.008712769,0.026550293,0.049926758,0.023391724,0.020599365,-0.001356238,-0.000961311,-0.022262573,-0.000861192,0.003265381,-0.025222778,0.014526367,0.019172668,0.031555176,0.041015625,-5.07254E-05,2.60249E-05,1.59107E-05,0.086528778,0.041519165,0.031982422
1.99,0.005981445,-0.029670715,-0.008163452,-0.039276123,0.000688553,0.030822754,0.018737793,-0.001724243,-0.014701843,0.025651932,-0.040061951,-0.016095161,-0.012664795,0.028442383,-0.012771606,-0.01171875,3.01311E-05,-0.004547119,-0.021820068,-0.001396179,0.04699707,0.025146484,0.007492065,0.04145813,-0.001350987,-0.000947042,-0.042526245,-0.000863445,0.003265381,0.00718689,-0.029052734,0.015510559,-0.021087646,-0.006347656,-3.55635E-05,7.91475E-05,6.50361E-05,0.036376953,0.059661865,0.013153076
2,0.003448486,-0.03818512,0.025192261,-0.044189453,-0.026863098,-0.006988525,0.002441406,-0.004150391,-0.000274658,0.029279709,-0.011741638,0.03177166,-0.016357422,-0.018249512,-0.066986084,-0.047546387,4.71435E-05,-0.002105713,-0.007202148,0.016860962,-0.030883789,-0.026855469,0.023391724,-0.033401489,-0.001349487,-0.000956054,-0.013381958,-0.000866448,0.036636353,0.016799927,-0.014526367,0.019172668,-0.017333984,-0.037078857,-0.000118956,6.01746E-05,7.25947E-05,0.021331787,0.059661865,0.03604126
2.01,0.021118164,0.022644043,0.01852417,-0.017150879,-0.00170517,-0.019195557,0.034973145,-0.039382935,-0.001472473,-0.011823654,0.025192261,0.021952629,-0.017547607,-0.012268066,-0.007965088,-0.032012939,1.87885E-05,0.035827637,0.028106689,0.013198853,-0.051391602,-0.044189453,0.002601624,-0.053039551,-0.001358489,-0.000969572,0.025894165,-0.00085894,0.011901855,0.040802002,0.008483887,0.03137207,0.021514893,0.007720947,-0.000111377,-2.51997E-05,1.59107E-05,0.063961029,-0.015319824,0.011779785
2.02,0.038787842,0.020210266,-0.000167847,0.003768921,0.000688553,-0.017944336,0.047485352,-0.058815002,0.005744934,-0.010614395,0.036270142,-0.008730888,-0.005279541,0.023681641,0.04624939,0.014556885,6.41569E-05,0.01260376,0.007385254,-0.026954651,-0.016845703,-0.025634766,-0.004737854,-0.001480103,-0.001362239,-0.00096056,0.017028809,-0.000850681,0.000793457,0.020385742,0.003601074,0.009414673,0.015258789,0.015411377,2.34507E-06,-7.45263E-05,4.57093E-06,0.043899536,-0.04675293,0.007751465
2.03,0.027435303,-0.017501831,0.030517578,-0.00239563,-0.010091782,0.024719238,0.037475586,-0.04788208,0.026176453,0.038951874,0.012870789,-0.038187027,-0.001586914,0.036865234,0.001678467,0.018157959,5.84861E-05,-0.037567139,-0.036407471,-0.037918091,-0.048828125,-0.01574707,0.012390137,-0.017456055,-0.00136374,-0.000952299,-0.007049561,-0.00085894,0.015625,-0.034820557,0.002441406,-0.000350952,-0.008544922,-0.007629395,6.48908E-05,1.0848E-05,6.69248E-05,-0.011268616,-0.000808716,0.058929443
2.04,0.014801025,0.029945374,0.03453064,-0.024520874,0.00787735,0.071044922,0.036193848,-0.006576538,0.00213623,0.043787003,-0.02898407,-0.046778679,-0.000366211,0.028442383,-0.050125122,0.000213623,-2.84715E-05,0.006469727,-0.02545166,-0.018447876,-0.073059082,0.015258789,-0.00718689,-0.032165527,-0.001359989,-0.000962813,-0.014648438,-0.0008687,0.009429932,-0.001220703,0.003601074,0.005752563,0.013977051,-0.010192871,2.88785E-05,4.49978E-05,7.0706E-05,-0.006252289,-0.005645752,0.023925781
2.05,-0.005401611,0.050628662,0.015853882,-0.040512085,0.01027298,0.057647705,0.038696289,0.006782532,-0.043556213,-0.016658783,-0.011741638,-0.030823708,-0.004058838,-0.006286621,-0.023620605,-0.020080566,-6.06077E-05,0.04196167,0.019592285,0.004684448,-0.001586914,0.03137207,-0.014526367,0.026733398,-0.001349487,-0.000962062,-0.019729614,-0.000860441,0.020553589,0.035995483,-0.003662109,0.041137695,0.056610107,-0.007629395,-6.58892E-05,4.49978E-05,3.29167E-05,1.90735E-05,-0.060058594,-0.025909424
2.06,-0.009185791,-0.008987427,0.017181396,-0.036819458,-0.019674301,0.006439209,-0.005065918,-0.019943237,-0.027923584,-0.051715851,0.020256042,-0.024686813,0.022979736,-0.021850586,0.039016724,-0.014129639,-1.71289E-05,0.017486572,0.028106689,0.003463745,0.043151855,-0.030517578,0.016052246,0.020599365,-0.001351738,-0.000946291,-0.000717163,-0.000855186,0.042816162,0.011993408,0.004882813,0.042358398,0.041564941,0.007720947,-0.000115167,7.72495E-05,6.50361E-05,-0.002490997,-0.04675293,-0.021850586
2.07,0.035003662,-0.019935608,0.005172729,-0.031906128,-0.028060913,0.008880615,-0.040039063,-0.033309937,-0.006286621,-0.032375336,-0.012985229,-0.038187027,0.072143555,0.002075195,0.019744873,0.020507813,-1.71289E-05,0.00402832,0.007385254,0.008338928,0.007385254,-0.034301758,0.012390137,-0.017456055,-0.00136449,-0.000947042,0.025894165,-0.000867199,0.063827515,-0.001220703,0.020629883,-0.029632568,0.011505127,0.034606934,-3.17711E-05,1.65403E-05,0.000106607,0.026348114,-0.003219604,-0.008392334
2.08,0.058990479,0.027511597,0.007843018,-0.040512085,-0.007696152,0.068603516,-0.016296387,-0.03452301,0.005744934,-0.002151489,-0.012985229,-0.050460815,0.037750244,-0.014648438,-0.03326416,0.004974365,-3.98131E-05,-0.009429932,0.007385254,0.03754425,0.015014648,-0.002075195,-0.025535583,-0.006408691,-0.00136299,-0.000953801,-0.013381958,-0.0008687,0.082366943,-0.007217407,0.019348145,-0.024757385,0.025268555,0.04486084,2.50898E-05,1.0848E-05,7.63759E-05,0.011302948,-0.017730713,0.033325195
2.09,0.029937744,0.049407959,-0.009506226,-0.038040161,-0.012487411,0.071044922,0.002441406,-0.019943237,0.047821045,0.024442673,0.032577515,-0.049233437,-0.001586914,-0.057800293,-0.028442383,-0.039215088,-2.65809E-05,-0.020446777,0.01348877,0.031455994,0.017578125,-0.030517578,-0.025535583,-0.039535522,-0.001352488,-0.000954552,-0.070404053,-0.000856687,0.083602905,-0.009613037,0.018188477,0.03137207,0.026519775,0.028198242,-2.04016E-05,7.15572E-05,1.96882E-05,0.006286621,-0.022567749,0.04006958
2.1,0.003448486,0.050628662,-0.052200317,-0.012237549,-0.028060913,0.04788208,0.026245117,-0.000511169,0.035797119,0.026861191,0.03011322,-0.040641785,0.021759033,-0.03503418,0.000473022,-0.005737305,-3.89665E-06,0.013824463,-0.009643555,0.019287109,-0.043701172,-0.014404297,0.016052246,-0.053039551,-0.001356989,-0.000962062,-0.018463135,-0.000856687,0.048995972,0.003585815,0.020629883,0.044792175,0.021514893,0.017944336,-3.74578E-05,2.60249E-05,-2.98396E-06,0.051425934,0.001617432,0.005065918
2.11,0.005981445,0.071304321,-0.026855469,0.003768921,-0.008893967,0.056427002,0.065002441,0.017715454,-0.003883362,0.014772415,-0.003128052,0.003541946,0.02053833,-0.012268066,0.030593872,0.007385254,3.20207E-05,0.039520264,-0.041290283,0.03754425,-0.025817871,-0.023193359,0.038078308,-0.007644653,-0.001356989,-0.000961311,0.046173096,-0.000854435,0.009429932,0.016799927,-0.004821777,0.050895691,0.031555176,0.034606934,-6.58892E-05,-3.46843E-05,-2.94372E-05,0.01506424,-0.012893677,0.01852417
2.12,0.017333984,0.048194885,0.027862549,-0.015914917,-0.000509262,0.025970459,0.043701172,0.044441223,0.018966675,0.02807045,-0.004356384,0.028089523,0.014373779,-0.03503418,0.041427612,-0.039215088,7.73901E-05,0.019958496,-0.02545166,0.024162292,0.020141602,-0.080078125,0.019729614,-0.008850098,-0.001349487,-0.000950797,-0.023513794,-0.000843923,0.023025513,0.001190186,-0.001220703,0.047233582,0.01776123,0.02053833,-4.50406E-05,-1.0021E-05,-5.77793E-05,-0.038852692,-0.02015686,0.045471191
2.13,0.026184082,0.004394531,0.03453064,-0.036819458,-0.028060913,0.01739502,-0.012573242,0.037155151,0.030990601,0.042577744,0.037498474,-0.014867783,-0.008972168,-0.03503418,0.01612854,0.001403809,3.76916E-05,0.015045166,0.012268066,-0.012359619,-0.002807617,-0.060302734,-0.009635925,0.000961304,-0.001356238,-0.000947793,-0.064071655,-0.000844674,0.023025513,-0.016830444,0.033935547,0.047233582,0.029022217,-0.016571045,4.02518E-05,8.29417E-05,1.40183E-05,0.01506424,-0.010482788,0.021209717
2.14,0.037536621,0.023857117,-0.012161255,-0.012237549,-0.026863098,0.051544189,0.011230469,-0.002937317,0.00213623,0.035324097,0.053497314,-0.023459435,-0.033538818,-0.01348877,-0.004348755,0.034881592,-2.00607E-06,0.00769043,0.009857178,-0.01966095,-0.013061523,-0.026855469,-0.030426025,0.0181427,-0.001355488,-0.000956805,-0.001983643,-0.000842422,-0.009109497,-0.02041626,0.026672363,0.026489258,0.059082031,0.039733887,-1.28187E-05,0.000122782,0.000100937,0.05393219,-0.031036377,-0.00302124
2.15,0.013549805,0.027511597,-0.049530029,0.005004883,0.00787735,0.029602051,0.036193848,-0.006576538,0.005744934,0.018400192,0.041191101,-0.00014019,0.011932373,0.000915527,-0.036880493,-0.009307861,7.54995E-05,-0.020446777,-0.001098633,0.003463745,0.015014648,-0.01940918,-0.02431488,-0.027267456,-0.001349487,-0.00096807,0.003082275,-0.000846176,0.018096924,-0.048034668,0.035095215,-0.01865387,0.000213623,0.093475342,-4.12501E-05,7.53514E-05,8.77082E-05,0.052677155,-0.054016113,0.017181396
2.16,-0.014221191,-0.004119873,-0.009506226,-0.054031372,0.012670517,0.001525879,-0.010070801,0.000701904,0.035797119,0.011146545,0.064575195,-0.009958267,0.034057617,-0.008666992,-0.053741455,-0.010559082,7.54995E-05,0.011383057,-0.008422852,0.029022217,0.020141602,-0.014404297,0.000152588,-0.037094116,-0.001356989,-0.000965066,-0.007049561,-0.000855936,0.025497437,-0.052841187,0.024230957,-0.000350952,-0.029846191,0.014129639,1.18203E-05,-4.32879E-06,5.37001E-05,0.05393219,-0.057632446,0.019866943
2.17,0.022399902,0.001960754,-0.008163452,-0.072494507,-0.016082764,0.029602051,-0.005065918,-0.006576538,0.035797119,0.054664612,0.069496155,-0.027141571,-0.005279541,-0.044616699,0.008911133,0.004974365,-7.95117E-05,0.035827637,-0.035217285,0.041191101,-0.052612305,0.009033203,-0.010864258,0.000961304,-0.001356238,-0.000962062,0.011947632,-0.00084993,-0.014053345,-0.019226074,-0.021850586,0.043571472,0.034057617,-0.034515381,-5.64121E-05,-7.26283E-05,6.50361E-05,-0.003742218,-0.029830933,0.023925781
2.18,0.042572021,0.012908936,-0.074874878,0.006240845,-0.010091782,0.043029785,0.034973145,-0.006576538,0.010551453,0.051040649,0.010414124,-0.025914192,-0.020019531,-0.050598145,0.042633057,-0.002197266,-4.17037E-05,-0.017974854,-0.021820068,0.009552002,-0.10369873,0.052368164,-0.029205322,-0.016220093,-0.001347237,-0.000959058,-0.005783081,-0.000843172,0.013153076,-0.006011963,0.00970459,0.037475586,0.01776123,0.024383545,-7.53645E-05,-5.17592E-05,5.55888E-05,-0.018791199,0.005233765,0.037384033
2.19,0.016052246,-0.002906799,-0.044189453,0.0234375,0.021055222,0.003997803,-0.010070801,-0.039382935,0.022575378,-0.028747559,-0.011741638,0.013360977,-0.020019531,-0.015869141,0.001678467,0.006225586,0.000147333,-0.011871338,0.023254395,-0.026954651,-0.020690918,0.043701172,-0.009635925,-0.059188843,-0.001341986,-0.00094554,-0.015930176,-0.000844674,0.060119629,0.00239563,0.012084961,0.015510559,-0.034881592,0.04486084,-5.2359E-06,-1.95075E-05,5.18113E-05,0.007541656,0.033050537,0.001037598
2.2,0.008483887,-0.005340576,0.031860352,-0.00730896,0.01027298,-0.002105713,-0.026306152,-0.055168152,0.047821045,-0.019075394,0.022727966,0.02072525,-0.022491455,0.002075195,-0.012771606,0.002624512,7.73901E-05,0.043182373,0.008636475,-0.007484436,0.057189941,0.020263672,-0.00718689,-0.022354126,-0.001347237,-0.000940282,-0.015930176,-0.000847677,0.030456543,-0.010818481,-0.02545166,0.01184845,-0.012329102,0.015411377,-8.86321E-05,1.84365E-05,0.000119831,-0.026313782,0.047561646,-0.015136719
2.21,0.022399902,-0.004119873,0.009185791,0.007446289,-0.005298615,0.040557861,0.038696289,-0.023590088,0.008148193,0.038951874,0.009178162,-0.003822327,-0.015106201,-0.014648438,-0.001937866,-0.01171875,-2.28006E-05,0.023590088,-0.019378662,0.016860962,0.022705078,-0.004638672,-0.030426025,0.003417969,-0.001356989,-0.000958307,-0.017181396,-0.000853684,-0.018981934,-0.01802063,0.012084961,-0.005233765,-0.012329102,0.016693115,-0.000170132,2.60249E-05,0.000144392,-0.015029907,0.010070801,0.019866943
2.22,0.018585205,-0.043052673,-0.030838013,0.002532959,0.029441833,0.039367676,0.046203613,-0.011436462,-0.018310547,0.014772415,-0.022819519,0.001087189,0.003326416,-0.009887695,-0.001937866,0.004974365,2.44593E-05,-0.029022217,-0.002349854,0.013198853,-0.029663086,-0.035400391,-0.023086548,-0.057952881,-0.001351738,-0.000968821,-0.010848999,-0.000854435,-0.004165649,0.026397705,0.010925293,0.003311157,-0.017333984,0.028198242,-5.45159E-05,-5.93476E-05,0.000100937,0.010047913,-0.03225708,0.023925781
2.23,0.000946045,-0.074684143,-0.009506226,-0.006072998,0.04740715,0.018585205,0.029968262,0.005561829,0.015357971,-0.013031006,-0.009284973,0.014588356,0.004547119,0.009277344,0.008911133,0.01574707,-2.28006E-05,-0.036315918,-0.016937256,-0.005050659,-0.020690918,0.006591797,0.001373291,-0.069015503,-0.001351738,-0.000955303,-0.018463135,-0.000855186,0.024276733,0.043197632,-0.013305664,0.061882019,0.047821045,0.007720947,5.92042E-05,-5.17592E-05,7.25947E-05,-0.00750351,-0.004425049,-0.000305176
2.24,0.042572021,-0.005340576,0.007843018,-0.013442993,0.018657684,0.021057129,0.032470703,0.031082153,0.01776123,0.00510025,0.01902771,0.03177166,-0.021270752,-0.005126953,0.013717651,0.002624512,-7.19503E-05,0.000366211,-0.047393799,-0.001396179,0.020141602,0.022705078,-0.001075745,-0.043228149,-0.001355488,-0.000957556,-0.022262573,-0.000851432,0.037872314,0.005981445,0.012084961,0.05821228,0.042816162,-0.006347656,-1.66092E-05,2.41287E-05,3.66941E-05,1.90735E-05,0.041519165,0.011779785
2.25,0.075408936,0.067657471,-0.018844604,-0.04788208,-0.006498337,0.012542725,0.028747559,0.034721375,0.00213623,0.03169632,0.03503418,0.019497871,-0.022491455,-0.011047363,-0.026031494,-0.002197266,-4.73754E-05,0.027282715,9.15527E-05,0.0338974,0.030395508,-0.007080078,-0.010864258,-0.022354126,-0.001338985,-0.000962813,-0.00958252,-0.000847677,0.0675354,-0.019226074,0.007263184,0.043571472,-0.02734375,3.05176E-05,-9.05283E-05,-4.41708E-05,3.48054E-05,0.006286621,0.019760132,0.013153076
2.26,0.026184082,0.016563416,-0.016174316,-0.028198242,0.000688553,0.021057129,0.034973145,0.020141602,0.008148193,0.051040649,0.021499634,-0.016095161,-0.011413574,-0.000305176,-0.041687012,0.000213623,-2.84715E-05,0.043182373,0.047576904,0.021720886,0.013793945,-0.000854492,-0.014526367,0.025512695,-0.001337485,-0.000947793,0.01574707,-0.000861943,0.065063477,0.003585815,-0.007263184,0.069198608,-0.002288818,-0.023010254,2.34507E-06,-0.000125749,6.50361E-05,0.00377655,-0.037094116,-0.052825928
2.27,-0.00793457,-0.004119873,0.023849487,0.008682251,-0.008893967,0.03692627,0.011230469,-0.016296387,-0.018310547,0.040159225,0.001792908,0.007224083,-0.040924072,-0.005126953,-0.020004272,0.001403809,-4.92651E-05,0.040740967,0.01348877,0.002250671,0.000976563,0.002929688,-0.021865845,-0.001480103,-0.001352488,-0.00094554,0.018295288,-0.000866448,0.006958008,0.027603149,0.002441406,0.033813477,0.032775879,-0.024291992,4.40422E-05,-5.74496E-05,4.61414E-05,0.01631546,-0.031036377,-0.052825928
2.28,-0.012969971,0.044540405,0.011856079,-0.014678955,-0.024467468,0.021057129,-0.016296387,-0.029663086,-0.032737732,0.026861191,0.007949829,0.021952629,-0.054443359,-0.023010254,-0.026031494,0.01574707,-8.14013E-05,0.01260376,0.002532959,0.025375366,-0.000244141,-0.025634766,-0.010864258,-0.055511475,-0.001350987,-0.00095305,-0.027313232,-0.000853684,0.009429932,0.008392334,-0.002441406,-0.001564026,0.008972168,0.007720947,-3.36673E-05,-2.33017E-05,2.34693E-05,0.056438446,0.024581909,0.019866943
2.29,-0.019287109,0.021430969,-0.016174316,-0.013442993,0.022253036,0.039367676,-0.023803711,-0.009010315,0.003334045,0.03169632,0.007949829,-0.022232056,-0.036010742,-0.043457031,-0.029647827,0.02532959,-6.62785E-05,0.00894165,0.014709473,0.02293396,-0.006652832,-0.067626953,0.002601624,-0.033401489,-0.001354738,-0.00095305,-0.034927368,-0.00084993,0.076187134,-0.001220703,-0.012145996,0.024055481,-0.008544922,-0.001251221,-6.96778E-05,-8.78051E-05,2.91355E-05,0.071483612,0.016113281,0.003692627
2.3,0.011016846,-0.007774353,-0.013504028,-0.001159668,0.033033371,0.064941406,-0.026306152,0.006782532,0.024978638,0.043787003,-0.001899719,-0.001367569,-0.018798828,-0.055419922,-0.040496826,-0.003356934,-5.78631E-06,-0.004547119,0.014709473,0.010772705,0.016357422,-0.030517578,0.006263733,-0.006408691,-0.001357739,-0.000951548,0.008163452,-0.000855186,0.052703857,-0.007217407,0.001220703,0.041137695,-0.00982666,-0.028106689,-4.69331E-05,-4.22727E-05,5.93662E-05,0.013809204,-0.027404785,-0.02053833
2.31,0.038787842,0.017776489,-0.044189453,-0.022064209,-0.007696152,0.027160645,-0.001281738,0.01285553,0.014152527,0.049829483,-0.016662598,0.056318283,0.009460449,-0.02545166,-0.063369751,-0.032012939,1.31167E-05,-0.017974854,0.05368042,0.004684448,0.036743164,0.046142578,0.017280579,-0.001480103,-0.001347987,-0.000950797,0.000549316,-0.000855186,-0.005386353,-0.039627075,0.01574707,0.022834778,0.024017334,-0.023010254,-3.34159E-06,1.84365E-05,0.000148173,-0.011268616,-0.00201416,0.025238037
2.32,0.033752441,0.022644043,-0.020172119,-0.033126831,-0.008893967,0.018585205,0.011230469,-0.006576538,-0.014701843,0.022026062,-0.037597656,0.028089523,0.006988525,0.010498047,-0.036880493,-0.002197266,-2.28006E-05,0.028503418,0.029327393,-0.018447876,-0.015625,0.018920898,0.006263733,0.015701294,-0.001351738,-0.000953801,-0.020980835,-0.000855186,0.016860962,-0.014419556,0.004882813,0.030158997,0.044067383,-0.011474609,-4.50406E-05,-1.95075E-05,0.000131167,0.027603149,0.024581909,0.054870605
2.33,0.033752441,0.015342712,0.045211792,-0.046661377,-0.017280579,0.038116455,0.019958496,-0.001724243,-0.000274658,0.023235321,-0.024047852,-0.011185646,-0.012664795,0.003295898,0.017333984,0.037261963,5.47059E-05,0.037078857,-0.019378662,-0.045211792,-0.027099609,-0.055297852,-0.029205322,0.012023926,-0.001353988,-0.000956054,-0.023513794,-0.000855936,0.030456543,0.035995483,-0.01574707,0.055778503,-0.002288818,-0.023010254,-0.000132225,-1.76094E-05,-3.1326E-05,0.036376953,-0.005645752,0.031982422
2.34,0.041320801,0.022644043,-0.012161255,-0.024520874,-0.036445618,0.007629395,0.056213379,0.025001526,0.044212341,0.059501648,0.028884888,-0.02836895,0.013153076,0.008117676,0.040237427,0.009796143,0.000109526,-0.027770996,0.023254395,-0.042793274,-0.004089355,-0.067626953,-0.043891907,-0.019897461,-0.001353238,-0.000956805,-0.046325684,-0.000850681,0.026748657,-0.001220703,-0.004821777,0.021614075,-0.028625488,-0.014038086,-0.000126539,-1.19172E-05,-3.51034E-05,0.025093079,0.001617432,-0.027252197
2.35,0.042572021,0.012908936,-0.049530029,0.028366089,-0.048427582,0.0027771,0.038696289,0.005561829,0.014152527,0.032905579,0.031341553,-0.038187027,0.034057617,0.014099121,0.012512207,-0.014129639,-2.00607E-06,-0.053466797,0.051239014,-0.013572693,-0.060302734,-0.005737305,-0.020637512,-0.016220093,-0.001359989,-0.000963564,-0.064071655,-0.000850681,0.050231934,-0.028823853,0.044799805,-0.008888245,-0.018585205,0.02053833,-0.000111377,-8.40109E-05,4.80302E-05,0.012554169,0.045135498,-0.036682129
2.36,0.028686523,-0.00655365,0.007843018,0.002532959,-0.048427582,0.044219971,-0.005065918,0.005561829,-0.014701843,0.00268364,0.00302887,-0.008730888,0.027893066,-0.017089844,-0.027236938,0.013397217,1.7751E-06,-0.035125732,0.048797607,0.002250671,-0.073059082,0.021484375,0.024620056,-0.005172729,-0.001361489,-0.000964315,-0.047607422,-0.000852933,0.023025513,0.021591187,0.077514648,0.030158997,-0.017333984,0.024383545,-9.43169E-05,-0.000116264,-1.99899E-05,-0.00750351,0.043945313,0.009094238
2.37,0.005981445,0.004394531,-0.005493164,-0.008529663,-0.022069931,0.023498535,0.026245117,0.045654297,0.010551453,0.035324097,0.033805847,0.015815735,-0.002807617,-0.02545166,-0.016387939,0.022918701,5.47059E-05,-0.003326416,0.047576904,0.014427185,-0.002807617,-0.014404297,0.039306641,-0.016220093,-0.001362239,-0.000962813,-0.027313232,-0.000856687,-0.009109497,0.026397705,0.038757324,0.065536499,-0.00982666,0.007720947,-8.67378E-05,-4.41708E-05,-2.18786E-05,0.013809204,0.000396729,0.005065918
2.38,0.003448486,0.004394531,-0.028182983,0.033279419,-0.018476486,-0.036254883,0.037475586,0.032295227,0.011749268,0.035324097,0.043655396,0.008451462,-0.032318115,-0.007446289,0.004089355,0.008575439,-2.28006E-05,0.013824463,0.023254395,0.02293396,0.027832031,-0.008300781,0.01360321,0.002197266,-0.001356989,-0.000961311,-0.038726807,-0.000861192,0.026748657,-0.014419556,-0.00970459,0.048454285,-0.003540039,-0.002532959,-0.000179609,2.98191E-05,6.88173E-05,0.012554169,-0.033447266,-0.038024902
2.39,0.009765625,-0.024803162,-0.01083374,0.011154175,-0.013687134,-0.011871338,-0.018798828,-0.013870239,-0.013496399,0.015981674,-0.008049011,-0.014867783,0.004547119,0.004516602,-0.007965088,0.009796143,-5.87171E-05,-0.02532959,-0.002349854,0.005897522,0.00994873,-0.031738281,-0.010864258,0.002197266,-0.001344986,-0.000947042,-0.047607422,-0.000852933,0.050231934,-1.52588E-05,0.00604248,0.00453186,-0.022338867,0.00390625,-0.0001834,-1.38152E-05,2.91355E-05,-0.033836365,-0.022567749,-0.023223877
2.4,0.031219482,-0.016288757,-0.013504028,-0.011001587,0.016262054,0.030822754,-0.037536621,-0.024803162,-0.032737732,0.030488968,-0.04498291,-0.01732254,0.030334473,0.02722168,-0.001937866,0.021759033,-2.46903E-05,-0.019226074,0.015930176,-0.005050659,-0.000244141,-0.094970703,0.000152588,-0.02482605,-0.001347237,-0.000941033,-0.023513794,-0.000858189,0.042816162,0.022796631,0.030273438,-0.004013062,-0.023590088,0.025665283,-1.44541E-06,-0.000108674,-3.1326E-05,-0.018791199,0.011291504,0.037384033
2.41,0.055206299,0.009262085,0.009185791,0.009918213,0.006679535,0.011291504,-0.016296387,-0.010223389,-0.036346436,0.008728027,-0.041290283,0.013360977,0.010681152,0.015258789,-0.007965088,0.008575439,2.44593E-05,0.016265869,0.046356201,0.010772705,0.007385254,-0.036743164,0.003814697,-0.01008606,-0.001356989,-0.000953801,0.006881714,-0.000876209,0.039093018,0.022796631,0.029052734,0.005752563,0.000213623,0.019256592,0.000114171,-4.22727E-05,7.93487E-07,0.010047913,0.025802612,0.033325195
2.42,0.024902344,0.011695862,0.027862549,0.025909424,-0.018476486,0.022247314,-0.011291504,0.017715454,-0.02671814,0.000265121,0.007949829,0.029316902,0.032806396,-0.036254883,-0.017608643,0.018157959,8.87318E-05,-0.046112061,0.01348877,0.004684448,0.018859863,0.027587891,-0.00718689,0.012023926,-0.001360739,-0.000967319,0.01574707,-0.000870202,0.044052124,0.046813965,0.033935547,-0.000350952,-0.016082764,0.024383545,1.7507E-05,-1.57133E-05,1.96882E-05,0.007541656,0.011291504,-0.028625488
2.43,0.000946045,0.036026001,0.019851685,0.01852417,-0.013687134,0.051544189,-0.010070801,0.006782532,0.014152527,0.051040649,0.026420593,0.057545662,0.008239746,-0.030212402,0.031784058,0.056396484,7.17184E-05,-0.069366455,0.004974365,-0.028182983,0.003540039,-0.01574707,0.003814697,0.005859375,-0.001356989,-0.00096807,-0.013381958,-0.000861943,0.072479248,0.062423706,0.02545166,0.020393372,-0.043640137,0.028198242,-0.000126539,-0.000129543,-4.87268E-06,0.030109406,-0.009262085,-0.023223877
2.44,0.027435303,0.027511597,0.033187866,-0.025756836,0.006679535,0.049072266,0.012512207,-0.009010315,0.049026489,0.044994354,-0.000663757,0.056318283,-0.034759521,0.014099121,0.049865723,0.014556885,-9.56748E-06,0.00769043,0.045135498,-0.025741577,-0.03729248,-0.024291992,0.011161804,-0.002716064,-0.001351738,-0.000955303,-0.057739258,-0.000863445,0.056411743,0.042007446,0.002441406,0.032592773,-0.03237915,-0.021728516,-0.000109481,-8.02167E-05,-1.05426E-05,0.036376953,0.008880615,0.01449585
2.45,0.060272217,0.006828308,0.014511108,-0.038040161,0.004283905,0.049072266,0.032470703,0.020141602,0.026176453,0.02807045,0.017807007,-0.014867783,0.032806396,0.034423828,-0.007965088,-0.006958008,7.44592E-06,0.035827637,0.008636475,0.004684448,-0.048828125,0.025146484,0.033180237,-0.026031494,-0.001347237,-0.000950797,-0.066604614,-0.000853684,0.024276733,0.021591187,0,0.014289856,-0.001037598,-0.001251221,-4.31444E-05,2.03345E-05,7.44835E-05,0.018825531,0.028213501,-0.00302124
2.46,0.0652771,0.046974182,-0.016174316,-0.045425415,-0.005298615,0.024719238,0.028747559,0.031082153,-0.002677917,0.025651932,0.009178162,-0.019777298,0.037750244,0.042785645,-0.035675049,0.034881592,4.90341E-05,0.024810791,-0.036407471,0.025375366,-0.030883789,0.009033203,0.055206299,-0.033401489,-0.001347237,-0.000953801,-0.02986145,-0.000862694,0.048995972,-1.52588E-05,0.024230957,0.025268555,0.010223389,0.051239014,-8.67378E-05,1.36159E-06,0.000125498,0.026348114,0.020950317,-0.016479492
2.47,0.042572021,-0.001686096,0.009185791,-0.063873291,0.00548172,-0.003326416,0.018737793,0.007995605,-0.005081177,-0.010614395,-0.035133362,0.03177166,-0.017547607,0.047607422,-0.012771606,0.014556885,-2.28006E-05,0.027282715,-0.046142578,-0.009918213,-0.001586914,-0.036743164,0.031967163,-0.016220093,-0.001359239,-0.000955303,0.017028809,-0.000876209,0.070007324,-0.016830444,0.053283691,0.043571472,0.007720947,0.011566162,-9.62131E-05,-6.12456E-05,4.04753E-05,0.027603149,0.011291504,0.005065918
2.48,0.007232666,-0.062515259,0.005172729,-0.003601074,0.001886368,0.043029785,0.004943848,-0.018730164,0.006942749,0.006311417,-0.021598816,0.015815735,-0.000366211,0.03918457,-0.016387939,-0.016479492,-6.62785E-05,-0.005767822,-0.059570313,-0.056175232,0.012451172,-0.014404297,0.017280579,-0.017456055,-0.001369741,-0.000959058,0.006881714,-0.000865697,0.060119629,-0.004806519,0.048461914,0.00819397,0.027801514,0.0128479,-2.60845E-05,-0.000106778,-4.83319E-05,0.021331787,-0.010482788,0.011779785
2.49,-0.005401611,0.010475159,-0.017501831,0.039428711,0.021055222,0.069854736,-0.022521973,0.015281677,0.01776123,0.040159225,-0.008049011,-0.021004677,-0.006500244,0.023681641,-0.021224976,-0.006958008,-5.87171E-05,-0.038787842,-0.020599365,0.005897522,-0.006652832,0.025146484,0.009941101,0.000961304,-0.00136524,-0.000959058,-0.042526245,-0.000867199,0.031692505,-1.52588E-05,0.020629883,-0.019874573,0.030273438,0.049957275,-9.02824E-06,-4.7965E-05,-1.99899E-05,0.022583008,0.005233765,0.015838623
2.5,0.007232666,0.021430969,0.01852417,0.001312256,0.04740715,0.01739502,-0.027526855,0.044441223,0.024978638,0.024442673,-0.020355225,-0.018549919,-0.007751465,-0.005126953,0.007705688,0.009796143,-0.000119209,0.028503418,0.02444458,0.049720764,0.018859863,0.028930664,-0.021865845,-0.000274658,-0.001353238,-0.000954552,-0.041259766,-0.0008687,0.00201416,-0.01802063,0.008483887,0.020393372,0.037811279,0.032043457,-7.13207E-06,3.74094E-05,6.69248E-05,0.008792877,0.040298462,0.029296875
2.51,0.012298584,-0.022369385,0.042526245,-0.006072998,-0.0041008,0.008880615,0.011230469,-0.000511169,0.03339386,0.041368484,-0.005592346,-0.018549919,0.014373779,-0.054199219,0.013717651,0.022918701,-0.000105976,0.087219238,0.023254395,-0.014793396,0.036743164,0.015258789,-0.031654358,-0.049346924,-0.001344236,-0.000952299,-0.004516602,-0.000858189,-0.009109497,-0.008422852,0.013305664,0.053337097,0.047821045,0.03717041,-3.34159E-06,4.6894E-05,1.59107E-05,0.0050354,-0.00201416,0.010437012
2.52,0.021118164,-0.002906799,0.025192261,-0.00239563,-0.049621582,0.040557861,0.026245117,-0.022369385,0.003334045,0.072799683,-0.008049011,-0.034505844,-0.012664795,-0.041015625,0.022155762,0.034881592,5.28144E-05,-0.010650635,0.017120361,-0.042793274,-0.009216309,0.018920898,0.014831543,-0.049346924,-0.001347237,-0.000950046,-0.017181396,-0.000867199,-0.004165649,0.011993408,0.01574707,0.049674988,0.010223389,0.038452148,-4.31444E-05,-1.38152E-05,-6.72266E-05,0.026348114,-0.037094116,-0.005737305
2.53,0.024902344,-0.011421204,0.001174927,-0.065109253,-0.006498337,0.043029785,-6.10352E-05,-0.024803162,-0.027923584,0.023235321,-0.02898407,-0.009958267,0.009460449,0.024841309,0.026977539,0.055175781,0.00012654,-0.071807861,0.020782471,0.001029968,-0.029663086,0.016479492,0.067436218,-0.006408691,-0.001347987,-0.00096056,-0.05140686,-0.000870953,0.040344238,-0.003616333,-0.01940918,0.048454285,0.003967285,0.00390625,-8.10511E-05,-5.36572E-05,3.66941E-05,0.038887024,-0.01411438,0.003692627
2.54,0.060272217,-0.029670715,-0.026855469,-0.097091675,0.040222168,0.039367676,0.026245117,-0.01750946,-0.005081177,-0.026329041,-0.009284973,0.052636147,0.046325684,0.020080566,0.017333984,0.043212891,7.36089E-05,0.010162354,0.035400391,0.027809143,-0.009216309,-0.031738281,0.060096741,0.015701294,-0.001345737,-0.000971825,-0.042526245,-0.000857438,0.061355591,-0.007217407,-0.033874512,0.024055481,0.019012451,3.05176E-05,-7.1574E-05,-1.0021E-05,8.39308E-05,0.021331787,-0.027404785,-0.035339355
2.55,0.093078613,-0.00655365,-0.018844604,-0.019592285,0.034231186,0.01739502,0.049987793,0.018928528,-0.000274658,0.00510025,0.023948669,0.050181389,-0.036010742,-0.02545166,0.043838501,-0.000976563,7.54995E-05,0.051757813,0.035400391,0.001029968,-0.009216309,-0.005737305,0.016052246,0.002197266,-0.001362239,-0.000963564,-0.042526245,-0.000857438,0.040344238,0.035995483,0.024230957,0.014289856,-0.012329102,0.011566162,-7.34683E-05,-1.76094E-05,-1.99899E-05,0.011302948,-0.058853149,-0.031280518
2.56,0.022399902,-0.005340576,0.015853882,0.016067505,0.025846481,-0.008239746,-0.018798828,0.027435303,-0.020713806,0.034114838,0.011642456,-0.005049706,-0.061798096,-0.024291992,0.035400391,0.006225586,9.06223E-05,0.032165527,0.022003174,-0.002624512,-0.020690918,0.046142578,0.000152588,-0.007644653,-0.001369741,-0.000956054,-0.061538696,-0.000864196,0.065063477,0.038406372,0.020629883,0.046012878,-0.014801025,0.007720947,-0.000143597,-6.22682E-06,7.82609E-05,0.051425934,-0.043136597,0.033325195
2.57,-0.015472412,-0.004119873,0.013183594,-0.013442993,0.009075165,-0.020385742,-0.038757324,0.020141602,0.003334045,0.035324097,-0.036369324,0.002314568,0.043884277,-0.012268066,-0.034469604,0.032501221,4.33633E-05,0.00769043,0.022003174,0.032684326,-0.006652832,-0.041748047,-0.004737854,0.003417969,-0.001356238,-0.000963564,-0.048858643,-0.000853684,0.065063477,-0.008422852,-0.008483887,0.047233582,0.008972168,-0.014038086,-0.000115167,4.12036E-05,0.000233199,0.043899536,-0.031036377,0.010437012
2.58,0.042572021,0.009262085,-0.006835938,-0.006072998,-0.018476486,-0.027709961,0.001220703,0.023788452,0.038208008,0.043787003,-0.048675537,0.047726631,0.059844971,-0.021850586,-0.006744385,0.007385254,-3.89665E-06,0.013824463,0.022003174,0.013198853,-0.009216309,-0.061401367,-0.013313293,0.004653931,-0.001358489,-0.000959809,-0.037460327,-0.000848428,-0.005386353,-0.004806519,0.052062988,0.020393372,0.025268555,-0.031951904,1.94032E-05,-4.7965E-05,0.000104714,-0.040103912,-0.018951416,0.001037598
2.59,0.023651123,0.010475159,0.0025177,-0.030670166,-0.00170517,0.011291504,-0.007568359,0.028648376,0.038208008,0.023235321,0.000564575,0.029316902,0.002105713,-0.032653809,0.05708313,0.020507813,-1.71289E-05,0.03338623,0.01348877,-0.018447876,-0.00793457,0.014038086,0.012390137,0.000961304,-0.001361489,-0.000947793,-0.034927368,-0.000862694,-0.044937134,0.014389038,0.043640137,0.016731262,0.036529541,-0.006347656,1.56127E-05,-6.31418E-05,-1.99899E-05,-0.032585144,0.006454468,0.034667969
2.6,-0.014221191,0.043327332,0.01852417,-0.046661377,0.01027298,0.044219971,0.012512207,0.017715454,0.028579712,-0.006986618,0.01410675,-0.019777298,0.013153076,-0.006286621,-0.006744385,0.065917969,3.01311E-05,0.00402832,-0.012084961,-0.009918213,0.015014648,-0.020629883,0.049095154,-0.011322021,-0.001353238,-0.00095305,-0.010848999,-0.000864946,-0.009109497,-0.006011963,-0.020568848,0.024055481,0.01776123,0.023101807,-3.17711E-05,6.39707E-05,1.40183E-05,0.051425934,-0.004425049,-0.009765625
2.61,0.041320801,0.05670929,0.010513306,-0.014678955,-0.016082764,0.005187988,0.057495117,0.003135681,0.015357971,0.017189026,-0.024047852,-0.012413025,0.02545166,0.020080566,-0.0440979,0.026519775,3.01311E-05,-0.008178711,-0.021820068,0.003463745,-0.025817871,-0.031738281,0.023391724,-0.027267456,-0.001360739,-0.000956054,0.009414673,-0.000857438,0.052703857,0.005981445,0.019348145,0.044792175,0.021514893,0.009002686,-2.79807E-05,0.000109503,3.48054E-05,0.0664711,-0.005645752,-0.025909424
2.62,0.041320801,0.012908936,-0.006835938,-0.028198242,-0.00170517,-0.002105713,0.042480469,0.018928528,0.008148193,0.040159225,-0.027740479,0.021952629,0.003326416,-0.014648438,-0.001937866,-0.002197266,-5.30463E-05,-0.005767822,0.02444458,0.02293396,-0.059020996,0.011474609,-0.012077332,-0.039535522,-0.001371991,-0.000946291,0.009414673,-0.000863445,0.077423096,0.029998779,0.065429688,0.050895691,0.022766113,0.007720947,-7.53645E-05,6.7763E-05,8.96007E-05,0.05393219,0.00402832,0.034667969
2.63,-0.004119873,-0.004119873,0.001174927,-0.024520874,0.025846481,0.027160645,0.007507324,-0.006576538,0.026176453,0.012353897,-0.012985229,0.001087189,0.010681152,-0.041015625,-0.011581421,0.038452148,-0.000121099,-0.03024292,0.047576904,0.029022217,-0.001586914,-0.025634766,-0.002296448,-0.040771484,-0.001360739,-0.000955303,-0.004516602,-0.000866448,0.061355591,0.010787964,0.036376953,0.025268555,-0.018585205,0.024383545,-2.98768E-05,7.05384E-06,8.77082E-05,0.026348114,-0.03225708,0.034667969
2.64,0.026184082,0.003181458,-0.009506226,-0.004837036,0.001886368,0.024719238,0.008728027,-0.049095154,0.020172119,-0.006986618,0.006721497,-0.016095161,0.019287109,-0.005126953,-0.026031494,0.018157959,-0.000140003,-0.044891357,0.009857178,0.013198853,0.018859863,-0.049072266,0.003814697,-0.01008606,-0.001352488,-0.000966568,-0.03112793,-0.000864946,0.041564941,-0.012008667,0.007263184,0.03503418,-0.023590088,0.023101807,8.38432E-05,-2.43261E-06,1.21295E-05,-0.027565002,-0.047973633,-0.023223877
2.65,0.019866943,-0.00655365,-0.046844482,-0.045425415,-0.006498337,0.022247314,0.028747559,-0.001724243,-0.001472473,0.00510025,0.015335083,0.023180008,0.006988525,-0.002685547,-0.013977051,-0.055969238,-6.06077E-05,-0.024108887,-0.003570557,-0.001396179,-0.021972656,-0.000854492,0.024620056,0.015701294,-0.001359239,-0.000951548,-0.038726807,-0.000866448,0.034164429,-0.003616333,0.020629883,0.05821228,0.001464844,0.043579102,6.13369E-06,5.06882E-05,-1.432E-05,-0.002490997,-0.008071899,-0.028625488
2.66,-0.026855469,-0.015068054,-0.033508301,-0.061416626,0.006679535,0.012542725,0.046203613,0.037155151,0.020172119,0.030488968,-0.015434265,0.005996704,-0.026153564,-0.037414551,-0.036880493,-0.032012939,6.03767E-05,0.011383057,-0.013305664,-0.001396179,-0.036010742,0.012817383,0.033180237,-0.006408691,-0.001356238,-0.00095305,-0.019729614,-0.000861943,0.008209229,0.031204224,0.054504395,0.048454285,0.008972168,0.026947021,-7.9155E-05,7.53514E-05,6.46338E-06,0.040138245,-0.000808716,-0.027252197
2.67,-0.035705566,-0.015068054,0.026519775,-0.035583496,-0.012487411,0.007629395,0.02746582,0.01285553,0.032188416,0.036533356,-0.011741638,-0.018549919,-0.045837402,-0.021850586,-0.039291382,0.013397217,6.79381E-05,-0.000854492,-0.0546875,0.013198853,-0.041137695,-0.016845703,-0.016975403,-0.038330078,-0.001348737,-0.00096807,-0.038726807,-0.000853684,-0.004165649,0.032409668,0.060546875,0.025268555,0.021514893,-0.033233643,2.88785E-05,5.63804E-05,4.04753E-05,0.021331787,-0.000808716,-0.056884766
2.68,-0.028106689,-0.012634277,0.042526245,-0.028198242,-0.00170517,0.03692627,-6.10352E-05,-0.002937317,0.020172119,0.017189026,0.01410675,0.025634766,-0.001586914,-0.006286621,0.0052948,-0.026092529,-2.65809E-05,-0.031463623,-0.041290283,0.013198853,-0.055175781,-0.026855469,-0.025535583,-0.026031494,-0.001354738,-0.000966568,-0.039993286,-0.000860441,0.037872314,0.013183594,0.042358398,0.013069153,0.015258789,-0.001251221,9.90089E-05,4.49978E-05,7.93487E-07,0.025093079,0.033050537,-0.012451172
2.69,-0.004119873,-0.01385498,0.003845215,-0.049118042,0.031835556,0.041778564,0.036193848,0.000701904,0.028579712,0.019607544,-0.009284973,0.013360977,0.027893066,-0.023010254,0.017333984,-0.026092529,-3.22517E-05,-0.024108887,9.15527E-05,-0.018447876,-0.03729248,-0.035400391,0.008712769,0.002197266,-0.001356238,-0.000969572,0.008163452,-0.000873205,0.045288086,0.029998779,0.023010254,0.025268555,-0.012329102,0.051239014,1.18203E-05,5.1558E-06,-1.09524E-06,0.032619476,0.030639648,0.023925781
2.7,0.023651123,-0.032104492,-0.037506104,-0.052825928,0.027044296,0.040557861,0.048706055,0.032295227,0.014152527,0.032905579,-0.020355225,-0.00014019,-0.005279541,-0.021850586,-0.015197754,0.020507813,0.000101965,-0.019226074,-0.003570557,-0.044006348,-0.004089355,-0.049072266,-0.001075745,-0.016220093,-0.001353238,-0.000974078,0.000549316,-0.000862694,-0.002914429,0.02520752,-0.008483887,0.020393372,0.01651001,0.019256592,-9.43169E-05,-5.17592E-05,0.000117943,0.001270294,-0.010482788,-0.04473877
2.71,0.031219482,-0.052787781,-0.057525635,-0.042953491,0.004283905,0.051544189,0.01373291,0.056587219,0.000930786,0.043787003,0.012870789,0.026862144,-0.038452148,-0.006286621,-0.029647827,0.018157959,0.000137881,-0.020446777,-0.012084961,-0.024528503,-0.025817871,-0.040405273,-0.005966187,-0.017456055,-0.001356989,-0.000972576,-0.022262573,-0.000852182,0.014389038,0.019195557,-0.014526367,-0.006454468,0.037811279,0.006469727,-7.53645E-05,-3.46843E-05,0.000131167,-0.028820038,-0.016525269,-0.059570313
2.72,0.018585205,-0.024803162,-0.021499634,-0.070022583,-0.008893967,0.046661377,0.036193848,0.022575378,0.027381897,0.05708313,0.027641296,0.005996704,-0.022491455,0.009277344,-0.004348755,0.002624512,6.22664E-05,-0.009429932,-0.007202148,-0.002624512,-0.064086914,-0.031738281,0.003814697,-0.000274658,-0.001362239,-0.000968821,-0.007049561,-0.000866448,0.084838867,0.051605225,-0.021850586,0.010635376,0.000213623,0.041015625,8.02986E-06,8.95187E-06,1.21295E-05,0.001270294,0.014907837,0.011779785
2.73,-0.002868652,0.033592224,0.021179199,-0.046661377,0.001886368,0.050323486,0.034973145,-0.011436462,0.015357971,0.043787003,0.004257202,0.026862144,0.027893066,0.009277344,0.008911133,0.02532959,2.82396E-05,-0.010650635,-0.018157959,-0.009918213,-0.039855957,-0.009521484,-0.004737854,-0.048141479,-0.00136599,-0.00096056,-0.019729614,-0.000876209,0.093490601,0.032409668,-0.05090332,0.059440613,0.031555176,0.03717041,-3.9354E-05,-5.36442E-07,-4.2662E-05,0.043899536,0.011291504,0.017181396
2.74,0.008483887,0.059143066,-0.022842407,0.011154175,0.016262054,0.0625,0.002441406,-0.012649536,0.00453949,0.014772415,-0.020355225,0.036680222,0.043884277,-0.002685547,0.006484985,0.032501221,3.20207E-05,0.001586914,-0.020599365,0.013198853,-0.030883789,0.017822266,0.002601624,-0.054275513,-0.001362239,-0.000959809,-0.047607422,-0.000866448,0.062591553,-0.007217407,-0.00970459,0.070419312,0.074157715,0.011566162,-0.000130329,-8.123E-06,-5.77793E-05,0.01631546,-0.03225708,-0.013793945
2.75,0.053924561,0.029945374,-0.062866211,-0.014678955,0.019855499,0.03692627,0.036193848,-0.001724243,0.037002563,0.049829483,-0.006820679,-0.033278465,0.022979736,0.008117676,0.011322021,0.012176514,7.73901E-05,0.021179199,0.001312256,0.039985657,-0.047485352,-0.009521484,0.000152588,-0.005172729,-0.001355488,-0.000956805,-0.041259766,-0.000862694,0.039093018,0.02520752,0.047241211,0.03137207,0.011505127,0.055084229,-0.000113273,-8.123E-06,-3.1326E-05,0.017570496,-0.012893677,0.002349854
2.76,0.035003662,-0.008987427,-0.014831543,-0.049118042,0.022253036,0.006439209,0.046203613,0.017715454,0.04662323,0.094558716,0.011642456,-0.027141571,-0.002807617,0.012878418,-0.018798828,-0.006958008,6.41569E-05,-0.011871338,0.001312256,0.013198853,-0.024536133,-0.030517578,-0.020637512,-0.014984131,-0.001350237,-0.000952299,-0.047607422,-0.00086795,0.026748657,0.045608521,0.021789551,0.000869751,-0.00982666,0.075561523,-6.3993E-05,-4.22727E-05,9.52668E-05,0.08026123,0.029418945,0.007751465
2.77,-0.026855469,-0.039405823,0.025192261,-0.036819458,0.030639648,0.035675049,0.034973145,0.000701904,0.029785156,0.032905579,0.007949829,-0.034505844,-0.013885498,-0.017089844,-0.046524048,-0.028442383,3.39113E-05,-0.041229248,-0.021820068,-0.005050659,-0.020690918,-0.037963867,-0.00352478,-0.038330078,-0.001341986,-0.000955303,-0.05140686,-0.000864196,0.020553589,-0.002410889,-0.004821777,0.015510559,0.044067383,-0.012756348,-7.13207E-06,-4.22727E-05,0.000110384,0.094055176,-0.011688232,-0.008392334
2.78,-0.001586914,-0.050354004,-0.004150391,-0.039276123,0.036626816,0.052734375,0.051208496,-0.011436462,0.022575378,-0.011823654,0.00302887,-0.094644547,0.011932373,-0.04699707,-0.006744385,-0.008148193,8.68421E-05,-0.002105713,-0.02545166,-0.008712769,-0.051391602,-0.052856445,0.033180237,-0.007644653,-0.001347237,-0.000956054,-0.018463135,-0.000859691,0.000793457,-0.013214111,0.036376953,0.027709961,0.025268555,-0.043487549,5.54137E-05,5.1558E-06,1.77994E-05,0.055187225,-0.045547485,-0.007049561
2.79,0.062774658,0.001960754,-0.024169922,-0.039276123,0.000688553,0.021057129,0.001220703,0.021362305,0.027381897,0.046203613,-0.014205933,-0.052914619,0.019287109,-0.027893066,0.004089355,0.027679443,1.50073E-05,-0.003326416,-0.008422852,-0.009918213,-0.048828125,-0.016845703,0.034408569,0.029205322,-0.001354738,-0.000958307,-0.004516602,-0.000860441,0.011901855,0.045608521,0.071411133,-0.005233765,-0.022338867,0.02947998,1.56127E-05,1.46423E-05,4.57093E-06,-0.01001358,-0.006851196,-0.025909424
2.8,0.057739258,0.027511597,-0.01083374,0.006240845,-0.026863098,0.018585205,-0.047546387,0.011642456,0.027381897,0.055875778,-0.015434265,0.02072525,-0.007751465,-0.017089844,-0.03326416,0.034881592,-6.81691E-05,-0.049804688,0.030548096,0.029022217,-0.041137695,-0.004638672,-0.002296448,-0.005172729,-0.001348737,-0.00096056,-0.024795532,-0.000859691,0.024276733,0.064819336,0.048461914,-0.032073975,-0.047393799,0.042297363,-1.28187E-05,-4.32879E-06,-2.37711E-05,-0.043865204,0.010070801,-0.02456665
2.81,0.021118164,-0.002906799,-0.014831543,7.62939E-05,0.01027298,0.044219971,0.021240234,-0.013870239,0.003334045,0.034114838,0.005485535,0.052636147,-0.021270752,-0.03503418,-0.020004272,0.008575439,2.82396E-05,-0.017974854,0.050018311,0.02293396,-0.036010742,-0.04284668,-0.029205322,-0.035858154,-0.001356989,-0.00096056,-0.020980835,-0.000855186,0.014389038,0.011993408,0.035095215,-0.008888245,-0.03237915,-0.007629395,3.07746E-05,5.1558E-06,-1.62125E-05,-0.01001358,-0.009262085,0.023925781
2.82,0.007232666,0.027511597,-0.028182983,-0.067581177,0.021055222,0.056427002,0.052490234,0.000701904,-0.032737732,0.047412872,0.005485535,0.029316902,-0.033538818,-0.018249512,-0.005554199,-0.015319824,2.44593E-05,0.035827637,0.017120361,-0.039131165,0.000976563,-0.044189453,-0.030426025,-0.003952026,-0.001368991,-0.000965066,-0.003250122,-0.000853684,0.056411743,-0.015625,0.048461914,0.03137207,0.044067383,-0.037078857,-2.2294E-05,4.8792E-05,4.23603E-05,0.011302948,0.000396729,0.03604126
2.83,-0.006652832,0.051841736,-0.002838135,-0.04788208,0.003084183,0.045440674,-0.012573242,0.001922607,-0.023117065,0.029279709,-0.009284973,-0.027141571,-0.020019531,-0.032653809,-0.010360718,0.027679443,-3.60329E-05,0.035827637,0.007385254,-0.006271362,-0.005371094,-0.058959961,-0.020637512,-0.013778687,-0.00136374,-0.000962062,-0.041259766,-0.000858189,0.048995972,0.010787964,0.021789551,0.0545578,0.034057617,-0.02557373,-4.88292E-05,0.000115193,1.40183E-05,0.021331787,-0.00201416,0.01449585
2.84,-0.009185791,-0.001686096,0.011856079,0.017303467,0.003084183,0.039367676,0.003723145,-0.004150391,0.014152527,0.011146545,-0.022819519,-0.030823708,0.02545166,-0.049438477,-0.007965088,0.031280518,8.30609E-05,0.013824463,0.015930176,0.055801392,-0.041137695,-0.057739258,0.016052246,-0.051818848,-0.001349487,-0.000947793,-0.05645752,-0.000860441,-0.006637573,0.010787964,0.01574707,0.049674988,-0.031097412,0.014129639,-3.34159E-06,9.62205E-05,6.50361E-05,0.048915863,-0.039505005,-0.008392334
2.85,0.035003662,-0.033317566,-0.001495361,-0.017150879,-0.002902985,0.055175781,0.04498291,-0.01750946,0.009346008,0.023235321,-0.024047852,-0.003822327,-0.001586914,0.008117676,-0.012771606,-0.012908936,0.000143553,-0.011871338,0.002532959,0.039985657,-0.027099609,0.000366211,0.025840759,-0.040771484,-0.001344236,-0.000948544,-0.003250122,-0.000860441,0.025497437,0.00239563,0.026672363,0.042358398,-0.003540039,-0.002532959,-4.31444E-05,-3.84785E-05,0.000131167,0.063961029,-0.044326782,-0.035339355
2.86,0.04888916,-0.01385498,0.019851685,-0.062652588,0.011472702,0.052734375,0.032470703,-0.027229309,0.005744934,0.026861191,-0.015434265,-0.00014019,-0.034759521,0.023681641,0.004089355,-0.006958008,1.87885E-05,-0.032684326,0.002532959,0.002250671,-0.015625,-0.005737305,-0.00352478,-0.023590088,-0.001350237,-0.000967319,0.020828247,-0.000859691,0.042816162,0.015594482,-0.01574707,0.043571472,0.008972168,-0.024291992,-5.45159E-05,-4.9863E-05,5.74775E-05,0.042648315,-0.012893677,-0.019195557
2.87,0.004699707,0.012908936,0.017181396,-0.034347534,0.017459869,0.02835083,0.034973145,0.003135681,0.047821045,0.008728027,-0.005592346,-0.012413025,0.015594482,0.023681641,-0.016387939,-0.008148193,-5.68265E-05,-0.051025391,0.004974365,-0.013572693,-0.01940918,-0.031738281,-0.032875061,-0.018661499,-0.001356238,-0.000972576,-0.000717163,-0.000861943,0.02180481,0.008392334,-0.007263184,0.03137207,-0.008544922,0.002624512,-2.98768E-05,-6.22682E-06,8.96007E-05,0.007541656,0.005233765,0.003692627
2.88,0.002166748,0.005615234,-0.033508301,-0.019592285,-0.017280579,-0.003326416,-0.007568359,-0.002937317,0.065856934,-0.011823654,0.032577515,-0.009958267,0.03527832,0.057189941,-0.045303345,-0.009307861,3.58019E-05,-0.047363281,9.15527E-05,0.019287109,-0.014343262,-0.025634766,-0.037765503,-0.016220093,-0.001354738,-0.000958307,-0.042526245,-0.000858189,0.030456543,-0.022827148,0.030273438,0.020393372,-0.006072998,0.002624512,-4.31444E-05,-1.19172E-05,0.000119831,0.013809204,-0.010482788,-0.036682129
2.89,0.033752441,-0.008987427,-0.040176392,-0.017150879,-0.024467468,-0.014282227,-0.055114746,0.001922607,0.038208008,0.003892899,0.068267822,0.021952629,0.010681152,0.00567627,-0.012771606,0.010986328,8.30609E-05,0.016265869,9.15527E-05,0.021720886,-0.011779785,-0.057739258,-0.001075745,-0.018661499,-0.001346487,-0.000950797,-0.066604614,-0.000851432,0.025497437,-0.033630371,0.023010254,0.036254883,-0.022338867,0.015411377,-2.98768E-05,3.25963E-06,3.10279E-05,0.035125732,-0.038299561,-0.078430176
2.9,0.028686523,0.031158447,0.001174927,-0.011001587,-0.002902985,0.003997803,-0.032531738,0.040794373,0.026176453,0.040159225,0.028884888,0.029316902,0.015594482,-0.042236328,-0.023620605,0.008575439,2.82396E-05,0.030944824,-0.015716553,-0.012359619,-0.027099609,-0.083740234,-0.008415222,-0.001480103,-0.001351738,-0.000958307,-0.061538696,-0.000862694,0.030456543,-0.006011963,0.030273438,0.046012878,0.013977051,0.039733887,-9.05283E-05,-0.00010488,6.88173E-05,0.040138245,-0.049179077,-0.055541992
2.91,0.019866943,0.038459778,0.022521973,-0.033126831,-0.002902985,0.005187988,-0.001281738,0.007995605,0.037002563,0.044994354,-0.016662598,-0.012413025,0.015594482,0.006896973,-0.030853271,-0.002197266,-3.60329E-05,-0.027770996,-0.012084961,0.014427185,-0.053894043,-0.086181641,-0.021865845,-0.000274658,-0.001361489,-0.000964315,-0.058990479,-0.000867199,0.009429932,-0.014419556,0.033935547,0.042358398,0.042816162,0.0128479,-0.000168236,-0.000118161,0.00012172,0.033870697,-0.044326782,-0.013793945
2.92,0.050170898,-0.0102005,0.005172729,-0.031906128,0.017459869,0.0027771,0.028747559,0.006782532,0.039405823,0.001476288,0.011642456,-0.013640404,0.004547119,0.023681641,0.007705688,0.008575439,-0.000113538,-0.026550293,0.02444458,0.014427185,-0.025817871,-0.070068359,0.030731201,-0.032165527,-0.001354738,-0.000955303,-0.046325684,-0.000853684,-0.049880981,-0.04083252,0,0.049674988,-0.001037598,-0.003814697,-0.000117064,4.30997E-05,2.72468E-05,-0.001235962,-0.016525269,-0.016479492
2.93,0.074157715,0.023857117,-0.028182983,-0.013442993,0.043815613,0.019836426,0.028747559,0.049293518,0.056236267,-0.05292511,0.038726807,0.040362358,0.000854492,-0.007446289,0.010101318,0.043212891,-5.30463E-05,0.015045166,0.031738281,-0.034263611,0.006103516,-0.030517578,0.036857605,-0.044464111,-0.001353238,-0.000952299,-0.038726807,-0.000858189,-0.017745972,-1.52588E-05,-0.042419434,0.03137207,0.001464844,0.019256592,-0.000113273,6.39707E-05,2.68593E-06,-0.026313782,-0.009262085,-0.02053833
2.94,0.04385376,0.066444397,-0.036178589,-0.030670166,-0.00170517,0.03692627,0.012512207,0.01650238,0.053840637,-0.021493912,0.005485535,0.024407387,-0.001586914,-0.023010254,-0.001937866,0.042053223,1.12271E-05,0.00894165,0.009857178,-0.036705017,-0.021972656,-0.011962891,-0.008415222,-0.043228149,-0.001361489,-0.000954552,-0.036193848,-0.000864196,0.036636353,0.010787964,-0.01940918,0.013069153,0.035308838,0.014129639,-0.000190979,1.84365E-05,8.39308E-05,0.006286621,-0.031036377,-0.000305176
2.95,0.037536621,0.023857117,0.014511108,-0.050354004,-0.017280579,0.039367676,0.022460938,-0.026016235,0.000930786,0.05708313,-0.026519775,-0.0455513,-0.017547607,-0.015869141,0.000473022,0.013397217,-3.79235E-05,-0.013092041,-0.013305664,-0.008712769,-0.039855957,-0.045410156,-0.008415222,-0.037094116,-0.001359989,-0.000946291,-0.003250122,-0.000860441,0.00201416,-0.016830444,0.026672363,0.056991577,0.01651001,-0.001251221,-0.000136016,-1.38152E-05,4.99189E-05,0.022583008,-0.008071899,-0.019195557
2.96,0.05267334,-0.0102005,0.053207397,-0.020828247,0.021055222,0.035675049,0.006225586,-0.016296387,-0.000274658,0.076425552,-0.051139832,-0.048006058,-0.042144775,0.004516602,-0.004348755,0.05279541,5.28144E-05,0.002807617,-0.010864258,0.009552002,-0.033447266,-0.076416016,0.009941101,-0.048141479,-0.001356238,-0.000953801,0.005615234,-0.000864946,-0.023925781,0.024002075,0.013305664,0.066757202,-0.007293701,0.010284424,-5.64121E-05,-7.83205E-05,-2.75485E-05,-0.008758545,0.011291504,-0.012451172
2.97,0.012298584,-0.0102005,0.053207397,0.01852417,0.006679535,0.018585205,-0.011291504,-0.012649536,0.040611267,0.052248001,-0.052368164,-0.013640404,-0.002807617,-0.000305176,-0.022415161,0.05758667,9.25129E-05,0.029724121,0.004974365,-0.002624512,-0.010498047,-0.04284668,-0.016975403,-0.080062866,-0.00136524,-0.000971825,-0.027313232,-0.000861192,-0.009109497,0.04800415,-0.008483887,0.036254883,0.015258789,0.011566162,-0.000107586,-5.17592E-05,5.18113E-05,-0.01001358,0.008880615,0.01852417
2.98,0.004699707,0.006828308,0.033187866,-0.004837036,-0.011289597,-0.020385742,0.011230469,-0.028450012,-0.000274658,0.00510025,0.007949829,-0.014867783,0.026672363,-0.005126953,-0.023620605,-0.009307861,1.7751E-06,0.021179199,-0.012084961,-0.020881653,0.017578125,-0.031738281,-0.031654358,-0.051818848,-0.00136599,-0.00096807,0.001815796,-0.000858189,-0.005386353,0.013183594,-0.02545166,0.03503418,0.025268555,0.006469727,-0.000126539,1.0848E-05,0.000144392,0.007541656,0.014907837,-0.02053833
2.99,0.041320801,0.02507782,0.0025177,-0.030670166,0.011472702,-0.026489258,0.018737793,-0.028450012,-0.038742065,-0.021493912,0.016563416,-0.024686813,-0.038452148,0.00567627,-0.001937866,-0.015319824,-5.78631E-06,0.00769043,-0.02545166,0.004684448,-0.005371094,-0.04284668,0.005050659,0.003417969,-0.001345737,-0.000959809,0.049972534,-0.000865697,0.000793457,-0.003616333,0.007263184,0.039916992,0.026519775,0.016693115,-0.0001019,-3.65824E-05,7.0706E-05,0.007541656,0.001617432,-0.04473877
3,0.019866943,0.015342712,0.013183594,-0.015914917,0.039024353,0.000335693,0.004943848,-0.013870239,0.003334045,-0.005777359,-0.037597656,0.001087189,-0.071655273,-0.008666992,-0.011581421,-0.006958008,-0.000113538,0.00894165,-0.013305664,0.013198853,-0.024536133,-0.010742188,0.029518127,0.008331299,-0.001341986,-0.000965066,0.017028809,-0.000864946,0.023025513,0.003585815,0.038757324,0.044792175,0.026519775,0.030761719,-5.83064E-05,-0.000118161,1.96882E-05,0.013809204,-0.021362305,-0.039367676
3.01,-0.009185791,0.021430969,0.039855957,-0.024520874,0.05579567,0.030822754,0.001220703,0.034721375,0.018966675,0.009937286,-0.046211243,0.023180008,-0.020019531,-0.031433105,-0.036880493,-0.024841309,-0.000138113,0.001586914,-0.027923584,-0.003837585,-0.002807617,-0.047851563,0.019729614,-0.011322021,-0.001352488,-0.000966568,0.010696411,-0.000862694,0.029220581,-0.008422852,0.002441406,0.03503418,0.005218506,0.032043457,6.6787E-05,-0.000118161,7.25947E-05,0.010047913,-0.028610229,-0.028625488
3.02,0.019866943,0.015342712,0.042526245,-0.049118042,0.037824631,0.049072266,0.021240234,0.059013367,0.010551453,0.020816803,-0.019126892,-0.003822327,-0.004058838,-0.007446289,-0.027236938,-0.02130127,0.000101965,-0.015533447,-0.038879395,0.009552002,-0.009216309,-0.091186523,0.016052246,-0.012542725,-0.001348737,-0.000965066,0.022094727,-0.000867199,0.000793457,-0.01802063,0.010925293,0.015510559,0.024017334,0.015411377,4.78327E-05,-4.7965E-05,1.77994E-05,-0.006252289,-0.024993896,-0.007049561
3.03,0.023651123,-0.018722534,0.025192261,-0.026992798,0.004283905,0.043029785,0.006225586,-0.011436462,0.039405823,0.036533356,-0.003128052,-0.038187027,-0.047058105,0.024841309,-0.018798828,-0.014129639,0.000175689,-0.013092041,-0.012084961,0.03754425,-0.011779785,-0.014404297,0.024620056,-0.017456055,-0.001347987,-0.000968821,-0.046325684,-0.000874707,-0.016525269,0.010787964,0.012084961,0.026489258,0.01776123,0.021820068,-7.53645E-05,2.41287E-05,2.68593E-06,-0.00750351,-0.005645752,-0.029937744
3.04,-0.01675415,-0.023590088,-0.013504028,0.002532959,0.00787735,0.060089111,-0.050048828,-0.057601929,0.050231934,0.036533356,-0.008049011,-0.01732254,-0.032318115,0.00567627,-0.039291382,0.007385254,0.000124649,-0.003326416,0.006195068,0.043632507,0.020141602,0.002929688,0.019729614,-0.039535522,-0.001350987,-0.000965066,-0.085601807,-0.00086795,0.00201416,0.026397705,-0.004821777,0.041137695,-0.028625488,0.02053833,-6.58892E-05,6.58669E-05,8.58195E-05,0.00252533,0.014907837,-0.054199219
3.05,0.002166748,-0.00655365,-0.008163452,-0.019592285,0.034231186,0.079559326,-0.008789063,-0.018730164,0.020172119,0.054664612,-0.004356384,0.0379076,0.002105713,-0.001525879,-0.041687012,0.03604126,0.000137881,0.002807617,0.023254395,0.013198853,0.002258301,-0.078857422,0.000152588,-0.027267456,-0.001343486,-0.000964315,-0.05140686,-0.000864196,0.008209229,0.011993408,0.052062988,0.037475586,-0.012329102,-0.002532959,-6.02026E-05,3.74094E-05,-6.76513E-06,-0.025058746,0.016113281,-0.062255859
3.06,0.05267334,0.004394531,0.058547974,-0.023284912,0.033033371,0.057647705,0.026245117,0.009208679,0.00213623,0.084888458,0.011642456,0.035453796,-0.017547607,0.018859863,-0.005554199,0.018157959,5.84861E-05,0.021179199,0.032989502,-0.012359619,-0.018188477,-0.068969727,0.005050659,-0.027267456,-0.001344986,-0.000962813,-0.020980835,-0.000878461,0.02180481,0.001190186,0.060546875,0.061882019,0.013977051,0.009002686,-8.48416E-05,2.41287E-05,-3.51034E-05,-0.032585144,0.018539429,-0.048797607
3.07,0.018585205,0.010475159,0.055862427,-0.004837036,0.013868332,0.043029785,-0.027526855,-0.001724243,0.003334045,0.041368484,0.020256042,-0.002594948,-0.016357422,0.017700195,0.012512207,-0.02130127,1.50073E-05,0.001586914,0.014709473,0.005897522,0.016357422,0.0078125,-0.002296448,-0.044464111,-0.001357739,-0.000954552,-0.013381958,-0.000876209,0.060119629,-0.026428223,0.018188477,0.08139801,0.024017334,0.04486084,-4.50406E-05,6.7763E-05,7.63759E-05,0.027603149,0.013702393,0.01852417
3.08,0.007232666,0.031158447,-0.012161255,-0.025756836,0.018657684,0.034454346,-0.012573242,-0.009010315,0.005744934,0.001476288,0.03011322,0.001087189,0.009460449,0.010498047,-0.028442383,-0.023681641,7.17184E-05,-0.026550293,0.009857178,0.008338928,0.030395508,0.009033203,-0.031654358,-0.001480103,-0.001357739,-0.000961311,0.003082275,-0.000866448,0.053939819,-0.03843689,0.008483887,0.070419312,0.01272583,0.052520752,1.94032E-05,5.06882E-05,-3.51034E-05,0.027603149,-0.033447266,0.021209717
3.09,0.0362854,0.049407959,-0.044189453,-0.038040161,0.023450851,0.044219971,0.033752441,0.006782532,0.011749268,0.024442673,0.001792908,0.018270493,-0.001586914,-0.012268066,-0.028442383,0.010986328,4.52539E-05,-0.020446777,-0.02545166,-0.01600647,-0.002807617,-0.030517578,-0.034103394,0.009552002,-0.001349487,-0.000969572,0.008163452,-0.000864946,0.020553589,-0.019226074,0.002441406,0.080184937,-0.017333984,0.0128479,3.83556E-05,2.98191E-05,-0.000131469,0.011302948,-0.057632446,-0.047454834
3.1,-0.014221191,0.017776489,-0.036178589,-0.017150879,0.019855499,0.073516846,0.032470703,0.009208679,0.003334045,0.025651932,-0.025291443,0.012133598,-0.033538818,-0.038635254,0.008911133,0.038452148,6.41569E-05,-0.040008545,-0.057128906,-0.022094727,-0.015625,-0.030517578,-0.016975403,-0.033401489,-0.001350987,-0.000962813,-0.018463135,-0.00085894,0.019332886,0.001190186,0.039978027,0.041137695,-0.019836426,-0.006347656,-7.13207E-06,2.60249E-05,1.96882E-05,0.025093079,0.001617432,-0.04208374
3.11,-0.02557373,-0.023590088,0.027862549,0.003768921,0.016262054,0.077148438,0.029968262,-0.016296387,-0.003883362,0.011146545,0.017807007,0.004769325,-0.031097412,-0.029052734,-0.018798828,0.043212891,0.000130321,-0.031463623,-0.019378662,-0.003837585,0.006103516,-0.002075195,-0.013313293,-0.044464111,-0.001350987,-0.000957556,-0.018463135,-0.000856687,0.020553589,0.056411743,0.039978027,-0.019874573,-0.042388916,0.00390625,1.37165E-05,-1.0021E-05,8.20421E-05,0.010047913,0.039093018,0.010437012
3.12,0.05267334,-0.001686096,0.042526245,-0.030670166,0.011472702,0.075897217,0.03125,-0.023590088,0.018966675,0.012353897,0.036270142,0.019497871,-0.013885498,-0.012268066,-0.034469604,0.040863037,7.73901E-05,-0.003326416,-0.009643555,0.008338928,-0.023254395,-0.011962891,-0.02797699,-0.049346924,-0.001347237,-0.000959809,0.005615234,-0.000858189,0.013153076,0.07321167,-0.031494141,0.044792175,-0.028625488,-0.014038086,9.33222E-05,3.25963E-06,-8.65385E-06,0.031360626,-0.011688232,-0.004364014
3.13,0.067810059,0.023857117,-0.016174316,-0.068786621,0.01506424,0.058837891,0.026245117,0.011642456,0.023780823,0.029279709,-0.012985229,0.036680222,-0.028625488,-0.008666992,-0.011581421,0.039642334,6.22664E-05,-0.013092041,-0.012084961,-0.024528503,-0.064086914,-0.035400391,-0.021865845,-0.021133423,-0.001353988,-0.000950797,0.004348755,-0.000861192,0.011901855,0.026397705,0.008483887,0.089935303,0.035308838,0.023101807,5.92042E-05,3.36152E-05,-1.05426E-05,0.045154572,-0.028610229,-0.04208374
3.14,0.026184082,0.006828308,-0.017501831,-0.025756836,-0.006498337,0.038116455,0.021240234,0.020141602,0.011749268,0.030488968,-0.025291443,0.028089523,-0.039703369,-0.020690918,0.006484985,0.030090332,6.98287E-05,0.00894165,0.011047363,-0.022094727,-0.020690918,-0.018188477,0.002601624,0.003417969,-0.00136374,-0.000939531,-0.014648438,-0.000867199,0.005737305,0.019195557,0.072692871,0.019172668,0.015258789,0.062774658,-8.10511E-05,2.79229E-05,2.91355E-05,-0.001235962,0.000396729,-0.048797607
3.15,0.032470703,-0.016288757,0.006500244,-0.026992798,0.003084183,0.040557861,0.02746582,-0.007797241,0.039405823,0.037740707,0.012870789,0.001087189,-0.053222656,-0.029052734,0.014938354,-0.004547119,1.50073E-05,-0.000854492,0.004974365,0.031455994,-0.001586914,-0.03918457,0.001373291,-0.049346924,-0.00136299,-0.00094554,-0.028594971,-0.000859691,0.005737305,0.017990112,0.026672363,0.006965637,-0.02734375,0.015411377,-9.05283E-05,5.63804E-05,3.48054E-05,-0.018791199,-0.008071899,-0.04473877
3.16,0.029937744,0.006828308,-0.004150391,-0.081100464,0.028244019,0.050323486,0.051208496,-0.001724243,0.0754776,0.058292389,0.020256042,-0.01732254,-0.071655273,-0.009887695,0.012512207,-0.032012939,-1.90195E-05,-0.044891357,0.001312256,0.018074036,-0.006652832,-0.081298828,0.01360321,-0.042007446,-0.001357739,-0.000949295,-0.041259766,-0.000848428,0.013153076,-0.007217407,-0.006103516,0.059440613,0.01272583,-0.001251221,8.02986E-06,0.000103811,9.9048E-05,-0.011268616,0.011291504,-0.011108398
3.17,0.002166748,0.039672852,-0.004150391,-0.067581177,-0.019674301,0.082000732,0.042480469,0.014068604,0.0754776,0.034114838,-0.022819519,-0.012413025,-0.034759521,0.008117676,-0.000732422,-0.004547119,-4.17037E-05,-0.017974854,0.012268066,-0.002624512,0.008666992,-0.046630859,0.025840759,-0.01008606,-0.00136299,-0.000950046,-0.041259766,-0.000861943,0.003265381,0.003585815,0.016967773,0.066757202,0.046569824,0.021820068,-2.60845E-05,8.29417E-05,0.000108492,-0.023807526,0.029418945,0.013153076
3.18,0.033752441,-0.000473022,0.001174927,-0.025756836,-0.017280579,0.073516846,0.006225586,0.005561829,0.047821045,0.017189026,-0.033905029,-0.001367569,0.009460449,0.010498047,-0.016387939,0.032501221,-3.60329E-05,-0.003326416,0.009857178,0.035110474,-0.027099609,0.000366211,0.018501282,-0.053039551,-0.00136674,-0.000949295,-0.001983643,-0.000873205,0.005737305,0.009597778,0.019348145,0.03503418,0.000213623,0.025665283,-8.67378E-05,3.17171E-05,3.10279E-05,0.017570496,-0.010482788,0.001037598
3.19,0.064025879,-0.026016235,-0.020172119,0.001312256,0.031835556,0.007629395,0.007507324,-0.002937317,0.012954712,0.014772415,0.005485535,-0.011185646,0.013153076,0.010498047,0.000473022,0.021759033,-1.33486E-05,-0.042449951,0.009857178,0.032684326,-0.036010742,0.000366211,0.009941101,-0.050582886,-0.001352488,-0.000944789,-0.000717163,-0.000860441,0.006958008,-0.013214111,-0.007263184,0.025268555,-0.042388916,0.032043457,-3.74578E-05,4.6894E-05,-1.09524E-06,0.060203552,-0.037094116,-0.029937744
3.2,0.055206299,0.016563416,0.01852417,-0.004837036,0.011472702,0.010101318,0.03125,-0.011436462,0.008148193,0.006311417,0.017807007,0.001087189,-0.001586914,0.006896973,0.011322021,0.020507813,-1.15484E-07,-0.040008545,0.041473389,0.002250671,-0.014343262,-0.009521484,-0.002296448,-0.033401489,-0.001347987,-0.000947042,-0.037460327,-0.000852933,0.003265381,0.001190186,-0.003662109,0.037475586,-0.019836426,0.041015625,1.37165E-05,0.000109503,-4.87268E-06,0.00252533,-0.009262085,-0.064971924
3.21,0.040039063,0.02872467,0.069213867,-0.030670166,0.011472702,0.067382813,0.017456055,-0.010223389,0.023780823,0.034114838,0.006721497,0.034226418,-0.013885498,-0.007446289,-0.024841309,0.028930664,1.50073E-05,-0.006958008,0.056091309,0.001029968,-0.000244141,-0.028076172,0.034408569,-0.060409546,-0.001359989,-0.000949295,-0.03112793,-0.000864196,0.055175781,0.020385742,0.018188477,0.016731262,0.019012451,0.026947021,1.56127E-05,7.53514E-05,-8.65385E-06,-0.031326294,0.013702393,-0.038024902
3.22,-0.000335693,0.005615234,0.03453064,-0.015914917,0.064178467,0.045440674,-0.013793945,-0.005363464,0.011749268,0.040159225,0.007949829,0.025634766,-0.010192871,-0.036254883,-0.047714233,0.007385254,1.7751E-06,-0.013092041,-0.008422852,-0.005050659,0.030395508,-0.030517578,0.063774109,-0.026031494,-0.00136374,-0.000947793,0.000549316,-0.000873956,0.082366943,0.00479126,0.007263184,-0.004013062,0.010223389,-0.010192871,3.45651E-05,-5.17592E-05,-2.94372E-05,0.017570496,-0.011688232,0.002349854
3.23,-0.03692627,-0.00655365,0.017181396,0.003768921,0.040222168,-0.002105713,0.001220703,-0.033309937,0.024978638,0.024442673,-0.022819519,0.018270493,-0.016357422,-0.050598145,-0.010360718,0.008575439,-3.22517E-05,-0.033905029,-0.055908203,-0.005050659,-0.011779785,-0.008300781,0.005050659,-0.003952026,-0.001348737,-0.000958307,0.028427124,-0.000870953,0.014389038,-0.014419556,0.023010254,0.00819397,-0.034881592,-0.02557373,-1.09226E-05,-4.03766E-05,-1.24313E-05,0.040138245,-0.012893677,-0.00302124
3.24,-0.034423828,-0.002906799,0.027862549,-0.011001587,-0.025665283,0.010101318,0.023742676,-0.053955078,0.068267822,0.036533356,-0.037597656,0.015815735,-0.012664795,-0.037414551,0.008911133,0.007385254,-1.15484E-07,0.005249023,-0.019378662,0.007110596,-0.053894043,-0.030517578,-0.040214539,-0.034637451,-0.001341236,-0.000961311,0.008163452,-0.000861192,-0.020233154,-0.04083252,0.053283691,-0.000350952,-0.039886475,-0.030670166,-0.000122748,7.91475E-05,9.14894E-05,0.025093079,0.020950317,-0.031280518
3.25,0.004699707,0.022644043,0.029190063,-0.025756836,0.000688553,0.010101318,0.03125,-0.013870239,0.040611267,0.060710907,-0.008049011,-0.006277084,0.004547119,-0.011047363,-0.034469604,-0.012908936,6.03767E-05,0.052978516,0.001312256,0.013198853,-0.025817871,-0.062744141,-0.014526367,-0.021133423,-0.001351738,-0.00094554,-0.014648438,-0.000855186,0.031692505,-0.019226074,0.029052734,-0.001564026,0.013977051,-0.042205811,-5.83064E-05,8.29417E-05,6.69248E-05,0.036376953,0.028213501,-0.047454834
3.26,0.022399902,0.027511597,0.050537109,-0.036819458,0.062980652,-0.019195557,0.061279297,0.014068604,-0.025520325,0.07884407,-0.030212402,-0.013640404,-0.006500244,0.000915527,-0.013977051,0.013397217,3.39113E-05,0.015045166,-0.010864258,0.002250671,-0.014343262,-0.03918457,0.002601624,-0.013778687,-0.001357739,-0.000949295,-0.000717163,-0.000851432,0.056411743,0.021591187,0.010925293,0.037475586,0.037811279,-0.047302246,8.19489E-05,5.82784E-05,-6.91153E-05,0.038887024,0.010070801,-0.016479492
3.27,-0.00793457,0.034812927,0.053207397,-0.024520874,0.040222168,-0.010620117,0.036193848,-0.023590088,-0.03994751,0.059501648,-0.043754578,-0.013640404,-0.021270752,-0.015869141,0.039016724,0.055175781,-7.67689E-06,-0.020446777,0.01348877,-0.012359619,-0.004089355,0.016479492,-0.00718689,-0.014984131,-0.001357739,-0.00096056,-0.00831604,-0.000857438,0.015625,-1.52588E-05,0.024230957,0.042358398,-0.00479126,-0.053710938,4.59384E-05,0.000100017,-2.56598E-05,0.001270294,0.00402832,-0.009765625
3.28,-0.02053833,0.046974182,0.001174927,-0.018356323,-0.011289597,0.030822754,-0.033813477,-0.033309937,-0.015899658,0.02807045,-0.015434265,0.002314568,0.018066406,-0.019470215,-0.012771606,0.033691406,-2.09091E-05,0.015045166,0.026885986,0.009552002,-0.01940918,0.026367188,-0.001075745,-0.008850098,-0.001361489,-0.000948544,-0.007049561,-0.0008687,-0.004165649,-0.008422852,0.026672363,0.030158997,-0.031097412,-0.029388428,-6.02026E-05,7.72495E-05,7.25947E-05,0.008792877,-0.003219604,-0.016479492
3.29,-0.02432251,-0.026016235,-0.021499634,-0.033126831,-0.010091782,0.027160645,-0.012573242,0.009208679,0.023780823,0.040159225,-0.015434265,0.036680222,0.058624268,-0.000305176,-0.056152344,0.021759033,-4.35943E-05,0.039520264,0.023254395,0.046066284,-0.027099609,-0.023193359,-0.012077332,-0.045700073,-0.001356238,-0.000948544,-0.027313232,-0.000864196,0.032928467,0.015594482,0.036376953,0.039916992,-0.011047363,-0.005065918,-3.36673E-05,5.63804E-05,0.000102825,0.020080566,-0.027404785,0.021209717
3.3,-0.019287109,-0.068603516,0.013183594,-0.022064209,0.00787735,0.008880615,0.046203613,0.007995605,0.052635193,0.066753387,-0.024047852,0.055090904,-0.004058838,0.002075195,-0.023620605,0.067169189,2.44593E-05,-0.008178711,0.050018311,0.050933838,0.006103516,-0.036743164,-0.00718689,-0.055511475,-0.001350987,-0.000962062,-0.071670532,-0.000852182,0.052703857,0.00479126,0.043640137,0.00819397,0.000213623,-0.015289307,7.05775E-05,7.15572E-05,0.000125498,-0.012519836,-0.009262085,-0.001678467
3.31,0.009765625,-0.002906799,0.025192261,-0.039276123,0.011472702,0.02835083,0.033752441,0.005561829,0.038208008,0.072799683,-0.041290283,0.03177166,-0.048309326,-0.024291992,-0.018798828,0.062347412,7.54995E-05,-0.079162598,0.0390625,0.009552002,-0.033447266,0.0078125,0.027069092,-0.018661499,-0.001350237,-0.000965066,-0.012130737,-0.000857438,0.032928467,-0.037231445,0.020629883,-0.013771057,-0.014801025,-0.019165039,2.88785E-05,3.25963E-06,1.40183E-05,0.006286621,0.024581909,-0.050170898
3.32,0.007232666,-0.012634277,0.022521973,-0.040512085,-0.024467468,0.01373291,0.006225586,0.028648376,-0.001472473,0.034114838,-0.04990387,-0.005049706,-0.006500244,-0.038635254,-0.0440979,0.013397217,2.44593E-05,-0.044891357,0.009857178,-0.009918213,-0.065429688,0.040039063,0.023391724,-0.001480103,-0.001349487,-0.000967319,0.043624878,-0.000866448,0.016860962,-0.030029297,0.016967773,0.00819397,-0.016082764,-0.012756348,-3.9354E-05,-2.51997E-05,-3.51034E-05,0.022583008,0.002822876,-0.015136719
3.33,-0.030639648,-0.074684143,0.025192261,0.006240845,-0.022069931,-0.021636963,0.034973145,-0.005363464,-0.006286621,0.007518768,-0.027740479,-0.016095161,-0.043365479,-0.039855957,-0.046524048,0.008575439,3.01311E-05,0.022399902,0.009857178,0.011985779,-0.034790039,0.020263672,0.018501282,-0.014984131,-0.001360739,-0.000967319,-0.010848999,-0.000860441,0.029220581,0.015594482,0.055725098,0.005752563,0.000213623,0.014129639,2.6986E-05,-3.84785E-05,7.63759E-05,-0.027565002,-0.02015686,0.001037598
3.34,-0.03692627,-0.03818512,0.021179199,-0.039276123,0.040222168,0.006439209,0.057495117,-0.024803162,0.027381897,0.035324097,-0.021598816,-0.019777298,-0.099914551,-0.038635254,-0.030853271,0.014556885,3.95821E-05,-0.011871338,-0.013305664,0.011985779,-0.057739258,-0.005737305,-0.010864258,-0.030960083,-0.001361489,-0.000959809,-0.039993286,-0.000861192,0.041564941,-0.006011963,0.061767578,-0.007667542,0.000213623,0.042297363,1.37165E-05,-2.51997E-05,5.18113E-05,-0.028820038,0.001617432,-0.019195557
3.35,0.014801025,0.003181458,0.009185791,-0.084777832,0.024648666,0.021057129,-0.010070801,-0.007797241,0.018966675,0.015981674,-0.014205933,-0.006277084,-0.033538818,-0.014648438,-0.018798828,0.007385254,1.31167E-05,0.001586914,-0.008422852,0.015640259,-0.051391602,-0.003295898,-0.057342529,-0.033401489,-0.001347237,-0.000950797,-0.018463135,-0.000862694,0.011901855,-0.036026001,0.018188477,0.003311157,-0.007293701,0.015411377,-7.72588E-05,0.000109503,-2.98396E-06,0.01631546,0.024581909,-0.001678467
3.36,0.024902344,-0.029670715,-0.004150391,-0.026992798,-0.00170517,-0.035003662,-0.065063477,-0.028450012,-0.017105103,-0.003360748,0.022727966,0.025634766,0.014373779,0.00567627,-0.028442383,0.003814697,5.84861E-05,0.060302734,0.020782471,0.016860962,0.006103516,-0.025634766,-0.013313293,-0.011322021,-0.001348737,-0.000955303,-0.032394409,-0.000854435,-0.007858276,0.001190186,0.00970459,0.009414673,-0.001037598,-0.005065918,-8.10511E-05,7.15572E-05,-1.05426E-05,0.010047913,0.027008057,0.010437012
3.37,-0.02432251,-0.052787781,-0.008163452,-0.023284912,0.006679535,-0.065490723,-0.011291504,-0.032089233,-0.005081177,0.05345726,0.017807007,0.007224083,-0.039703369,-0.011047363,-0.040496826,0.002624512,0.000103855,0.029724121,-0.021820068,-0.008712769,-0.034790039,-0.04284668,0.023391724,-0.008850098,-0.001353238,-0.000955303,-0.024795532,-0.000856687,0.013153076,0.00718689,0.030273438,-0.016212463,-0.00479126,0.03717041,-0.000109481,-8.21147E-05,-6.76513E-06,-0.008758545,0.024581909,-0.007049561
3.38,-0.023071289,-0.024803162,-0.000167847,-0.055267334,-0.005298615,-0.032592773,0.052490234,-0.022369385,0.014152527,0.05708313,-0.010513306,-0.016095161,-0.040924072,-0.015869141,-0.023620605,0.000213623,3.95821E-05,0.011383057,-0.059570313,0.013198853,-0.083251953,-0.025634766,0.008712769,-0.034637451,-0.001354738,-0.000952299,0.009414673,-0.000865697,0.018096924,-0.025222778,0.048461914,-0.01499176,-0.02734375,0.067901611,-0.000122748,-3.84785E-05,0.000100937,0.025093079,0.005233765,-0.029937744
3.39,0.003448486,0.010475159,0.023849487,-0.041748047,0.022253036,0.024719238,0.03125,-0.03452301,-0.000274658,0.022026062,-0.014205933,0.026862144,-0.004058838,-0.000305176,-0.006744385,0.000213623,-4.92651E-05,0.00769043,-0.026672363,0.047279358,-0.041137695,-0.010742188,0.035629272,0.002197266,-0.001351738,-0.000957556,0.001815796,-0.000863445,0.009429932,-1.52588E-05,0.049682617,0.027709961,-0.006072998,0.024383545,-2.79807E-05,-2.43261E-06,9.14894E-05,0.046409607,-0.028610229,-0.02053833
3.4,-0.012969971,0.02507782,0.025192261,-0.040512085,0.048606873,0.061279297,-0.018798828,-0.023590088,-0.001472473,0.046203613,-0.043754578,0.03177166,-0.021270752,-0.012268066,-0.000732422,0.021759033,-3.79235E-05,-0.033905029,0.003753662,0.042419434,-0.006652832,-0.031738281,0.04296875,0.016906738,-0.001344986,-0.000953801,-0.00831604,-0.00085894,0.015625,0.024002075,0.004882813,0.00819397,0.051574707,-0.023010254,9.92604E-06,-5.55534E-05,-3.1326E-05,0.018825531,-0.018951416,0.026611328
3.41,-0.018005371,0.015342712,0.003845215,-0.026992798,0.022253036,0.046661377,-0.030029297,-0.018730164,0.005744934,0.046203613,-0.033905029,-0.036960602,0.003326416,-0.007446289,-0.004348755,0.040863037,-7.67689E-06,-0.027770996,0.001312256,0.0338974,-0.004089355,-0.068969727,-0.009635925,-0.046905518,-0.001354738,-0.000952299,-0.005783081,-0.00085894,-0.016525269,0.00239563,-0.014526367,-0.032073975,0.051574707,-0.003814697,-2.41902E-05,-3.84785E-05,-1.24313E-05,0.037631989,0.016113281,0.022583008
3.42,0.05267334,0.016563416,0.027862549,-0.00730896,0.00548172,0.006439209,-0.030029297,-0.026016235,-0.029129028,0.02807045,0.006721497,-0.043096542,0.016845703,0.016479492,-0.024841309,0.044464111,-4.92651E-05,-0.010650635,-0.003570557,0.020507813,-0.016845703,-0.062744141,-0.036552429,-0.056716919,-0.001362239,-0.000953801,0.008163452,-0.000856687,-0.052368164,0.010787964,0.014526367,0.00453186,0.002716064,-0.003814697,-3.55635E-05,5.1558E-06,2.91355E-05,0.076499939,-0.012893677,-0.012451172
3.43,0.077911377,0.03237915,0.043869019,-0.018356323,0.019855499,-0.002105713,-0.046325684,-0.004150391,-0.042350769,0.051040649,-0.019126892,0.001087189,-0.044616699,-0.003845215,-0.021224976,0.056396484,-5.87171E-05,-0.01675415,-0.001098633,-0.007484436,-0.048828125,-0.01940918,0.003814697,-0.018661499,-0.001361489,-0.000949295,0.036026001,-0.00085894,-0.017745972,-0.006011963,0,0.01184845,-0.021087646,-0.024291992,-7.53645E-05,5.44824E-05,-2.37711E-05,0.02885437,-0.033447266,0.013153076
3.44,0.026184082,-0.024803162,0.013183594,-0.035583496,0.039024353,0.03326416,-0.022521973,0.010421753,0.00453949,0.038951874,-0.009284973,0.023180008,-0.047058105,-0.024291992,0.002883911,0.050415039,-1.14581E-05,-0.004547119,-0.007202148,-0.012359619,-0.023254395,-0.020629883,0.020942688,0.005859375,-0.001359989,-0.000951548,0.013214111,-0.000862694,0.00201416,-0.043228149,-0.002441406,-0.011329651,0.010223389,0.006469727,-0.000158761,3.74094E-05,-1.99899E-05,-0.017536163,0.010070801,0.027954102
3.45,0.021118164,-0.055221558,0.010513306,-0.038040161,0.023450851,0.032012939,0.042480469,-0.010223389,0.00453949,0.018400192,0.033805847,0.032999039,-0.016357422,-0.005126953,0.001678467,0.031280518,9.33651E-06,-0.015533447,-0.013305664,0.002250671,0.044433594,-0.09362793,-0.034103394,-0.008850098,-0.001353988,-0.000951548,0.004348755,-0.000852182,-0.002914429,0.001190186,0.047241211,0.006965637,0.036529541,0.001342773,-0.000153074,-4.60688E-05,5.18113E-05,0.001270294,-0.004425049,-0.019195557
3.46,0.017333984,0.010475159,0.017181396,-0.039276123,-0.002902985,-0.025299072,0.04498291,-0.019943237,-0.025520325,0.041368484,-0.001899719,0.019497871,-0.038452148,0.011657715,-0.028442383,0.038452148,1.68979E-05,-0.01675415,-0.02545166,0.010772705,0.022705078,-0.094970703,-0.048782349,-0.054275513,-0.001354738,-0.00094554,0.009414673,-0.000846927,0.015625,0.032409668,0.04119873,0.006965637,0.001464844,-0.001251221,-7.9155E-05,-1.95075E-05,4.61414E-05,0.033870697,-0.033447266,-0.047454834
3.47,-0.010437012,0.011695862,-0.009506226,-0.033126831,0.029441833,-0.010620117,0.001220703,0.01650238,-0.01109314,0.037740707,-0.025291443,0.010906219,-0.051971436,-0.005126953,-0.048919678,0.039642334,4.33633E-05,0.034606934,-0.026672363,0.02293396,-0.052612305,-0.034301758,-0.016975403,-0.049346924,-0.001357739,-0.000944037,-0.060272217,-0.000861943,0.039093018,-0.010818481,0.012084961,0.03503418,-0.017333984,0.032043457,-4.31444E-05,-1.0021E-05,-1.24313E-05,0.065216064,0.002822876,-0.011108398
3.48,0.000946045,0.003181458,0.006500244,-0.00730896,0.037824631,0.038116455,0.001220703,0.032295227,-0.009887695,0.00510025,0.007949829,0.018270493,-0.036010742,-0.014648438,-0.028442383,0.014556885,0.000109526,0.034606934,0.004974365,0.024162292,-0.064086914,-0.047851563,-0.018203735,-0.021133423,-0.001355488,-0.00095305,-0.074203491,-0.000869451,0.055175781,-0.024032593,0.023010254,0.070419312,0.002716064,0.009002686,-7.53645E-05,-0.000110572,3.85828E-05,0.096565247,-0.009262085,0.007751465
3.49,0.022399902,0.027511597,0.03453064,-0.034347534,-0.007696152,-0.005767822,-0.020019531,-0.007797241,-0.007484436,0.019607544,0.021499634,0.008451462,-0.031097412,0.024841309,-0.000732422,0.002624512,6.60475E-05,-0.015533447,0.0390625,0.019287109,-0.048828125,-0.063964844,-0.0157547,-0.026031494,-0.001358489,-0.000958307,-0.014648438,-0.000865697,0.026748657,-1.52588E-05,0.012084961,0.03137207,-0.002288818,3.05176E-05,-0.000134122,-0.000120059,0.000148173,0.084026337,-0.038299561,-0.050170898
3.5,0.026184082,0.014129639,0.04119873,-0.074951172,-0.008893967,-0.021636963,-0.026306152,-0.006576538,0.010551453,0.054664612,0.009178162,-0.008730888,-0.036010742,0.03326416,-0.000732422,0.048034668,-6.24983E-05,-0.01675415,0.036621094,0.008338928,-0.057739258,-0.03918457,0.006263733,-0.053039551,-0.001350237,-0.000952299,0.001815796,-0.000866448,0.004486084,-0.013214111,0.004882813,0.030158997,0.000213623,0.052520752,-6.58892E-05,-2.70959E-05,0.000150062,0.042648315,-0.022567749,-0.066314697
3.51,0.000946045,0.017776489,0.08921814,-0.045425415,-0.011289597,0.03326416,0.034973145,0.02986145,-0.002677917,0.029279709,-0.000663757,-0.00750351,-0.021270752,0.010498047,-0.024841309,0.071929932,7.44592E-06,-0.024108887,0.004974365,-0.007484436,-0.041137695,-0.013183594,0.025840759,-0.071456909,-0.001336735,-0.000950046,0.029693604,-0.000859691,0.018096924,-0.027618408,0.026672363,0.060661316,0.008972168,0.055084229,-2.60845E-05,-3.27863E-05,5.93662E-05,0.050170898,-0.021362305,0.007751465
3.52,-0.00793457,0.020210266,0.045211792,-0.024520874,-0.017280579,0.021057129,0.023742676,0.006782532,-0.008682251,0.00510025,-0.005592346,-0.006277084,0.031585693,0.036865234,-0.056152344,0.033691406,5.47059E-05,-0.038787842,-0.002349854,0.011985779,-0.000244141,-0.021850586,0.008712769,-0.053039551,-0.001345737,-0.000947042,0.03855896,-0.000847677,0.008209229,-0.006011963,0.043640137,0.036254883,0.002716064,-0.007629395,-8.48416E-05,-6.31418E-05,2.53581E-05,0.071483612,-0.01411438,0.009094238
3.53,0.028686523,-0.017501831,-0.040176392,-0.051589966,0.04621315,0.003997803,-0.001281738,-0.028450012,0.006942749,0.019607544,-0.025291443,-0.039414406,0.041412354,0.034423828,-0.032058716,0.053985596,-3.22517E-05,0.015045166,-0.005981445,0.008338928,0.00994873,-0.065185547,-0.032875061,-0.029724121,-0.001353238,-0.000947793,0.001815796,-0.000853684,0.000793457,-0.006011963,0.053283691,0.020393372,0.007720947,-0.020446777,-3.17711E-05,7.05384E-06,8.96007E-05,0.035125732,-0.008071899,-0.02456665
3.54,0.031219482,-0.011421204,0.0025177,-0.060180664,0.079751968,0.057647705,0.046203613,0.004348755,0.018966675,0.032905579,-0.048675537,-0.034505844,-0.018798828,-0.006286621,0.004089355,0.079101563,3.58019E-05,0.024810791,-0.052276611,-0.033042908,-0.024536133,-0.03918457,-0.023086548,-0.060409546,-0.001351738,-0.000948544,0.005615234,-0.000865697,0.018096924,-0.001220703,0.052062988,0.042358398,0.007720947,-0.002532959,-1.47149E-05,3.93074E-05,0.000108492,0.01506424,-0.03225708,0.003692627
3.55,0.004699707,0.044540405,0.026519775,-0.030670166,0.035429001,0.050323486,0.046203613,0.034721375,0.024978638,0.052248001,-0.057289124,0.039134979,-0.027404785,0.014099121,-0.03326416,0.046813965,0.000111417,-0.036315918,-0.051025391,-0.017219543,-0.04498291,-0.007080078,-0.013313293,-0.072692871,-0.001358489,-0.000939531,0.01574707,-0.000856687,0.042816162,0.017990112,0.044799805,0.055778503,0.019012451,-0.007629395,-3.9354E-05,6.58669E-05,2.53581E-05,0.042648315,-0.012893677,-0.015136719
3.56,0.003448486,0.042106628,0.014511108,-0.026992798,0.013868332,0.003997803,0.047485352,0.007995605,0.034599304,0.075216293,-0.046211243,0.044044495,0.003326416,0.030822754,-0.030853271,0.05279541,7.54995E-05,-0.032684326,9.15527E-05,0.027809143,-0.01940918,-0.030517578,-0.009635925,-0.019897461,-0.001360739,-0.000943286,0.001815796,-0.000843923,0.065063477,0.00239563,0.042358398,0.000869751,0.026519775,0.001342773,-9.02824E-06,9.05301E-05,2.53581E-05,0.047664642,0.013702393,-0.029937744
3.57,0.012298584,0.033592224,0.049194336,-0.038040161,0.018657684,0.01373291,0.067504883,-0.022369385,0.04662323,0.076425552,0.009178162,-0.005049706,-0.020019531,0.009277344,0.014938354,0.075531006,9.62941E-05,-0.003326416,-0.004760742,0.018074036,-0.013061523,-0.009521484,0.034408569,-0.012542725,-0.001355488,-0.000962813,0.022094727,-0.000852182,0.042816162,0.00239563,0.048461914,-0.01865387,-0.006072998,-0.017852783,-3.74578E-05,-2.89921E-05,0.000112273,0.04139328,-0.016525269,-0.005737305
3.58,0.022399902,0.046974182,0.053207397,-0.023284912,0.012670517,0.005187988,0.015014648,-0.006576538,0.026176453,0.034114838,0.027641296,-0.01732254,-0.039703369,0.008117676,-0.018798828,0.051635742,5.47059E-05,-0.011871338,-0.035217285,-0.001396179,-0.032226563,0.020263672,0.012390137,-0.029724121,-0.001359989,-0.000967319,0.041091919,-0.000862694,-0.002914429,0.021591187,0.048461914,0.042358398,-0.031097412,-0.047302246,-3.55635E-05,-7.07321E-05,7.82609E-05,0.032619476,-0.02015686,-0.029937744
3.59,0.013549805,0.000747681,-0.004150391,-0.066345215,-0.006498337,-0.024047852,-0.026306152,0.014068604,-0.013496399,0.003892899,-0.031433105,-0.011185646,-0.055664063,-0.009887695,-0.057357788,0.010986328,-1.15484E-07,0.000366211,-0.046142578,0.007110596,-0.043701172,-0.011962891,-0.038993835,-0.017456055,-0.001353238,-0.000959809,0.011947632,-0.000853684,0.008209229,-0.010818481,0.02545166,0.017951965,-0.008544922,0.001342773,-2.98768E-05,4.12036E-05,-2.94372E-05,0.021331787,0.006454468,-0.031280518
3.6,0.002166748,-0.026016235,-0.036178589,-0.108139038,-0.007696152,-0.004516602,-0.022521973,-0.007797241,-0.031532288,0.017189026,-0.046211243,0.018270493,-0.067962646,-0.042236328,-0.018798828,0.006225586,0.000115197,-0.009429932,-0.046142578,0.011985779,-0.038574219,-0.055297852,-0.040214539,-0.029724121,-0.001335985,-0.000955303,0.009414673,-0.000846927,0.040344238,-0.022827148,0.029052734,-0.027191162,0.030273438,0.05380249,-0.000122748,5.1558E-06,-8.65385E-06,0.036376953,-0.008071899,-0.015136719
3.61,0.024902344,-0.008987427,0.033187866,-0.051589966,0.022253036,0.030822754,-6.10352E-05,-0.012649536,-0.030326843,0.025651932,-0.008049011,0.017043114,-0.012664795,-0.023010254,0.000473022,0.040863037,9.44035E-05,-0.05960083,-0.010864258,0.003463745,-0.020690918,-0.051513672,-0.02431488,-0.054275513,-0.001343486,-0.000952299,0.030960083,-0.000857438,0.020553589,-0.003616333,0.058105469,0.01184845,0.027801514,0.049957275,-0.000145491,-0.000108674,0.000112273,0.084026337,-0.01411438,-0.066314697
3.62,0.032470703,-0.028450012,0.069213867,-0.042953491,0.013868332,0.043029785,0.049987793,-0.005363464,-0.030326843,0.051040649,-0.001899719,-0.022232056,0.027893066,0.02722168,-0.032058716,0.040863037,-4.54839E-05,-0.02532959,0.036621094,-0.012359619,-0.03729248,-0.01574707,0.019729614,-0.054275513,-0.001350987,-0.000951548,-0.005783081,-0.000862694,0.018096924,-0.034820557,0.069030762,0.024055481,0.001464844,0.010284424,-8.29455E-05,-6.50398E-05,7.25947E-05,0.121639252,0.018539429,-0.087860107
3.63,0.007232666,-0.036972046,0.001174927,-0.071258545,0.009075165,0.022247314,0.051208496,-0.03087616,-0.021911621,0.083679199,-0.026519775,-0.00750351,0.003326416,0.03326416,-0.029647827,0.050415039,4.52539E-05,0.010162354,0.036621094,0.002250671,-0.052612305,-0.020629883,0.025840759,-0.011322021,-0.001349487,-0.000947042,-0.041259766,-0.000861943,0.076187134,-0.032424927,0.059387207,0.003311157,-0.002288818,-0.005065918,-7.34683E-05,-1.76094E-05,-1.99899E-05,0.075248718,0.017333984,-0.009765625
3.64,-0.012969971,-0.001686096,-0.001495361,-0.04788208,0.034231186,0.006439209,0.042480469,-0.038169861,0.027381897,0.076425552,-0.021598816,0.028089523,-0.018798828,-0.014648438,-0.022415161,0.088653564,0.000137881,-0.031463623,0.018371582,0.024162292,-0.023254395,-0.040405273,0.001373291,0.000961304,-0.001360739,-0.000944789,-0.017181396,-0.000869451,0.0675354,0.00718689,0.003601074,0.019172668,-0.007293701,0.05380249,-6.20969E-05,-0.000121957,5.55888E-05,0.008792877,0.00402832,0.027954102
3.65,-0.010437012,0.012908936,0.045211792,-0.056503296,0.029441833,0.011291504,0.06628418,-0.01750946,0.053840637,0.049829483,-0.003128052,0.036680222,-0.024963379,-0.030212402,-0.040496826,0.059997559,-1.90195E-05,-0.01675415,0.008636475,-0.009918213,0.00994873,-0.026855469,0.034408569,-0.054275513,-0.001357739,-0.000956805,-0.014648438,-0.000866448,-0.005386353,0.009597778,-0.020568848,0.016731262,-0.022338867,0.058929443,1.94032E-05,-0.000137134,3.29167E-05,0.035125732,-0.006851196,-0.016479492
3.66,-0.000335693,0.03237915,0.001174927,-0.072494507,0.040222168,-0.010620117,0.010009766,-0.023590088,0.014152527,0.030488968,-0.027740479,0.012133598,-0.012664795,0.008117676,-0.027236938,0.031280518,-9.27439E-05,0.010162354,-0.021820068,-0.044006348,0.008666992,-0.025634766,0.020942688,-0.065322876,-0.001338985,-0.000961311,-0.026062012,-0.000854435,0.003265381,0.00718689,0.024230957,-0.016212463,-0.031097412,0.021820068,5.54137E-05,-3.84785E-05,-4.64432E-05,0.068981171,-0.029830933,-0.015136719
3.67,-0.021820068,0.039672852,-0.038848877,-0.052825928,0.024648666,-0.035003662,-0.041259766,-0.050315857,0.010551453,0.03169632,-0.016662598,0.007224083,0.003326416,0.017700195,0.002883911,0.045623779,6.41569E-05,-0.006958008,-0.027923584,-0.028182983,-0.050048828,-0.031738281,-0.02431488,-0.033401489,-0.001341986,-0.000955303,-0.004516602,-0.000860441,0.053939819,-0.004806519,0.013305664,0.00453186,-0.028625488,0.033325195,-3.36673E-05,-4.60688E-05,0.000106607,0.030109406,0.000396729,-0.019195557
3.68,-0.040740967,-0.016288757,0.023849487,-0.040512085,-0.034049988,-0.025299072,0.023742676,-0.050315857,0.050231934,0.040159225,-0.001899719,0.0379076,-0.015106201,-0.014648438,0.010101318,0.045623779,0.00012654,0.024810791,0.014709473,-0.003837585,-0.073059082,-0.032958984,0.001373291,-0.018661499,-0.001359989,-0.000965066,0.008163452,-0.000867199,0.066299438,-0.019226074,-0.003662109,0.036254883,-0.017333984,0.007720947,-0.000100004,-3.27863E-05,0.000191629,-0.00750351,0.016113281,-0.074401855
3.69,-0.002868652,-0.047920227,0.025192261,-0.057739258,-0.024467468,-0.015533447,0.07623291,-0.01750946,0.034599304,0.044994354,-0.030212402,0.009678841,-0.024963379,-0.012268066,-0.011581421,0.069519043,4.71435E-05,0.017486572,0.041473389,-0.006271362,-0.030883789,-0.031738281,0.023391724,-0.003952026,-0.001356989,-0.000965066,-0.003250122,-0.000872455,0.048995972,0.001190186,0.039978027,0.044792175,-0.019836426,0.011566162,-3.36673E-05,1.84365E-05,4.61414E-05,0.007541656,0.002822876,-0.058227539
3.7,0.0362854,-0.035751343,-0.026855469,-0.068786621,0.022253036,0.007629395,0.054992676,-0.005363464,-0.008682251,0.024442673,-0.021598816,-0.009958267,-0.013885498,0.002075195,-0.009170532,0.075531006,5.28144E-05,-0.049804688,0.048797607,-0.01966095,-0.038574219,0.025146484,0.007492065,-0.019897461,-0.001344236,-0.000948544,-0.033660889,-0.000876209,0.000793457,0.015594482,0.054504395,0.070419312,-0.023590088,0.02947998,-9.02824E-06,-5.36572E-05,-5.21094E-05,0.05393219,0.030639648,-0.013793945
3.71,0.046356201,-0.027236938,0.022521973,-0.041748047,0.034231186,0.050323486,0.028747559,-0.026016235,0.00453949,-0.00094223,-0.001899719,0.025634766,-0.020019531,-0.017089844,0.001678467,0.042053223,0.000120869,-0.043670654,0.045135498,-0.013572693,-0.062866211,0.040039063,-0.023086548,-0.054275513,-0.001347237,-0.000947793,-0.020980835,-0.000856687,-0.001678467,-0.02041626,0.054504395,0.055778503,-0.014801025,-0.017852783,-8.86321E-05,-9.53954E-05,7.93487E-07,0.048915863,0.012496948,-0.032653809
3.72,0.029937744,-0.004119873,0.065216064,-0.014678955,0.017459869,0.0625,0.036193848,-0.016296387,0.023780823,0.015981674,0.015335083,0.002314568,-0.039703369,-0.000305176,-0.030853271,0.058746338,0.000115197,-0.006958008,0.012268066,0.02293396,-0.046264648,-0.055297852,-0.032875061,-0.067779541,-0.001348737,-0.000947793,0.011947632,-0.000850681,0.027984619,-0.050430298,0.054504395,0.010635376,0.015258789,0.015411377,-6.02026E-05,-2.89921E-05,9.52668E-05,1.90735E-05,-0.017730713,-0.02456665
3.73,-0.005401611,0.014129639,0.035858154,0.007446289,-0.016082764,0.025970459,0.033752441,-0.000511169,0.018966675,0.038951874,0.03011322,-0.021004677,-0.054443359,0.018859863,-0.046524048,0.076690674,4.14727E-05,-0.002105713,-0.015716553,0.036331177,-0.013061523,-0.102294922,0.000152588,-0.069015503,-0.001350987,-0.00094554,0.004348755,-0.00085894,0.014389038,-0.013214111,0.038757324,0.009414673,0.046569824,0.039733887,9.92604E-06,-8.123E-06,8.39308E-05,0.01506424,0.010070801,-0.009765625
3.74,-0.02432251,0.012908936,0.025192261,0.020996094,-0.010091782,-0.003326416,-0.013793945,-0.001724243,0.010551453,0.046203613,0.017807007,0.010906219,-0.032318115,-0.006286621,-0.020004272,0.030090332,5.55534E-06,-0.000854492,-0.009643555,0.011985779,-0.004089355,-0.058959961,0.001373291,-0.057952881,-0.001361489,-0.000949295,0.000549316,-0.000848428,0.015625,0.027603149,0.026672363,0.037475586,0.011505127,-0.023010254,4.23938E-06,-3.27863E-05,-8.65385E-06,0.035125732,0.007659912,-0.062255859
3.75,-0.014221191,0.038459778,0.027862549,-0.008529663,0.01506424,0.024719238,-0.025024414,0.003135681,-0.045959473,0.07884407,-0.003128052,-0.011185646,-0.012664795,-0.005126953,-0.009170532,-0.002197266,6.22664E-05,-0.027770996,0.006195068,0.011985779,-0.01940918,-0.024291992,-0.005966187,-0.049346924,-0.001356238,-0.000941784,-0.000717163,-0.000853684,0.024276733,0.016799927,0.004882813,0.047233582,-0.037384033,-0.014038086,-3.34159E-06,-4.41708E-05,6.46338E-06,0.027603149,-0.031036377,-0.055541992
3.76,0.004699707,-0.007774353,0.033187866,-0.04788208,0.01027298,0.038116455,0.02746582,0.000701904,-0.03754425,0.07884407,-0.012985229,-0.024686813,-0.042144775,0.011657715,-0.029647827,0.008575439,0.000109526,-0.064483643,0.008636475,0.024162292,-0.015625,-0.029296875,0.017280579,-0.048141479,-0.001343486,-0.000943286,-0.003250122,-0.000856687,0.006958008,0.013183594,-0.002441406,0.01184845,0.000213623,0.028198242,-2.79807E-05,-2.43261E-06,4.80302E-05,0.042648315,-0.04675293,-0.004364014
3.77,0.009765625,-0.113609314,0.025192261,-0.046661377,0.023450851,-0.003326416,0.039978027,-0.013870239,0.053840637,0.02807045,-0.012985229,0.021952629,-0.050750732,0.00567627,-0.0440979,0.024108887,9.25129E-05,-0.038787842,0.02444458,0.005897522,-0.014343262,-0.050292969,0.003814697,-0.028503418,-0.001347987,-0.000958307,0.000549316,-0.000843923,0.000793457,0.010787964,0.023010254,-0.02230835,0.019012451,0.038452148,-1.85054E-05,2.98191E-05,-2.98396E-06,0.035125732,-0.034667969,-0.04208374
3.78,0.013549805,-0.072250366,0.009185791,-0.025756836,0.024648666,-0.026489258,0.004943848,-0.033309937,0.029785156,0.003892899,-0.016662598,0.03177166,-0.028625488,0.020080566,-0.028442383,0.056396484,0.00012654,0.017486572,0.030548096,-0.011131287,-0.015625,-0.06640625,0.001373291,-0.033401489,-0.001358489,-0.000962062,0.003082275,-0.000856687,0.000793457,-0.008422852,0.018188477,0.016731262,-0.022338867,0.015411377,-2.41902E-05,-2.14037E-05,8.3521E-06,-0.00750351,-0.024993896,-0.090545654
3.79,0.031219482,0.011695862,0.030517578,-0.026992798,0.006679535,0.005187988,0.036193848,-0.015083313,-0.027923584,0.017189026,-0.010513306,-0.00014019,-0.022491455,0.020080566,-0.018798828,0.088653564,0.00012654,0.00769043,-0.023040771,0.015640259,0.007385254,-0.026855469,0.019729614,-0.066543579,-0.001356238,-0.000965817,0.003082275,-0.000864196,0.019332886,-0.006011963,-0.026672363,0.061882019,-0.013580322,-0.033233643,-5.64121E-05,5.1558E-06,0.000114162,-0.046375275,-0.027404785,-0.073059082
3.8,0.014801025,-0.024803162,0.035858154,-0.018356323,0.025846481,0.029602051,0.065002441,0.020141602,0.022575378,0.032905579,0.000564575,-0.027141571,-0.016357422,-0.020690918,-0.024841309,0.039642334,-2.09091E-05,-0.027770996,-0.057128906,0.041191101,0.011230469,0.026367188,-0.00718689,-0.069015503,-0.001351738,-0.000965066,-0.017181396,-0.000852933,0.027984619,-0.004806519,-0.01574707,0.017951965,-0.021087646,-0.002532959,-1.44541E-06,8.48379E-05,0.00011605,-0.036342621,-0.028610229,-0.048797607
3.81,-0.019287109,-0.04548645,0.009185791,-0.011001587,0.022253036,0.02835083,0.004943848,0.006782532,0.030990601,0.020816803,0.023948669,-0.025914192,-0.018798828,-0.021850586,-0.007965088,-0.01171875,-5.11557E-05,-0.029022217,-0.005981445,0.007110596,-0.018188477,-0.034301758,-0.023086548,-0.051818848,-0.001355488,-0.000946291,-0.034927368,-0.000850681,0.008209229,0.00479126,0.037536621,-0.023536682,-0.041137695,0.04486084,-5.2359E-06,6.7763E-05,3.29167E-05,0.01506424,-0.026199341,-0.040740967
3.82,0.008483887,-0.00655365,0.017181396,-0.052825928,-0.026863098,0.027160645,-0.030029297,-0.029663086,-0.03994751,-0.008195877,0.021499634,-0.014867783,0.008239746,-0.000305176,0.0052948,0.018157959,2.44593E-05,-0.032684326,0.02444458,-0.034263611,-0.051391602,-0.096069336,0.002601624,-0.037094116,-0.001356238,-0.000935776,-0.050125122,-0.000852182,0.013153076,0.015594482,0.008483887,0.010635376,0.011505127,0.035888672,-5.26197E-05,5.63804E-05,-2.18786E-05,0.031360626,-0.021362305,-0.052825928
3.83,0.014801025,-0.032104492,0.027862549,-0.057739258,-0.031656265,-0.003326416,-0.006286621,-0.043029785,-0.035140991,-0.004570007,-0.025291443,-0.001367569,0.046325684,-0.029052734,-0.032058716,0.028930664,5.55534E-06,-0.026550293,-0.013305664,-0.007484436,-0.052612305,-0.055297852,0.027069092,-0.02482605,-0.001352488,-0.000948544,-0.060272217,-0.000859691,0.019332886,-0.02041626,-0.01940918,0.037475586,0.01776123,0.048706055,-1.28187E-05,5.82784E-05,-4.07733E-05,0.026348114,-0.037094116,-0.075714111
3.84,-0.018005371,-0.090492249,0.006500244,-0.00730896,0.022253036,-0.022827148,0.012512207,-0.009010315,-0.013496399,-0.013031006,-0.025291443,0.019497871,0.014373779,-0.038635254,-0.041687012,0.003814697,7.17184E-05,-0.010650635,-0.02911377,0.009552002,-0.027099609,-0.035400391,0.019729614,-0.026031494,-0.001362239,-0.000956054,-0.034927368,-0.000871704,-0.007858276,-0.009613037,0.024230957,0.013069153,-0.037384033,0.04486084,-3.34159E-06,2.03345E-05,4.23603E-05,0.040138245,-0.054016113,-0.052825928
3.85,0.016052246,-0.056434631,0.031860352,0.001312256,0.048606873,-0.010620117,0.008728027,0.023788452,-0.009887695,-0.033582687,0.004257202,-0.034505844,-0.033538818,0.010498047,-0.029647827,0.006225586,0.000107636,-0.009429932,-0.015716553,-0.009918213,-0.034790039,-0.056518555,-0.00718689,-0.035858154,-0.001369741,-0.000950046,-0.019729614,-0.000873205,-0.000442505,0.028793335,0.038757324,-0.01499176,-0.052429199,0.015411377,4.5076E-07,1.27461E-05,0.000117943,0.036376953,-0.06489563,-0.017822266
3.86,0.022399902,0.005615234,0.081222534,-0.019592285,0.028244019,-0.004516602,-0.001281738,0.017715454,0.029785156,-0.006986618,0.011642456,-0.061506271,-0.039703369,0.009277344,-0.045303345,0.018157959,3.58019E-05,0.001586914,-0.015716553,0.008338928,-0.048828125,-0.036743164,-0.008415222,-0.046905518,-0.001350987,-0.000943286,-0.010848999,-0.000861943,0.040344238,-0.008422852,0.029052734,0.014289856,-0.00982666,0.030761719,4.97289E-05,3.17171E-05,2.34693E-05,0.006286621,-0.08303833,-0.059570313
3.87,-0.009185791,-0.004119873,0.063873291,-0.044189453,0.035429001,0.012542725,0.008728027,-0.000511169,0.030990601,0.011146545,0.026420593,0.005996704,-0.032318115,-0.021850586,-0.020004272,0.004974365,6.22664E-05,0.019958496,-0.019378662,0.005897522,0.017578125,-0.018188477,0.002601624,-0.039535522,-0.001346487,-0.000937278,0.006881714,-0.000845425,0.046524048,-0.019226074,0.024230957,0.048454285,0.027801514,0.030761719,6.13369E-06,2.22307E-05,-6.72266E-05,-0.018791199,-0.061279297,-0.086517334
3.88,0.04385376,0.001960754,0.019851685,-0.042953491,0.045015335,0.029602051,0.017456055,-0.01750946,0.000930786,0.008728027,-0.008049011,-0.01732254,-0.043365479,0.004516602,0.001678467,-0.014129639,6.22664E-05,0.001586914,-0.023040771,0.009552002,0.031616211,-0.056518555,-0.025535583,-0.019897461,-0.001368991,-0.000944789,-0.020980835,-0.000843172,0.019332886,0.024002075,0.027832031,0.041137695,-0.008544922,0.006469727,-0.000132225,-2.89921E-05,-4.64432E-05,-0.002490997,-0.037094116,-0.029937744
3.89,0.070343018,0.039672852,0.005172729,-0.008529663,0.035429001,0.034454346,0.03125,-0.027229309,0.010551453,0.026861191,-0.075759888,-0.034505844,-0.043365479,0.016479492,-0.024841309,-0.005737305,1.7751E-06,-0.017974854,-0.032775879,0.036331177,-0.061584473,-0.092407227,-0.032875061,-0.021133423,-0.001372741,-0.00096056,-0.046325684,-0.000850681,-0.000442505,0.019195557,0.038757324,0.048454285,-0.024841309,0.010284424,-0.000175819,-4.03766E-05,-1.81012E-05,0.036376953,-0.05279541,-0.02456665
3.9,0.018585205,0.015342712,0.001174927,-0.003601074,0.023450851,0.01739502,0.046203613,-0.024803162,0.009346008,0.037740707,-0.052368164,0.029316902,-0.024963379,-0.030212402,-0.010360718,0.008575439,3.39113E-05,0.00402832,-0.036407471,0.007110596,-0.065429688,-0.112182617,-0.00718689,-0.042007446,-0.001356989,-0.000962062,-0.013381958,-0.000852182,0.036636353,-0.02041626,0.035095215,0.069198608,0.005218506,0.0128479,-6.58892E-05,-1.38152E-05,-1.24313E-05,0.035125732,-0.033447266,-0.070343018
3.91,0.013549805,-0.005340576,0.007843018,-0.025756836,0.006679535,-0.022827148,0.026245117,-0.028450012,-0.007484436,0.02807045,-0.003128052,-0.006277084,-0.053222656,-0.063781738,0.026977539,-0.004547119,1.87885E-05,0.011383057,-0.041290283,-0.008712769,-0.027099609,-0.125732422,-0.018203735,-0.055511475,-0.001350987,-0.000951548,0.018295288,-0.000858189,0.07371521,-0.007217407,0.042358398,0.067977905,-0.011047363,0.006469727,2.31937E-05,-2.33017E-05,-5.77793E-05,-0.001235962,-0.022567749,-0.04473877
3.92,0.028686523,0.016563416,0.038528442,-0.035583496,0.00787735,-0.016723633,0.010009766,-0.029663086,-0.005081177,0.001476288,-0.012985229,-0.046778679,-0.060577393,-0.037414551,-0.010360718,0.001403809,-6.24983E-05,-0.024108887,-0.032775879,0.013198853,-0.036010742,-0.094970703,-0.021865845,-0.040771484,-0.001355488,-0.000950797,-0.004516602,-0.000863445,0.030456543,0.035995483,0.046020508,0.047233582,-0.019836426,-0.015289307,-1.09226E-05,-2.51997E-05,-5.21094E-05,0.013809204,-0.054016113,0.013153076
3.93,0.009765625,0.020210266,0.046524048,7.62939E-05,0.012670517,0.03326416,0.023742676,-0.024803162,-0.002677917,-0.006986618,-0.020355225,0.014588356,-0.018798828,0.024841309,-0.045303345,0.051635742,2.44593E-05,-0.047363281,-0.012084961,0.03024292,0.016357422,-0.063964844,-0.010864258,-0.029724121,-0.001353238,-0.000963564,-0.041259766,-0.000859691,-0.016525269,0.019195557,0.021789551,0.030158997,-0.001037598,-0.020446777,-5.07254E-05,-2.51997E-05,4.42527E-05,0.08026123,-0.050384521,-0.008392334
3.94,-0.001586914,-0.001686096,0.026519775,0.017303467,0.006679535,0.02835083,0.028747559,-0.046669006,0.00453949,0.014772415,-0.021598816,0.050181389,-0.010192871,0.02722168,-0.003143311,0.055175781,0.000124649,-0.013092041,-0.002349854,0.009552002,0.04699707,-0.040405273,-0.005966187,-0.039535522,-0.001353238,-0.000956054,-0.026062012,-0.000858189,-0.005386353,0.00239563,0.032653809,0.013069153,-0.00982666,0.005187988,-3.55635E-05,-6.31418E-05,7.25947E-05,0.08026123,-0.028610229,-0.039367676
3.95,-0.002868652,-0.007774353,0.031860352,-0.019592285,0.001886368,-0.005767822,-0.006286621,-0.04788208,0.018966675,0.015981674,-0.015434265,0.018270493,-0.027404785,-0.030212402,-0.020004272,0.008575439,9.44035E-05,0.00769043,-0.004760742,-0.022094727,-0.013061523,-0.051513672,0.044197083,-0.039535522,-0.001359239,-0.000944037,0.010696411,-0.000855186,0.008209229,0.034805298,0.054504395,-0.011329651,-0.036132813,0.019256592,-2.60845E-05,-0.000106778,2.72468E-05,0.022583008,-0.027404785,-0.023223877
3.96,0.004699707,0.017776489,0.047866821,-0.006072998,0.004283905,0.003997803,-0.037536621,-0.022369385,-0.005081177,0.032905579,-0.000663757,-0.02836895,-0.061798096,-0.032653809,-0.053741455,0.008575439,9.62941E-05,-0.03024292,-0.020599365,0.021720886,-0.03729248,-0.109741211,0.04296875,-0.02482605,-0.001351738,-0.000957556,0.030960083,-0.000850681,0.008209229,0.040802002,0.008483887,-0.008888245,-0.043640137,0.056365967,3.07746E-05,-8.97031E-05,-5.58905E-05,-0.013774872,-0.031036377,-0.062255859
3.97,0.009765625,0.003181458,0.062530518,-0.013442993,0.036626816,0.024719238,-0.005065918,-0.036949158,-0.017105103,0.065546036,-0.005592346,-0.029596329,-0.065490723,0.000915527,0.013717651,0.026519775,6.60475E-05,-0.029022217,-0.027923584,0.031455994,-0.015625,-0.076416016,-0.040214539,-0.011322021,-0.001350237,-0.000963564,0.008163452,-0.000850681,-0.006637573,0.013183594,-0.012145996,0.025268555,-0.022338867,0.06918335,4.97289E-05,-3.65824E-05,-9.9346E-05,-0.031326294,-0.038299561,-0.069000244
3.98,-0.006652832,-0.011421204,0.061218262,-0.088470459,0.039024353,0.052734375,0.034973145,-0.028450012,0.010551453,0.042577744,0.00302887,-0.012413025,-0.020019531,-0.011047363,0.035400391,0.003814697,-1.71289E-05,-0.002105713,-0.030334473,-0.018447876,-0.032226563,-0.032958984,-0.037765503,-0.008850098,-0.00136374,-0.000951548,-0.026062012,-0.00084993,-0.016525269,0.010787964,0.024230957,0.033813477,-0.006072998,0.011566162,-8.67378E-05,-4.7965E-05,-5.40018E-05,-0.017536163,-0.031036377,0.002349854
3.99,-0.02432251,0.029945374,0.007843018,-0.081100464,0.024648666,0.072265625,0.043701172,0.004348755,-0.025520325,0.022026062,0.033805847,-0.035733223,-0.034759521,-0.021850586,-0.006744385,0.008575439,-1.52383E-05,-0.029022217,-0.046142578,0.015640259,-0.066650391,-0.072631836,0.019729614,-0.032165527,-0.00136449,-0.000947793,0.009414673,-0.000853684,0.02180481,0.045608521,0.037536621,0.033813477,0.01776123,-0.002532959,-0.000126539,-4.03766E-05,-5.02206E-05,0.0050354,-0.017730713,-0.001678467
4,-0.026855469,0.017776489,-0.028182983,-0.040512085,0.031835556,0.04788208,0.046203613,-0.011436462,-0.078422546,0.02807045,0.01410675,-0.027141571,-0.067962646,-0.01348877,0.01612854,0.034881592,2.82396E-05,-0.052246094,9.15527E-05,0.03024292,-0.065429688,-0.052856445,-0.002296448,-0.049346924,-0.001352488,-0.000944037,0.018295288,-0.000860441,0.044052124,0.062423706,0.048461914,0.065536499,0.01272583,0.0128479,1.94032E-05,2.60249E-05,-7.47852E-05,-0.006252289,-0.027404785,-0.04473877
4.01,-0.01675415,-0.024803162,0.005172729,-0.060180664,0.012670517,0.032012939,0.01373291,-0.028450012,-0.049568176,0.024442673,-0.020355225,0.03177166,-0.048309326,-0.036254883,0.013717651,0.006225586,3.20207E-05,-0.011871338,0.063415527,-0.053741455,-0.067993164,-0.007080078,-0.019424438,-0.014984131,-0.001351738,-0.000940282,-0.024795532,-0.000854435,0.000793457,0.033599854,0.050842285,0.071640015,-0.03237915,-0.021728516,8.00528E-05,-2.43261E-06,-7.66739E-05,-0.005001068,-0.02015686,-0.056884766
4.02,-0.01675415,-0.029670715,0.054534912,-0.066345215,0.01027298,0.032012939,0.001220703,-0.055168152,-0.036346436,0.042577744,0.009178162,0.024407387,-0.026153564,-0.024291992,-0.03326416,0.016937256,3.58019E-05,0.015045166,-0.007202148,-0.063476563,-0.050048828,-0.024291992,0.017280579,-0.012542725,-0.001346487,-0.000947793,-0.00958252,-0.000848428,-0.004165649,-1.52588E-05,0.023010254,0.037475586,-0.018585205,-0.008911133,2.34507E-06,-5.17592E-05,-2.18786E-05,0.017570496,-0.037094116,-0.067657471
4.03,-0.010437012,-0.033317566,0.061218262,-0.017150879,0.009075165,0.01739502,0.012512207,-0.067314148,-0.057983398,0.088516235,0.01902771,-0.001367569,-0.008972168,0.03918457,-0.038070679,0.073120117,3.39113E-05,-0.03024292,-0.089996338,-0.033042908,-0.00793457,-0.040405273,0.011161804,-0.054275513,-0.001329984,-0.000948544,0.020828247,-0.000844674,0.042816162,-0.027618408,-0.012145996,0.030158997,0.025268555,0.043579102,-3.34159E-06,-1.0021E-05,7.63759E-05,0.032619476,-0.073364258,-0.074401855
4.04,0.013549805,-0.002906799,0.013183594,-0.006072998,-0.026863098,0.025970459,-0.042541504,-0.005363464,-0.02431488,0.074007034,-0.014205933,0.028089523,-0.032318115,-0.002685547,-0.045303345,0.059997559,-7.67689E-06,-0.071807861,-0.060760498,-0.076858521,-0.036010742,-0.034301758,-0.023086548,-0.027267456,-0.001334485,-0.000941033,-0.003250122,-0.000845425,0.032928467,-0.026428223,-0.003662109,0.010635376,0.013977051,0.009002686,6.29947E-05,-1.95075E-05,2.91355E-05,0.031360626,-0.011688232,-0.06362915
4.05,0.009765625,-0.001686096,-0.006835938,-0.070022583,-0.002902985,0.045440674,-0.037536621,0.001922607,-0.005081177,-0.005777359,-0.032676697,0.017043114,-0.058105469,-0.03503418,-0.035675049,0.049224854,-4.54839E-05,-0.037567139,-0.031555176,-0.048866272,-0.059020996,-0.013183594,-0.021865845,0.002197266,-0.001352488,-0.000950797,-0.050125122,-0.000862694,0.005737305,0.016799927,0.026672363,-0.016212463,0.000213623,-0.034515381,7.24737E-05,-7.83205E-05,-2.75485E-05,-0.005001068,0.033050537,-0.051513672
4.06,-0.005401611,-0.067382813,0.045211792,-0.093383789,0.027044296,0.010101318,0.057495117,-0.055168152,-0.044754028,-0.006986618,-0.04990387,-0.003822327,-0.017547607,0.044067383,0.017333984,0.055175781,-1.90195E-05,0.006469727,-0.02911377,0.009552002,-0.042419434,0.009033203,-0.00352478,-0.007644653,-0.001353988,-0.000964315,-0.05140686,-0.000861192,0.019332886,0.026397705,0.02545166,0.039916992,0.000213623,0.005187988,3.83556E-05,-3.65824E-05,4.80302E-05,-0.0350914,-0.015319824,-0.02456665
4.07,-0.005401611,-0.017501831,0.042526245,-0.056503296,0.01027298,-0.024047852,0.038696289,-0.026016235,-0.02671814,0.049829483,-0.043754578,0.025634766,-0.004058838,0.024841309,-0.003143311,0.013397217,0.000117088,-0.027770996,0.009857178,0.004684448,-0.079467773,-0.007080078,0.018501282,-0.005172729,-0.001347987,-0.000959058,-0.018463135,-0.000842422,0.024276733,-0.007217407,0.035095215,0.064315796,-0.038635254,0.023101807,2.31937E-05,2.41287E-05,8.01496E-05,-0.027565002,-0.017730713,0.017181396
4.08,-0.002868652,0.062789917,-0.022842407,-0.070022583,0.028244019,0.0027771,-0.053833008,0.034721375,0.015357971,0.009937286,-0.011741638,0.028089523,-0.033538818,-0.027893066,-0.048919678,-0.006958008,0.000215387,-0.031463623,0.020782471,0.020507813,-0.069213867,-0.035400391,-0.008415222,-0.023590088,-0.001347987,-0.000950797,-0.010848999,-0.000850681,-0.004165649,-0.022827148,0.019348145,-0.012550354,-0.051177979,0.011566162,2.6986E-05,1.46423E-05,5.74775E-05,0.020080566,-0.003219604,-0.016479492
4.09,-0.011688232,-0.000473022,-0.013504028,-0.092178345,0.029441833,0.01373291,-0.048828125,0.026222229,-0.036346436,-0.017868042,0.022727966,0.008451462,-0.026153564,-0.015869141,-0.000732422,0.004974365,0.000130321,0.018737793,-0.009643555,-0.022094727,-0.000244141,-0.028076172,-0.07447052,-0.035858154,-0.001353988,-0.000958307,-0.00831604,-0.000861192,-0.028869629,-0.028823853,-0.016967773,-0.033294678,0.013977051,0.019256592,-3.9354E-05,3.74094E-05,-4.07733E-05,0.048915863,-0.038299561,-0.069000244
4.1,-0.023071289,-0.0102005,0.050537109,-0.070022583,0.011472702,-0.003326416,0.033752441,0.007995605,-0.057983398,0.043787003,0.025192261,0.003541946,-0.012664795,-0.036254883,-0.000732422,0.018157959,6.98287E-05,-0.010650635,-0.008422852,-0.056175232,-0.042419434,-0.016845703,-0.079360962,-0.018661499,-0.00136374,-0.000964315,0.000549316,-0.000861192,0.006958008,-0.044433594,0.023010254,0.022834778,0.051574707,-0.008911133,-0.000100004,6.7763E-05,-0.000146583,1.90735E-05,-0.051589966,-0.033996582
4.11,-0.033172607,0.027511597,0.043869019,-0.052825928,0.017459869,-0.002105713,0.032470703,0.010421753,0.006942749,0.071590424,-0.015434265,-0.005049706,-0.036010742,-0.021850586,-0.042907715,0.022918701,0.000101965,-0.051025391,0.007385254,0.02293396,-0.083251953,-0.026855469,-0.043891907,-0.005172729,-0.001362239,-0.000948544,0.000549316,-0.000861192,0.037872314,-0.043228149,0.049682617,0.033813477,0.029022217,-0.030670166,-2.79807E-05,3.36152E-05,-6.34454E-05,0.00377655,-0.027404785,-0.008392334
4.12,-0.026855469,-0.039405823,0.007843018,-0.035583496,-0.008893967,0.012542725,-0.015075684,-0.011436462,-0.003883362,0.055875778,-0.022819519,-0.016095161,-0.047058105,-0.000305176,-0.009170532,-0.003356934,7.54995E-05,-0.041229248,0.009857178,0.03024292,-0.009216309,-0.029296875,-0.019424438,-0.014984131,-0.001349487,-0.000927515,-0.005783081,-0.000843923,0.00201416,-0.006011963,-0.004821777,-0.000350952,0.002716064,0.010284424,3.83556E-05,5.25862E-05,1.40183E-05,0.02885437,-0.017730713,-0.051513672
4.13,0.013549805,-0.034538269,0.025192261,-0.023284912,-0.016082764,0.003997803,0.049987793,-0.024803162,-0.042350769,0.051040649,0.012870789,-0.019777298,-0.032318115,-0.039855957,0.008911133,0.006225586,6.98287E-05,-0.048583984,0.014709473,-0.014793396,0.030395508,-0.041748047,0.009941101,-0.053039551,-0.001352488,-0.00093127,-0.020980835,-0.000840169,0.00201416,0.021591187,-0.00970459,-0.012550354,-0.012329102,0.038452148,2.12993E-05,0.000113297,-2.98396E-06,-0.00750351,-0.035873413,-0.078430176
4.14,0.013549805,0.029945374,0.029190063,-0.019592285,-0.011289597,-0.024047852,0.086242676,-0.016296387,-0.006286621,0.047412872,0.005485535,-0.033278465,-0.029846191,-0.054199219,-0.032058716,0.026519775,5.65955E-05,-0.037567139,9.15527E-05,-0.003837585,-0.004089355,-0.030517578,-0.002296448,-0.029724121,-0.001359989,-0.00095305,-0.00958252,-0.000862694,0.016860962,0.003585815,0.030273438,0.00453186,-0.002288818,0.010284424,4.78327E-05,9.43244E-05,1.77994E-05,0.006286621,-0.051589966,-0.070343018
4.15,-0.023071289,-0.016288757,0.010513306,-0.018356323,-0.041238785,-0.014282227,0.046203613,-0.03087616,0.008148193,0.03169632,-0.022819519,-0.039414406,-0.042144775,-0.050598145,-0.056152344,-0.01171875,-7.57305E-05,-0.006958008,-0.024261475,-0.03061676,-0.029663086,0.005371094,-0.016975403,0.02796936,-0.001355488,-0.000967319,0.008163452,-0.000861943,-0.011581421,-0.028823853,-0.001220703,0.00819397,0.025268555,-0.011474609,5.54137E-05,8.95187E-06,-8.65385E-06,0.012554169,-0.041915894,-0.058227539
4.16,-0.01675415,-0.039405823,0.031860352,-0.057739258,-0.014884949,0.005187988,0.046203613,-0.015083313,-0.017105103,0.026861191,-0.001899719,-0.036960602,-0.053222656,-0.019470215,-0.064590454,-0.004547119,-0.000121099,-0.037567139,-0.004760742,-0.059822083,-0.004089355,-0.037963867,0.034408569,-0.001480103,-0.001356238,-0.000962062,-0.018463135,-0.000846927,-0.002914429,-0.016830444,-0.012145996,0.003311157,0.015258789,-0.026824951,-8.29455E-05,-5.36572E-05,2.53581E-05,-0.026313782,-0.004425049,-0.019195557
4.17,-0.012969971,0.02872467,0.035858154,-0.08354187,0.021055222,-0.014282227,0.015014648,0.009208679,-0.031532288,0.032905579,0.004257202,-0.054141998,-0.048309326,0.011657715,-0.079040527,0.024108887,-2.65809E-05,-0.106079102,0.019592285,-0.026954651,-0.004089355,-0.056518555,0.017280579,-0.023590088,-0.001355488,-0.000942535,-0.001983643,-0.000849179,0.023025513,0.021591187,0.038757324,0.013069153,-0.011047363,-0.031951904,-0.000109481,-1.57133E-05,6.88173E-05,-0.013774872,-0.012893677,-0.007049561
4.18,-0.023071289,0.004394531,0.011856079,-0.067581177,0.022253036,-0.038696289,-0.013793945,-0.013870239,-0.032737732,0.044994354,-0.033905029,-0.044323921,-0.049499512,-0.019470215,-0.054946899,-0.02130127,3.58019E-05,-0.109741211,0.004974365,-0.007484436,-0.078186035,-0.009521484,-0.026763916,0.012023926,-0.001353238,-0.000943286,0.033493042,-0.000852933,-0.004165649,0.022796631,0.020629883,0.014289856,0.003967285,0.010284424,5.35175E-05,5.44824E-05,-8.23438E-05,-0.028820038,-0.07093811,-0.064971924
4.19,-0.010437012,-0.051567078,0.014511108,-0.050354004,0.04740715,-0.010620117,0.008728027,-0.022369385,-0.014701843,0.058292389,-0.019126892,-0.003822327,-0.06427002,-0.020690918,-0.020004272,-0.039215088,4.14727E-05,-0.082824707,-0.010864258,-0.006271362,-0.073059082,-0.034301758,0.039306641,-0.012542725,-0.001361489,-0.000953801,-0.019729614,-0.000857438,-0.026397705,0.00239563,-0.037536621,0.020393372,0.015258789,0.001342773,8.38432E-05,1.84365E-05,-9.36761E-05,-0.075214386,-0.045547485,-0.074401855
4.2,-0.018005371,0.003181458,0.035858154,-0.031906128,0.04621315,0.043029785,0.019958496,-0.01750946,-0.020713806,0.037740707,0.028884888,-0.001367569,-0.037231445,-0.021850586,-0.045303345,0.001403809,-9.56748E-06,-0.064483643,-0.046142578,0.025375366,0.002258301,-0.050292969,0.049095154,-0.069015503,-0.00136374,-0.000947793,-0.046325684,-0.0008687,0.006958008,-0.026428223,-0.027832031,0.03137207,0.000213623,-0.040924072,1.18203E-05,-3.08901E-05,5.55888E-05,-0.036342621,0.002822876,-0.047454834
4.21,-0.034423828,0.021430969,0.047866821,-0.046661377,0.006679535,0.016204834,-0.006286621,-0.011436462,-0.029129028,0.022026062,0.000564575,-0.019777298,-0.010192871,-0.049438477,-0.052536011,0.020507813,-6.06077E-05,-0.01675415,-0.0546875,0.024162292,-0.034790039,-0.024291992,-0.012077332,-0.069015503,-0.001353988,-0.000947793,0.000549316,-0.000860441,0.023025513,-0.04083252,0.027832031,0.00453186,-0.011047363,-0.039642334,8.02986E-06,2.79229E-05,1.77994E-05,0.0050354,-0.037094116,-0.066314697
4.22,-0.000335693,-0.018722534,0.03453064,-0.060180664,-0.008893967,-0.024047852,-0.03503418,-0.005363464,-0.007484436,0.035324097,-0.065917969,-0.019777298,-0.043365479,-0.02545166,-0.018798828,0.02532959,2.06791E-05,-0.000854492,-0.012084961,-0.01600647,-0.069213867,-0.058959961,-0.008415222,-0.056716919,-0.001358489,-0.000948544,-0.000717163,-0.000841671,0.009429932,-0.009613037,0.056945801,-0.002792358,-0.013580322,-0.046051025,5.35175E-05,3.17171E-05,-3.51034E-05,-0.021297455,-0.028610229,-0.073059082
4.23,0.035003662,-0.005340576,0.043869019,-0.045425415,-0.000509262,0.005187988,-0.016296387,-0.040596008,-0.014701843,0.041368484,-0.036369324,-0.013640404,-0.058105469,-0.021850586,-0.023620605,0.045623779,0.000107636,-0.017974854,-0.030334473,-0.012359619,-0.006652832,-0.086181641,0.008712769,-0.053039551,-0.00136449,-0.000941784,-0.038726807,-0.000852182,0.042816162,-0.006011963,0.013305664,0.028938293,-0.002288818,-0.035797119,8.38432E-05,-5.93476E-05,6.46338E-06,-0.026313782,0.018539429,-0.035339355
4.24,0.014801025,0.008041382,0.071884155,-0.072494507,0.01506424,0.012542725,-0.001281738,-0.050315857,-0.017105103,0.013565063,-0.003128052,-0.001367569,-0.023712158,-0.057800293,-0.021224976,0.042053223,4.33633E-05,-0.017974854,-0.068084717,-0.011131287,-0.001586914,-0.068969727,0.012390137,-0.056716919,-0.001353988,-0.000950797,-0.032394409,-0.000846176,0.037872314,-0.030029297,-0.02545166,0.020393372,0.024017334,3.05176E-05,6.11003E-05,-2.89921E-05,-4.64432E-05,-0.005001068,-0.016525269,-0.016479492
4.25,-0.009185791,0.000747681,0.046524048,-0.079864502,0.029441833,0.0027771,0.004943848,-0.009010315,-0.001472473,-0.010614395,-0.048675537,0.003541946,-0.036010742,-0.032653809,0.028182983,0.01574707,-1.71289E-05,-0.055908203,-0.044952393,-0.031829834,-0.005371094,-0.044189453,0.001373291,-0.081268311,-0.001351738,-0.000965066,-0.015930176,-0.000828156,-0.017745972,-0.015625,0.013305664,-0.005233765,0.01776123,-0.003814697,3.26689E-05,6.7763E-05,-8.42325E-05,0.012554169,-0.061279297,-0.028625488
4.26,-0.023071289,0.005615234,0.030517578,-0.049118042,0.018657684,0.014953613,0.034973145,-0.000511169,-0.003883362,0.030488968,-0.015434265,-0.012413025,-0.067962646,-0.003845215,0.052276611,-0.005737305,5.55534E-06,-0.055908203,-0.024261475,-0.018447876,0.020141602,-0.041748047,-0.034103394,-0.072692871,-0.001359989,-0.000959809,-0.045059204,-0.000855936,0.00201416,-0.001220703,0.061767578,-0.006454468,-0.00982666,-0.016571045,3.83556E-05,3.17171E-05,8.3521E-06,0.04139328,-0.051589966,-0.032653809
4.27,-0.058410645,0.003181458,0.043869019,-0.061416626,-0.014884949,0.01739502,0.024963379,-0.018730164,0.008148193,0.044994354,0.026420593,-0.001367569,-0.031097412,-0.030212402,0.017333984,-0.030853271,4.71435E-05,0.002807617,-0.007202148,-0.014793396,-0.03729248,-0.077514648,-0.032875061,-0.030960083,-0.001356238,-0.00095305,-0.069137573,-0.000869451,0.036636353,-0.004806519,0.047241211,-0.011329651,0.001464844,-0.008911133,6.6787E-05,-5.17592E-05,1.59107E-05,0.031360626,-0.026199341,-0.04208374
4.28,-0.044525146,-0.012634277,0.027862549,-0.077423096,-0.018476486,0.003997803,-0.028808594,-0.039382935,0.01776123,0.00268364,-0.04498291,0.014588356,0.00579834,-0.036254883,-0.03326416,-0.027252197,4.33633E-05,-0.008178711,-0.004760742,-0.011131287,-0.080688477,-0.041748047,-0.016975403,-0.028503418,-0.001353238,-0.000957556,-0.027313232,-0.000847677,0.014389038,-0.015625,-0.010925293,-0.011329651,0.01651001,0.006469727,6.6787E-05,2.22307E-05,-7.1004E-05,-0.015029907,-0.018951416,-0.043426514
4.29,0.016052246,-0.021156311,0.013183594,-0.074951172,0.011472702,-0.004516602,-0.055114746,-0.051528931,0.011749268,0.022026062,-0.062225342,-0.00750351,-0.008972168,-0.023010254,-0.057357788,0.022918701,-3.98131E-05,-0.041229248,-0.027923584,0.019287109,-0.064086914,0.004150391,-0.019424438,-0.051818848,-0.001357739,-0.000956054,0.029693604,-0.000849179,0.020553589,0.00239563,-0.006103516,-0.001564026,-0.002288818,0.006469727,7.05775E-05,0.000107605,-7.1004E-05,-0.015029907,-0.012893677,-0.019195557
4.3,0.041320801,-0.023590088,-0.000167847,-0.076187134,0.013868332,0.000335693,0.001220703,-0.015083313,0.01776123,0.047412872,-0.008049011,-0.01732254,-0.015106201,-0.01348877,-0.050125122,0.024108887,-7.67689E-06,-0.055908203,-0.043731689,0.001029968,-0.059020996,-0.025634766,-0.02797699,-0.034637451,-0.001359239,-0.00096056,0.01449585,-0.00085894,0.046524048,0.031204224,0.059387207,-0.004013062,-0.012329102,-0.029388428,0.000104692,5.44824E-05,-2.56598E-05,0.030109406,-0.016525269,-0.023223877
4.31,0.037536621,-0.001686096,0.010513306,-0.052825928,0.01506424,-0.006988525,0.047485352,0.004348755,0.029785156,0.02807045,-0.001899719,-0.014867783,-0.029846191,-0.031433105,-0.011581421,-0.029663086,0.000137881,-0.062042236,-0.037658691,-0.058609009,-0.033447266,-0.023193359,-0.034103394,-0.001480103,-0.001357739,-0.000971074,-0.00958252,-0.000859691,-0.006637573,-0.006011963,0.059387207,0.005752563,0.006469727,-0.029388428,4.59384E-05,6.96611E-05,-1.09524E-06,0.040138245,-0.035873413,-0.019195557
4.32,-0.002868652,0.033592224,0.046524048,-0.060180664,0.01506424,-0.008239746,0.016235352,-0.029663086,0.003334045,0.024442673,-0.003128052,-0.013640404,-0.061798096,-0.052978516,0.017333984,-0.020080566,0.000103855,-0.038787842,-0.010864258,-0.063476563,-0.01940918,-0.030517578,-0.02797699,-0.012542725,-0.001351738,-0.00096056,-0.003250122,-0.00085894,-0.039993286,-0.043228149,0.023010254,0.021614075,0.024017334,0.016693115,-7.72588E-05,0.000126576,3.85828E-05,-0.003742218,-0.022567749,0.015838623
4.33,-0.035705566,0.023857117,0.015853882,-0.071258545,-0.036445618,-0.00088501,-0.001281738,-0.001724243,-0.035140991,0.026861191,0.004257202,-0.006277084,-0.033538818,-0.03503418,-0.017608643,0.01574707,5.47059E-05,-0.044891357,0.007385254,-0.0233078,-0.053894043,-0.062744141,-0.0157547,-0.032165527,-0.001347987,-0.000950797,-0.042526245,-0.000846927,0.000793457,-0.014419556,0.021789551,0.01184845,0.026519775,0.0128479,-1.47149E-05,7.53514E-05,5.74775E-05,-0.018791199,-0.010482788,0.001037598
4.34,-0.018005371,0.017776489,-0.001495361,-0.026992798,-0.046030045,0.018585205,-0.012573242,0.04322052,-0.02431488,0.02807045,-0.041290283,0.008451462,-0.013885498,-0.041015625,-0.065795898,-0.010559082,8.68421E-05,-0.055908203,0.011047363,-0.01966095,-0.067993164,-0.044189453,-0.008415222,-0.054275513,-0.001353238,-0.00095305,-0.048858643,-0.000838668,-0.0103302,0.00718689,0.020629883,0.014289856,0.025268555,0.014129639,0.000108484,4.12036E-05,-1.62125E-05,0.02885437,-0.026199341,-0.038024902
4.35,-0.023071289,0.018997192,0.038528442,-0.026992798,-0.017280579,0.02835083,-0.028808594,-0.004150391,-0.023117065,0.030488968,-0.090530396,0.013360977,-0.071655273,-0.032653809,-0.058563232,-0.018890381,1.68979E-05,-0.013092041,-0.004760742,-0.014793396,-0.046264648,-0.047851563,0.000152588,-0.077590942,-0.001356989,-0.000958307,-0.010848999,-0.000856687,-0.007858276,-0.002410889,0.014526367,0.021614075,0.029022217,0.019256592,6.13369E-06,3.74094E-05,-6.53379E-05,0.057693481,-0.016525269,-0.009765625
4.36,-0.033172607,-0.001686096,0.026519775,-0.062652588,-0.014884949,0.000335693,-6.10352E-05,-0.036949158,-0.035140991,0.035324097,-0.033905029,-0.01732254,-0.066711426,-0.002685547,-0.051330566,0.012176514,2.44593E-05,0.006469727,-0.004760742,0.025375366,-0.041137695,-0.071411133,0.003814697,-0.022354126,-0.001346487,-0.00096807,-0.018463135,-0.000870202,0.031692505,-0.013214111,0.018188477,0.006965637,0.020263672,-0.006347656,-9.62131E-05,-3.08901E-05,-6.34454E-05,0.045154572,-0.005645752,0.025238037
4.37,0.005981445,0.02872467,0.010513306,-0.049118042,0.003084183,0.024719238,0.023742676,0.003135681,-0.01109314,0.042577744,0.039962769,-0.044323921,-0.008972168,-0.008666992,-0.046524048,0.016937256,5.09247E-05,-0.031463623,0.014709473,0.02293396,-0.060302734,-0.047851563,-0.009635925,0.019378662,-0.001338985,-0.000965066,0.005615234,-0.000856687,0.019332886,-0.031234741,0.010925293,-0.005233765,-0.006072998,0.025665283,-1.85054E-05,-7.26283E-05,-4.07733E-05,0.045154572,-0.012893677,0.010437012
4.38,0.016052246,0.045761108,0.027862549,-0.045425415,-0.006498337,0.035675049,0.042480469,-0.001724243,0.00453949,0.041368484,0.020256042,-0.035733223,-0.015106201,-0.031433105,-0.027236938,0.004974365,-9.56748E-06,-0.033905029,-0.004760742,-0.007484436,-0.064086914,-0.023193359,-0.026763916,-0.034637451,-0.001351738,-0.000950797,0.024627686,-0.000847677,0.030456543,-0.043228149,-0.006103516,-0.03817749,0.003967285,0.041015625,2.12993E-05,-1.19172E-05,3.66941E-05,0.026348114,0.007659912,0.001037598
4.39,-0.026855469,-0.023590088,0.003845215,-0.058944702,-0.03285408,-0.013092041,0.04498291,-0.050315857,0.012954712,0.036533356,0.004257202,-0.02836895,-0.017547607,-0.061401367,-0.045303345,-0.005737305,2.06791E-05,-0.017974854,0.009857178,0.002250671,-0.052612305,-0.018188477,-0.041442871,-0.048141479,-0.001357739,-0.000953801,-0.034927368,-0.000852933,0.036636353,-0.002410889,0.008483887,-0.057701111,0.030273438,0.023101807,-2.79807E-05,3.74094E-05,4.42527E-05,0.021331787,0.000396729,0.001037598
4.4,-0.02557373,-0.035751343,-0.006835938,-0.040512085,-0.016082764,-0.005767822,0.002441406,-0.03452301,0.011749268,0.019607544,0.01410675,-0.025914192,-0.020019531,-0.033813477,-0.039291382,-0.010559082,3.58019E-05,-0.052246094,0.035400391,0.0338974,-0.048828125,-0.016845703,-0.051231384,-0.013778687,-0.001350987,-0.000956805,-0.039993286,-0.000856687,0.011901855,0.032409668,0.021789551,-0.010108948,0.008972168,0.035888672,-9.05283E-05,-1.95075E-05,2.34693E-05,0.046409607,-0.044326782,-0.015136719
4.41,-0.004119873,0.031158447,0.011856079,-0.042953491,0.00548172,0.001525879,-0.023803711,0.005561829,-0.015899658,-0.011823654,-0.005592346,-0.005049706,-0.056915283,-0.011047363,-0.006744385,0.000213623,-1.52383E-05,-0.05960083,-0.021820068,0.024162292,-0.025817871,-0.044189453,-0.029205322,-0.027267456,-0.001343486,-0.000953801,-0.00958252,-0.000852933,0.018096924,-0.025222778,-0.013305664,0.005752563,-0.013580322,-0.003814697,-7.72588E-05,-8.123E-06,5.55888E-05,0.01631546,-0.01411438,-0.029937744
4.42,-0.019287109,0.033592224,-0.000167847,-0.066345215,-0.000509262,-0.016723633,-0.028808594,-0.019943237,-0.020713806,-0.040836334,-0.004356384,-0.027141571,-0.049499512,-0.080566406,-0.005554199,0.004974365,1.68979E-05,-0.036315918,-0.019378662,-0.025741577,-0.014343262,-0.080078125,-0.005966187,-0.046905518,-0.001341986,-0.000953801,-0.014648438,-0.000849179,-0.002914429,-0.062438965,-0.01940918,-0.013771057,0.022766113,-0.017852783,5.7308E-05,6.01746E-05,8.3521E-06,-0.021297455,-0.011688232,-0.064971924
4.43,0.005981445,0.005615234,0.003845215,-0.056503296,-0.037643433,-0.011871338,-0.02130127,-0.06124115,0.003334045,-0.042045593,-0.020355225,-0.076234818,-0.021270752,-0.07220459,-0.012771606,-0.009307861,7.44592E-06,-0.041229248,0.018371582,-0.026954651,-0.051391602,-0.070068359,-0.020637512,-0.053039551,-0.001356989,-0.000951548,0.01449585,-0.00084993,0.004486084,0.00718689,0.014526367,0.003311157,0.052825928,0.010284424,0.000133123,-6.22682E-06,-2.18786E-05,-0.043865204,-0.062469482,-0.046112061
4.44,0.018585205,0.023857117,0.019851685,-0.055267334,-0.029258728,-0.031341553,0.018737793,-0.058815002,0.00453949,-0.034791946,-0.051139832,-0.039414406,-0.013885498,0.020080566,-0.022415161,-0.012908936,-9.46345E-05,-0.014312744,-0.052276611,-0.018447876,-0.07434082,-0.050292969,-0.037765503,-0.060409546,-0.001368991,-0.000953801,0.033493042,-0.000851432,0.077423096,0.05039978,0.020629883,0.005752563,0.030273438,-0.030670166,4.97289E-05,-2.51997E-05,4.57093E-06,-0.053897858,-0.016525269,0.034667969
4.45,-0.028106689,0.003181458,0.010513306,-0.058944702,0.034231186,-0.032592773,0.046203613,-0.03087616,-0.01109314,-0.020284653,-0.016662598,0.013360977,-0.005279541,0.02722168,-0.018798828,0.000213623,-3.79235E-05,0.017486572,-0.088775635,-0.050086975,-0.071777344,-0.063964844,-0.025535583,-0.040771484,-0.001358489,-0.000962062,0.003082275,-0.000853684,0.065063477,0.034805298,-0.007263184,-0.039390564,0.019012451,-0.012756348,-3.36673E-05,7.15572E-05,-2.94372E-05,-0.018791199,0.014907837,0.005065918
4.46,-0.012969971,-0.021156311,0.011856079,-0.049118042,0.027044296,0.007629395,0.038696289,0.009208679,0.009346008,0.018400192,0.01902771,-0.00750351,-0.027404785,0.010498047,-0.023620605,-0.010559082,8.30609E-05,-0.013092041,-0.042541504,-0.03061676,-0.046264648,-0.046630859,-0.008415222,-0.038330078,-0.001355488,-0.000963564,-0.018463135,-0.000853684,0.000793457,0.022796631,-0.043579102,-0.056480408,0.005218506,0.043579102,-1.28187E-05,2.41287E-05,-2.75485E-05,-0.011268616,-0.02015686,-0.060913086
4.47,0.0362854,0.004394531,0.003845215,-0.060180664,-0.014884949,0.032012939,0.023742676,0.035942078,0.012954712,0.055875778,0.004257202,-0.041869164,-0.075317383,0.020080566,-0.034469604,0.006225586,4.52539E-05,-0.019226074,-0.031555176,0.016860962,-0.021972656,-0.008300781,0.003814697,-0.071456909,-0.00136749,-0.000958307,-0.018463135,-0.000861192,-0.001678467,-0.019226074,-0.033874512,-0.030853271,-0.017333984,0.021820068,-5.45159E-05,-6.69379E-05,5.74775E-05,-0.002490997,-0.011688232,-0.000305176
4.48,0.007232666,0.015342712,-0.034851074,-0.074951172,0.017459869,0.03326416,0.036193848,0.010421753,-0.023117065,0.05708313,-0.004356384,-0.01732254,-0.065490723,-0.018249512,-0.026031494,0.012176514,4.52539E-05,0.006469727,-0.044952393,0.025375366,-0.065429688,-0.028076172,-0.004737854,-0.087402344,-0.001368991,-0.000948544,-0.004516602,-0.000861943,-0.009109497,-0.055236816,0.001220703,-0.024757385,-0.018585205,0.011566162,-0.000111377,7.05384E-06,5.74775E-05,0.030109406,0.017333984,0.025238037
4.49,-0.02432251,0.011695862,-0.042861938,-0.076187134,0.042617798,0.018585205,0.02746582,-0.032089233,-0.059188843,0.036533356,0.007949829,-0.002594948,-0.039703369,-0.037414551,-0.040496826,-0.041595459,8.49515E-05,0.000366211,-0.044952393,0.009552002,-0.069213867,-0.037963867,-0.042663574,-0.071456909,-0.001355488,-0.000946291,-0.010848999,-0.000845425,-0.015274048,-0.039627075,-0.002441406,-0.01499176,-0.02734375,0.019256592,-2.41902E-05,4.49978E-05,-3.32147E-05,0.047664642,0.018539429,-0.04208374
4.5,-0.001586914,-0.004119873,-0.006835938,-0.062652588,0.001886368,-0.004516602,-0.008789063,-0.01750946,-0.05317688,0.03169632,-0.003128052,-0.024686813,-0.048309326,-0.012268066,-0.047714233,-0.012908936,5.55534E-06,-0.013092041,-0.018157959,-0.0233078,-0.013061523,-0.000854492,-0.046333313,-0.033401489,-0.001345737,-0.000953801,-0.028594971,-0.000846176,0.010681152,-0.024032593,-0.012145996,-0.004013062,-0.033599854,0.009002686,-9.02824E-06,2.22307E-05,-1.62125E-05,0.051425934,-0.024993896,-0.036682129
4.51,-0.00793457,-0.012634277,0.037200928,-0.055267334,-0.006498337,-0.013092041,0.003723145,0.01285553,-0.01109314,0.036533356,-0.017906189,-0.003822327,-0.033538818,-0.011047363,-0.034469604,0.046813965,-1.52383E-05,-0.019226074,0.018371582,-0.012359619,-0.033447266,-0.005737305,-0.004737854,-0.023590088,-0.001350237,-0.000954552,-0.018463135,-0.000858189,0.006958008,-0.031234741,-0.007263184,-0.012550354,-0.03237915,-0.015289307,-6.3993E-05,9.24282E-05,2.15769E-05,0.027603149,-0.054016113,0.026611328
4.52,-0.03692627,-0.005340576,0.047866821,-0.077423096,-0.012487411,0.000335693,0.018737793,-0.032089233,-0.018310547,0.040159225,-0.004356384,0.001087189,-0.016357422,-0.015869141,-0.021224976,0.019348145,6.79381E-05,-0.024108887,-0.004760742,0.018074036,-0.057739258,-0.025634766,0.020942688,-0.023590088,-0.001359239,-0.000948544,-0.003250122,-0.000854435,-0.0103302,-0.025222778,-0.010925293,0.005752563,-0.019836426,-0.014038086,-1.09226E-05,8.67359E-05,-1.24313E-05,0.025093079,-0.010482788,0.023925781
4.53,-0.02053833,-0.007774353,0.009185791,-0.066345215,-0.066392899,-0.002105713,0.008728027,-0.06124115,-0.020713806,0.022026062,-0.001899719,-0.018549919,-0.028625488,-0.03503418,-0.017608643,0.000213623,7.17184E-05,-0.008178711,-0.053466797,-0.018447876,-0.020690918,-0.014404297,-0.010864258,-0.011322021,-0.001360739,-0.000947793,-0.022262573,-0.000852182,-0.006637573,-0.014419556,-0.016967773,0.030158997,0.01272583,0.00390625,8.02986E-06,-1.76094E-05,2.34693E-05,0.01631546,0.014907837,-0.004364014
4.54,0.004699707,-0.004119873,-0.013504028,-0.038040161,-0.058010101,-0.019195557,0.01373291,-0.011436462,-0.017105103,0.006311417,-0.004356384,-0.013640404,-0.050750732,-0.048217773,-0.058563232,0.007385254,5.28144E-05,0.015045166,-0.051025391,-0.045211792,-0.006652832,-0.062744141,-0.05368042,-0.022354126,-0.001351738,-0.000953801,-0.039993286,-0.000859691,0.008209229,-0.022827148,-0.024230957,0.015510559,0.006469727,-0.020446777,-3.36673E-05,1.0848E-05,7.25947E-05,-0.026313782,-0.011688232,-0.013793945
4.55,-0.02053833,0.010475159,-0.016174316,-0.039276123,-0.008893967,-0.021636963,-0.006286621,-0.002937317,-0.045959473,0.019607544,0.00302887,-0.019777298,-0.056915283,-0.032653809,-0.085067749,-0.002197266,4.90341E-05,-0.02532959,-0.044952393,-0.012359619,-0.032226563,-0.104736328,-0.036552429,-0.013778687,-0.001338985,-0.000958307,-0.020980835,-0.000855186,0.013153076,-0.039627075,-0.031494141,-0.005233765,-0.017333984,-0.052429199,-4.12501E-05,4.8792E-05,5.93662E-05,-0.015029907,-0.04675293,-0.047454834
4.56,-0.041992188,0.004394531,-0.01083374,-0.04788208,-0.00170517,-0.015533447,-0.010070801,-0.027229309,-0.009887695,-0.002151489,-0.031433105,-0.002594948,-0.038452148,-0.023010254,-0.056152344,-0.000976563,-5.49359E-05,-0.080383301,-0.064422607,-0.014793396,-0.028381348,-0.068969727,-0.018203735,-0.008850098,-0.001342736,-0.000957556,0.003082275,-0.000846927,-0.009109497,-0.04083252,-0.01574707,0.00453186,0.005218506,-0.053710938,2.50898E-05,-3.46843E-05,2.91355E-05,0.017570496,-0.041915894,-0.023223877
4.57,-0.004119873,0.005615234,0.017181396,-0.068786621,0.000688553,-0.019195557,0.003723145,-0.027229309,0.00213623,-0.006986618,-0.073303223,-0.008730888,-0.051971436,0.026062012,-0.012771606,0.008575439,-8.70731E-05,-0.044891357,-0.041290283,-0.051300049,-0.009216309,-0.056518555,-0.032875061,-0.078826904,-0.001359239,-0.000952299,0.000549316,-0.000855936,-0.022705078,-0.026428223,0.026672363,-0.001564026,0.035308838,-0.019165039,7.4368E-05,-1.0021E-05,-2.94372E-05,0.021331787,-0.008071899,0.04006958
4.58,-0.005401611,0.031158447,-0.004150391,-0.060180664,0.003084183,0.0027771,-0.012573242,-0.007797241,-0.063995361,0.036533356,-0.057289124,-0.055369377,-0.067962646,0.063232422,0.023361206,0.004974365,-1.14581E-05,-0.015533447,0.001312256,-0.025741577,-0.053894043,-0.068969727,-0.026763916,-0.113189697,-0.001361489,-0.00095305,-0.019729614,-0.000864196,-0.032592773,-0.032424927,0.043640137,-0.01865387,0.019012451,0.001342773,-3.74578E-05,4.8792E-05,-2.18786E-05,0.012554169,0.00402832,-0.008392334
4.59,-0.035705566,0.022644043,-0.038848877,-0.055267334,-0.010091782,0.030822754,0.006225586,0.017715454,-0.059188843,0.008728027,-0.036369324,-0.030823708,-0.042144775,-0.001525879,0.012512207,0.001403809,-1.90195E-05,-0.05960083,-0.005981445,0.019287109,-0.08203125,-0.06640625,-0.02797699,-0.066543579,-0.001356989,-0.000959809,-0.032394409,-0.000855936,-0.033813477,-0.057632446,-0.002441406,0.00819397,-0.029846191,-0.011474609,-0.0001019,-1.76094E-05,5.74775E-05,0.001270294,-0.023788452,-0.035339355
4.6,-0.014221191,-0.011421204,-0.001495361,-0.07862854,0.012670517,0.01373291,0.016235352,-0.007797241,-0.003883362,-0.02391243,-0.011741638,-0.002594948,-0.044616699,-0.048217773,-0.0440979,0.02532959,-1.90195E-05,-0.051025391,-0.009643555,-0.012359619,-0.039855957,-0.051513672,-0.043891907,-0.072692871,-0.001354738,-0.000957556,-0.037460327,-0.000852933,0.008209229,-0.015625,-0.013305664,0.026489258,-0.03237915,-0.012756348,4.5076E-07,-3.08901E-05,-4.2662E-05,-0.001235962,-0.084243774,0.015838623
4.61,-0.00793457,-0.01385498,0.021179199,-0.049118042,0.023450851,0.032012939,-0.00378418,-0.03087616,0.012954712,0.026861191,0.011642456,-0.019777298,-0.047058105,-0.014648438,-0.059768677,0.042053223,2.63499E-05,-0.009429932,-0.001098633,-0.042793274,-0.024536133,-0.040405273,-0.041442871,-0.080062866,-0.001346487,-0.000944789,-0.026062012,-0.0008687,0.024276733,0.044403076,0.023010254,0.03137207,0.006469727,-0.002532959,0.000129333,2.60249E-05,-0.000144694,0.020080566,-0.072158813,-0.007049561
4.62,-0.011688232,-0.004119873,0.001174927,-0.044189453,-0.011289597,0.02835083,0.008728027,0.003135681,-0.009887695,0.043787003,-0.011741638,0.004769325,-0.015106201,0.002075195,-0.026031494,0.016937256,8.49515E-05,-0.027770996,-0.015716553,-0.034263611,-0.006652832,-0.055297852,-0.034103394,-0.028503418,-0.001341986,-0.000942535,-0.010848999,-0.000869451,-0.025177002,0.035995483,0.013305664,0.027709961,0.019012451,0.033325195,0.000106588,7.91475E-05,-1.09524E-06,0.048915863,-0.017730713,-0.027252197
4.63,-0.014221191,-0.016288757,-0.008163452,-0.119216919,-0.011289597,-0.016723633,0.019958496,-0.007797241,-0.035140991,0.020816803,-0.020355225,0.017043114,-0.040924072,-0.019470215,-0.015197754,0.026519775,0.000103855,-0.035125732,-0.013305664,-0.018447876,0.029052734,-0.047851563,-0.02797699,-0.033401489,-0.001351738,-0.000958307,-0.019729614,-0.000851432,-0.025177002,-0.010818481,0.008483887,-0.023536682,0.006469727,0.02947998,-0.000103794,9.62205E-05,2.34693E-05,0.02885437,-0.03225708,-0.00302124
4.64,-0.028106689,-0.017501831,-0.016174316,-0.147521973,0.006679535,0.01739502,0.021240234,-0.06124115,-0.033935547,0.023235321,-0.024047852,-0.00750351,-0.08026123,-0.012268066,-0.020004272,0.050415039,2.44593E-05,-0.029022217,-0.003570557,0.013198853,-0.036010742,-0.044189453,-0.023086548,-0.061645508,-0.001358489,-0.000959058,-0.034927368,-0.000856687,0.037872314,-0.045639038,0.026672363,-0.050376892,-0.024841309,-0.024291992,-6.96778E-05,6.20726E-05,-9.17912E-05,-0.01001358,-0.031036377,-0.039367676
4.65,0.004699707,-0.018722534,-0.022842407,-0.095855713,0.00787735,0.03692627,0.029968262,-0.045455933,-0.032737732,0.009937286,-0.042518616,-0.014867783,-0.056915283,0.024841309,-0.001937866,0.038452148,-3.41423E-05,-0.043670654,-0.018157959,0.015640259,-0.096069336,-0.063964844,-0.037765503,-0.067779541,-0.001353238,-0.000947793,-0.022262573,-0.000872455,0.050231934,-0.016830444,0.027832031,-0.028411865,-0.057403564,-0.005065918,0.000119857,5.06882E-05,-7.85626E-05,-0.018791199,-0.02015686,-0.070343018
4.66,0.000946045,-0.030883789,-0.005493164,-0.054031372,0.030639648,0.024719238,0.04498291,0.021362305,-0.020713806,0.02807045,-0.032676697,-0.016095161,-0.032318115,0.018859863,-0.007965088,0.038452148,-4.54839E-05,0.001586914,-0.038879395,-0.024528503,-0.043701172,-0.040405273,-0.054893494,-0.091094971,-0.001349487,-0.000954552,0.013214111,-0.000867199,0.027984619,0.013183594,0.031494141,-0.010108948,-0.058685303,0.034606934,3.07746E-05,1.84365E-05,-0.000108793,-0.005001068,-0.028610229,-0.04208374
4.67,-0.065979004,-0.0102005,0.007843018,-0.056503296,0.035429001,0.039367676,0.0625,0.017715454,0.015357971,0.048622131,-0.026519775,-0.018549919,-0.042144775,-0.029052734,-0.040496826,0.01574707,5.55534E-06,0.051757813,-0.070526123,-0.0233078,-0.033447266,-0.044189453,-0.031654358,-0.080062866,-0.001351738,-0.00096056,0.028427124,-0.000855186,0.008209229,-0.027618408,0.023010254,-0.021087646,-0.038635254,0.033325195,-5.64121E-05,-4.9863E-05,-9.55686E-05,0.018825531,-0.004425049,-0.005737305
4.68,-0.045806885,-0.028450012,-0.024169922,-0.061416626,-0.016082764,0.016204834,0.038696289,-0.036949158,0.020172119,-0.003360748,-0.026519775,-0.01732254,-0.07901001,-0.054199219,-0.046524048,-0.038024902,6.41569E-05,-0.02166748,-0.058349609,0.015640259,-0.048828125,-0.078857422,0.007492065,-0.029724121,-0.001352488,-0.000958307,0.010696411,-0.000849179,-0.020233154,-0.049224854,0.001220703,-0.049156189,-0.018585205,0.034606934,-3.34159E-06,-2.89921E-05,3.85828E-05,0.027603149,-0.01411438,0.009094238
4.69,-0.001586914,-0.07711792,-0.050857544,-0.050354004,-0.048427582,-0.035003662,-0.008789063,-0.032089233,-0.000274658,-0.013031006,-0.027740479,-0.024686813,-0.106048584,-0.062561035,-0.029647827,-0.061920166,-7.67689E-06,-0.087738037,-0.015716553,-0.006271362,-0.027099609,-0.057739258,-0.019424438,-0.029724121,-0.001352488,-0.000954552,0.009414673,-0.000849179,-0.006637573,-0.026428223,-0.020568848,-0.033294678,-0.019836426,0.024383545,-4.31444E-05,7.91475E-05,3.85828E-05,0.027603149,-0.022567749,-0.005737305
4.7,-0.040740967,-0.056434631,-0.028182983,-0.036819458,-0.03045845,-0.037445068,-0.007568359,-0.018730164,-0.007484436,0.003892899,-0.037597656,-0.021004677,-0.114654541,-0.049438477,-0.017608643,-0.026092529,-1.15484E-07,-0.042449951,-0.048614502,-0.050086975,-0.050048828,-0.052856445,-0.04510498,-0.076370239,-0.001359989,-0.000947793,0.027160645,-0.000854435,0.039093018,0.00239563,0.008483887,0.002090454,-0.024841309,0.00390625,-8.48416E-05,7.72495E-05,-2.75485E-05,0.01631546,0.000396729,-0.032653809
4.71,-0.058410645,-0.015068054,-0.008163452,-0.033126831,-0.011289597,-0.011871338,0.010009766,-0.036949158,-0.014701843,-0.004570007,-0.008049011,-0.029596329,-0.11340332,-0.009887695,-0.047714233,0.021759033,0.000166237,-0.0546875,-0.055908203,-0.048866272,-0.061584473,-0.094970703,0.024620056,-0.084960938,-0.001359239,-0.000956805,0.000549316,-0.000853684,0.018096924,0.003585815,0.056945801,-0.013771057,-0.019836426,-0.012756348,-8.48416E-05,-1.0021E-05,1.40183E-05,0.01506424,-0.011688232,-0.036682129
4.72,-0.028106689,-0.004119873,-0.020172119,-0.060180664,-0.008893967,-0.013092041,-0.016296387,-0.040596008,-0.038742065,0.020816803,0.00302887,-0.063961029,-0.08392334,-0.007446289,-0.062179565,0.003814697,0.000105746,-0.11831665,-0.007202148,-0.071998596,-0.027099609,-0.088623047,0.060096741,-0.069015503,-0.001348737,-0.000970323,-0.052658081,-0.000858189,-0.020233154,-0.014419556,0.026672363,-0.017433167,-0.013580322,-0.010192871,-0.000132225,9.05301E-05,6.88173E-05,0.023841858,-0.033447266,0.006408691
4.73,-0.018005371,-0.024803162,-0.018844604,-0.072494507,-0.017280579,0.008880615,-0.022521973,-0.043029785,-0.035140991,0.048622131,-0.038825989,-0.048006058,-0.081451416,-0.036254883,-0.045303345,-0.023681641,-7.95117E-05,-0.097503662,0.004974365,-0.079299927,-0.01940918,-0.034301758,0.000152588,-0.061645508,-0.001352488,-0.000959058,-0.041259766,-0.000876209,0.024276733,-0.019226074,0.023010254,-0.004013062,0.003967285,3.05176E-05,-5.45159E-05,0.000175903,3.48054E-05,-0.001235962,-0.060058594,0.009094238
4.74,-0.02557373,-0.060081482,0.025192261,-0.050354004,-0.006498337,0.055175781,0.01373291,-0.033309937,0.012954712,0.018400192,-0.011741638,-0.021004677,-0.102355957,-0.037414551,-0.069396973,0.007385254,-2.00607E-06,-0.064483643,0.009857178,-0.018447876,-0.048828125,-0.028076172,-0.048782349,-0.046905518,-0.001357739,-0.000949295,0.005615234,-0.000869451,0.040344238,-0.024032593,0.050842285,-0.027191162,0.002716064,0.016693115,3.83556E-05,6.58669E-05,-1.24313E-05,-0.01001358,-0.067321777,-0.036682129
4.75,-0.033172607,-0.050354004,0.051879883,-0.049118042,-0.000509262,0.011291504,0.032470703,0.003135681,0.00213623,-0.016658783,0.028884888,-0.036960602,-0.095001221,-0.012268066,-0.064590454,0.001403809,4.71435E-05,-0.019226074,-0.033996582,0.005897522,-0.03729248,-0.04284668,-0.020637512,-0.049346924,-0.001353988,-0.000956805,0.004348755,-0.000853684,-0.006637573,-0.003616333,0.010925293,-0.013771057,-0.002288818,0.03717041,-4.50406E-05,6.20726E-05,-2.18786E-05,1.90735E-05,-0.027404785,-0.027252197
4.76,-0.015472412,-0.007774353,0.005172729,-0.055267334,-0.014884949,-0.042358398,0.037475586,0.005561829,-0.048370361,-0.004570007,-0.021598816,-0.003822327,-0.088867188,-0.008666992,-0.023620605,-0.035614014,-3.98131E-05,0.049316406,-0.06930542,-0.007484436,-0.001586914,-0.030517578,0.006263733,-0.053039551,-0.001356238,-0.000959809,-0.014648438,-0.000858189,0.023025513,0.013183594,-0.021850586,0.005752563,0.021514893,3.05176E-05,-1.85054E-05,7.72495E-05,2.34693E-05,-0.016281128,0.010070801,-0.028625488
4.77,0.002166748,0.034812927,-0.016174316,-0.038040161,-0.007696152,-0.005767822,0.043701172,-0.007797241,-0.025520325,0.011146545,-0.035133362,0.036680222,-0.081451416,-0.045837402,-0.048919678,-0.017730713,2.25687E-05,0.039520264,-0.003570557,0.014427185,-0.03729248,-0.046630859,-0.034103394,-0.038330078,-0.001360739,-0.000957556,-0.018463135,-0.000861192,0.051467896,-1.52588E-05,-0.053283691,-0.012550354,0.008972168,-0.040924072,2.88785E-05,-3.46843E-05,6.12587E-05,-0.016281128,-0.003219604,-0.067657471
4.78,-0.00793457,0.03237915,0.015853882,-0.017150879,0.01027298,0.025970459,0.028747559,0.009208679,0.015357971,0.02807045,-0.003128052,-0.00014019,-0.06918335,-0.041015625,-0.056152344,-0.016479492,7.92798E-05,0.010162354,0.018371582,0.009552002,-0.060302734,-0.051513672,-0.037765503,-0.038330078,-0.001352488,-0.000952299,-0.041259766,-0.000863445,0.003265381,-0.019226074,-0.062988281,0.016731262,-0.022338867,-0.039642334,-7.1574E-05,-4.7965E-05,3.29167E-05,-0.021297455,-0.041915894,-0.060913086
4.79,0.000946045,-0.011421204,-0.016174316,-0.018356323,0.006679535,0.02835083,0.018737793,0.005561829,0.00213623,0.047412872,-0.040061951,-0.013640404,-0.050750732,-0.018249512,-0.024841309,-0.038024902,5.28144E-05,-0.005767822,-0.018157959,-0.012359619,-0.029663086,-0.035400391,0.001373291,-0.060409546,-0.001341986,-0.000942535,-0.02986145,-0.000860441,-0.011581421,-0.024032593,0.007263184,0.017951965,-0.016082764,-0.044769287,-5.83064E-05,5.44824E-05,4.61414E-05,-0.040103912,-0.023788452,-0.039367676
4.8,0.004699707,-0.027236938,-0.044189453,-0.046661377,0.00548172,0.03692627,0.024963379,-0.027229309,-0.015899658,0.048622131,-0.059753418,0.008451462,-0.038452148,-0.042236328,-0.046524048,-0.02130127,4.52539E-05,-0.035125732,0.017120361,0.005897522,-0.032226563,-0.046630859,0.024620056,-0.060409546,-0.001346487,-0.000947793,0.034759521,-0.000854435,0.013153076,-0.02041626,0.035095215,-0.027191162,-0.007293701,-0.056274414,-1.66092E-05,0.000137961,7.44835E-05,1.90735E-05,0.002822876,-0.015136719
4.81,-0.028106689,-0.024803162,-0.002838135,-0.060180664,0.019855499,0.000335693,0.006225586,-0.038169861,-0.009887695,0.061918259,-0.010513306,-0.018549919,-0.055664063,-0.048217773,-0.051330566,-0.01171875,2.06791E-05,-0.052246094,0.032989502,-0.020881653,-0.024536133,-0.051513672,0.014831543,-0.02482605,-0.001359989,-0.000959809,0.032226563,-0.000865697,0.016860962,-0.056442261,0.008483887,-0.01499176,-0.021087646,-0.040924072,-6.3993E-05,6.96611E-05,1.21295E-05,0.010047913,-0.022567749,0.01852417
4.82,-0.009185791,0.004394531,0.010513306,-0.029434204,0.01506424,-0.048431396,-0.02130127,-0.015083313,-0.009887695,0.064336777,0.000564575,-0.025914192,-0.047058105,-0.036254883,-0.028442383,-0.014129639,4.71435E-05,-0.052246094,-0.023040771,-0.044006348,-0.014343262,-0.058959961,-0.042663574,-0.038330078,-0.001358489,-0.00096056,-0.026062012,-0.000863445,-0.011581421,-0.052841187,0.004882813,-0.01499176,-0.019836426,0.03717041,-0.000118956,-2.89921E-05,-5.40018E-05,-0.033836365,-0.027404785,-0.001678467
4.83,0.003448486,0.022644043,-0.004150391,-0.034347534,0.024648666,-0.048431396,-0.032531738,-0.019943237,-0.029129028,0.034114838,-0.024047852,0.013360977,-0.055664063,-0.048217773,-0.053741455,0.007385254,4.33633E-05,-0.008178711,-0.033996582,0.027809143,-0.059020996,-0.052856445,-0.040214539,-0.091094971,-0.001348737,-0.000951548,-0.012130737,-0.000846927,0.013153076,0.024002075,0.001220703,-0.036956787,0.007720947,0.051239014,-0.000100004,3.93074E-05,4.42527E-05,-0.00750351,-0.004425049,-0.036682129
4.84,-0.038208008,-0.017501831,-0.005493164,-0.066345215,0.041419983,-0.044769287,-0.016296387,-0.045455933,-0.021911621,0.00510025,-0.020355225,0.024407387,-0.134307861,-0.041015625,-0.051330566,0.008575439,-1.33486E-05,0.005249023,-0.009643555,0.0338974,-0.076904297,-0.014404297,-0.012077332,-0.108276367,-0.001349487,-0.000942535,0.023361206,-0.000845425,0.065063477,0.011993408,0.007263184,-0.03817749,0.020263672,-0.034515381,2.31937E-05,7.72495E-05,0.000138726,0.031360626,-0.021362305,-0.032653809
4.85,-0.041992188,-0.049133301,0.003845215,-0.029434204,-0.016082764,-0.053314209,0.024963379,-0.045455933,-0.007484436,0.009937286,-0.014205933,0.017043114,-0.117095947,-0.007446289,-0.039291382,0.004974365,5.09247E-05,-0.033905029,-0.027923584,-0.014793396,-0.057739258,-0.016845703,-0.04510498,-0.114425659,-0.001352488,-0.000951548,-0.017181396,-0.00084993,0.045288086,-0.042022705,0.024230957,-0.050376892,-0.006072998,-0.026824951,3.07746E-05,3.36152E-05,6.88173E-05,0.01506424,-0.056427002,-0.021850586
4.86,-0.029388428,-0.044265747,0.022521973,-0.015914917,-0.037643433,0.003997803,0.023742676,-0.051528931,-0.049568176,-0.008195877,-0.017906189,-0.009958267,-0.039703369,-0.015869141,-0.07182312,0.001403809,4.52539E-05,-0.043670654,-0.036407471,0.035110474,-0.060302734,-0.060302734,-0.038993835,-0.087402344,-0.001354738,-0.00096056,-0.050125122,-0.000853684,0.02180481,-0.008422852,0.019348145,-0.034515381,-0.031097412,0.034606934,-1.47149E-05,3.25963E-06,4.99189E-05,0.00377655,-0.05279541,-0.012451172
4.87,-0.028106689,-0.0102005,0.014511108,-0.068786621,0.013868332,0.058837891,-0.016296387,-0.053955078,-0.049568176,-0.02391243,-0.025291443,-0.033278465,-0.066711426,-0.020690918,-0.068206787,-0.02130127,-9.84157E-05,-0.03024292,-0.018157959,0.026596069,-0.062866211,-0.055297852,-0.010864258,-0.023590088,-0.001354738,-0.000951548,-0.014648438,-0.000860441,0.032928467,0.00239563,0.020629883,0.005752563,-0.013580322,0.019256592,-4.31444E-05,-4.9863E-05,4.04753E-05,-0.017536163,-0.027404785,-0.028625488
4.88,-0.012969971,0.009262085,-0.018844604,-0.082336426,0.01027298,0.000335693,-0.02130127,-0.01750946,0.029785156,0.019607544,-0.041290283,0.012133598,-0.099914551,0.004516602,-0.032058716,-0.018890381,-6.43879E-05,-0.026550293,-0.02545166,-0.079299927,-0.046264648,-0.01574707,-0.012077332,-0.033401489,-0.001353238,-0.000956054,-0.020980835,-0.0008687,0.023025513,-0.01802063,0.019348145,0.013069153,-0.001037598,-0.008911133,-0.000160657,1.0848E-05,-6.76513E-06,-0.031326294,-0.033447266,-0.04473877
4.89,-0.005401611,-0.017501831,-0.020172119,-0.067581177,-0.008893967,-0.042358398,-0.005065918,0.014068604,0.055038452,0.048622131,-0.017906189,0.007224083,-0.092529297,-0.021850586,-0.022415161,-0.017730713,5.65955E-05,-0.02532959,-0.031555176,-0.078086853,-0.029663086,-0.021850586,-0.013313293,-0.069015503,-0.001352488,-0.00096056,-0.067871094,-0.000867199,0.00201416,0.020385742,-0.00970459,-0.01499176,-0.03237915,0.009002686,-8.67378E-05,8.67359E-05,3.48054E-05,0.011302948,-0.054016113,-0.02456665
4.9,0.005981445,-0.033317566,0.026519775,-0.066345215,-0.006498337,-0.015533447,0.001220703,-0.013870239,0.030990601,0.052248001,0.001792908,-0.063961029,-0.099914551,-0.051818848,-0.020004272,-0.012908936,2.44593E-05,-0.014312744,-0.02911377,-0.035476685,-0.028381348,-0.051513672,-0.020637512,-0.021133423,-0.001343486,-0.000949295,-0.03112793,-0.000865697,0.015625,0.038406372,-0.013305664,-0.044281006,-0.058685303,0.023101807,7.4368E-05,-6.31418E-05,7.63759E-05,0.017570496,-0.035873413,-0.031280518
4.91,-0.000335693,-0.018722534,0.046524048,-0.068786621,-0.011289597,-0.013092041,-0.001281738,-0.051528931,-0.001472473,0.041368484,-0.033905029,-0.034505844,-0.077789307,-0.04699707,-0.039291382,0.021759033,-5.87171E-05,-0.019226074,-0.055908203,-0.03061676,-0.028381348,-0.060302734,-0.02797699,0.020599365,-0.001339735,-0.000951548,0.019546509,-0.000862694,0.024276733,0.003585815,0.033935547,-0.010108948,-0.022338867,-0.010192871,3.26689E-05,-0.000142824,7.63759E-05,-0.018791199,-0.02015686,-0.050170898
4.92,-0.041992188,-0.030883789,0.006500244,-0.084777832,-0.008893967,-0.031341553,-0.001281738,-0.056381226,-0.043556213,0.030488968,-0.02898407,0.008451462,-0.070404053,-0.045837402,-0.070602417,0.037261963,-1.52383E-05,-0.02166748,-0.060760498,0.001029968,-0.024536133,-0.055297852,-0.035316467,0.015701294,-0.001355488,-0.000955303,-0.037460327,-0.000852182,-0.007858276,0.003585815,0.053283691,0.044792175,-0.006072998,-0.003814697,-3.17711E-05,5.1558E-06,2.72468E-05,0.010047913,-0.045547485,-0.052825928
4.93,-0.026855469,-0.027236938,-0.004150391,-0.088470459,-0.013687134,-0.026489258,0.01373291,-0.051528931,-0.030326843,0.024442673,0.009178162,-0.023459435,-0.081451416,-0.032653809,-0.045303345,0.021759033,0.000113307,-0.008178711,-0.024261475,-0.002624512,-0.036010742,-0.026855469,-0.04510498,-0.011322021,-0.001360739,-0.000951548,-0.069137573,-0.000854435,-0.007858276,0.016799927,0.018188477,0.041137695,-0.052429199,0.024383545,-5.07254E-05,3.25963E-06,-7.66739E-05,0.046409607,-0.07093811,-0.046112061
4.94,0.023651123,0.004394531,0.035858154,-0.066345215,-0.028060913,0.014953613,0.033752441,-0.022369385,0.021369934,-0.002151489,-0.008049011,-0.016095161,-0.06427002,-0.01348877,-0.018798828,-0.005737305,8.68421E-05,-0.026550293,-0.021820068,-0.028182983,-0.050048828,-0.031738281,-0.047554016,-0.046905518,-0.001353988,-0.00096056,-0.005783081,-0.000858189,0.011901855,-0.013214111,0.003601074,0.028938293,-0.042388916,0.005187988,-5.07254E-05,-0.000112468,-6.15604E-05,0.056438446,-0.066101074,-0.023223877
4.95,0.014801025,-0.0102005,0.042526245,-0.050354004,-0.018476486,0.029602051,0.026245117,-0.029663086,0.011749268,0.048622131,-0.042518616,0.017043114,-0.072875977,-0.033813477,-0.027236938,-0.010559082,-2.46903E-05,-0.043670654,-0.049804688,0.014427185,-0.048828125,-0.083740234,-0.012077332,-0.050582886,-0.001359989,-0.000969572,-0.000717163,-0.000853684,0.010681152,-0.02041626,0.01574707,-0.001564026,-0.011047363,0.005187988,-2.04016E-05,-2.14037E-05,5.74775E-05,0.061454773,-0.038299561,-0.035339355
4.96,-0.002868652,-0.018722534,0.019851685,-0.058944702,0.018657684,0.005187988,0.022460938,-0.0782547,-0.021911621,0.086097717,-0.051139832,0.001087189,-0.086395264,-0.039855957,-0.035675049,0.030090332,-2.65809E-05,-0.038787842,-0.019378662,0.03024292,-0.048828125,-0.076416016,0.009941101,-0.057952881,-0.001362239,-0.000962813,-0.05519104,-0.000860441,0.027984619,-0.003616333,-0.004821777,-0.063796997,-0.019836426,0.006469727,-3.36673E-05,7.53514E-05,9.33781E-05,0.027603149,-0.024993896,-0.059570313
4.97,0.019866943,0.012908936,0.029190063,-0.072494507,0.01506424,-0.022827148,0.015014648,-0.067314148,-0.015899658,0.014772415,-0.025291443,-0.040641785,-0.071655273,-0.008666992,-0.052536011,0.056396484,-3.89665E-06,-0.057159424,0.025665283,-0.009918213,-0.073059082,-0.035400391,-0.019424438,-0.078826904,-0.001353988,-0.000949295,-0.061538696,-0.000859691,0.031692505,-0.014419556,-0.01574707,-0.052810669,0.003967285,-0.011474609,-4.31444E-05,4.49978E-05,0.000102825,0.006286621,-0.038299561,-0.052825928
4.98,0.009765625,0.010475159,0.030517578,-0.079864502,-0.019674301,-0.055786133,-0.026306152,-0.03452301,-0.017105103,0.001476288,0.001792908,-0.030823708,-0.053222656,-0.033813477,-0.064590454,0.034881592,5.55534E-06,-0.066925049,-0.012084961,-0.014793396,-0.108825684,-0.025634766,0.008712769,-0.069015503,-0.001348737,-0.000949295,-0.018463135,-0.000852182,0.014389038,-0.009613037,0.027832031,-0.002792358,0.011505127,-0.003814697,-2.60845E-05,4.12036E-05,0.000100937,0.018825531,-0.038299561,-0.054199219
4.99,-0.029388428,-0.029670715,-0.009506226,-0.094619751,0.022253036,-0.048431396,-0.040039063,-0.012649536,-0.023117065,0.037740707,-0.02898407,0.007224083,-0.048309326,-0.058959961,-0.060974121,0.039642334,4.90341E-05,-0.019226074,-0.042541504,-0.008712769,-0.088378906,-0.032958984,0.02217865,-0.061645508,-0.001349487,-0.000957556,-0.000717163,-0.000853684,0.009429932,0.00479126,0.049682617,-0.016212463,-0.028625488,0.00390625,-7.9155E-05,4.30997E-05,1.21295E-05,-0.002490997,-0.031036377,-0.06362915
5,-0.001586914,-0.043052673,-0.022842407,-0.068786621,0.048606873,-0.011871338,-0.022521973,-0.015083313,-0.007484436,0.013565063,-0.059753418,-0.00014019,-0.066711426,-0.044616699,-0.057357788,0.049224854,0.000101965,0.023590088,-0.027923584,-0.017219543,-0.048828125,-0.025634766,-0.026763916,-0.072692871,-0.001357739,-0.000959809,-0.036193848,-0.000850681,0.009429932,-0.026428223,0.013305664,-0.027191162,-0.033599854,0.00390625,-0.000118956,2.79229E-05,6.46338E-06,-0.028820038,-0.037094116,-0.054199219
5.01,0.008483887,-0.021156311,-0.009506226,-0.025756836,0.003084183,-0.015533447,-0.006286621,-0.038169861,0.008148193,-0.014240265,-0.02898407,-0.002594948,-0.049499512,-0.049438477,-0.062179565,0.014556885,4.14727E-05,0.013824463,-0.015716553,-0.005050659,-0.053894043,-0.028076172,-0.012077332,-0.065322876,-0.001359989,-0.000962062,-0.05645752,-0.000850681,0.032928467,-0.030029297,-0.020568848,-0.000350952,-0.02734375,0.021820068,-4.12501E-05,3.17171E-05,8.77082E-05,-0.008758545,-0.041915894,-0.043426514
5.02,-0.043273926,-0.024803162,0.01852417,-0.079864502,0.004283905,-0.028930664,0.03125,-0.03087616,0.037002563,0.003892899,0.006721497,-0.00750351,-0.040924072,-0.055419922,-0.050125122,0.007385254,-6.62785E-05,-0.002105713,0.014709473,0.013198853,-0.050048828,-0.057739258,0.011161804,-0.040771484,-0.001356238,-0.000962062,-0.043792725,-0.000855186,0.024276733,0.008392334,-0.00970459,0.00819397,-0.03237915,0.041015625,-2.04016E-05,8.67359E-05,4.99189E-05,-0.015029907,-0.054016113,-0.077087402
5.03,-0.029388428,-0.026016235,0.065216064,-0.119216919,0.00787735,-0.022827148,0.037475586,-0.009010315,0.052635193,0.029279709,0.01410675,-0.01732254,-0.104827881,-0.061401367,-0.006744385,0.002624512,2.25687E-05,-0.006958008,0.02444458,0.005897522,-0.030883789,-0.062744141,-0.002296448,-0.042007446,-0.001359239,-0.000959809,-0.03112793,-0.000849179,-0.002914429,-0.010818481,0.00970459,0.013069153,-0.011047363,0.024383545,-6.02026E-05,0.000130372,-4.87268E-06,-0.040103912,-0.079406738,-0.095947266
5.04,0.032470703,-0.017501831,0.030517578,-0.057739258,-0.016082764,-0.011871338,-0.010070801,-0.011436462,0.014152527,0.029279709,0.004257202,0.015815735,-0.114654541,-0.029052734,-0.005554199,-0.020080566,9.81838E-05,-0.022888184,-0.005981445,-0.020881653,-0.039855957,-0.078857422,-0.001075745,-0.066543579,-0.00136524,-0.000956805,-0.024795532,-0.000852182,0.030456543,-0.016830444,0.01574707,0.014289856,0.008972168,-0.017852783,4.23938E-06,1.36159E-06,1.96882E-05,-0.01001358,-0.047973633,-0.028625488
5.05,0.019866943,-0.012634277,-0.036178589,-0.050354004,0.012670517,0.011291504,-0.03503418,-0.032089233,-0.032737732,0.036533356,-0.017906189,0.009678841,-0.049499512,0.023681641,-0.060974121,0.018157959,5.55534E-06,-0.049804688,-0.012084961,-0.052528381,-0.087097168,-0.073852539,-0.029205322,-0.094772339,-0.001360739,-0.000951548,-0.013381958,-0.000866448,0.058883667,0.046813965,0.030273438,-0.007667542,-0.012329102,-0.028106689,1.37165E-05,-0.000102984,2.68593E-06,0.020080566,-0.00201416,0.013153076
5.06,-0.023071289,0.031158447,-0.006835938,-0.09954834,0.035429001,0.019836426,0.011230469,-0.052742004,-0.023117065,0.025651932,-0.009284973,-0.012413025,-0.045837402,-0.006286621,-0.091094971,0.059997559,2.25687E-05,-0.057159424,0.004974365,-0.058609009,-0.113891602,-0.020629883,-0.046333313,-0.130386353,-0.001359989,-0.000951548,-0.013381958,-0.00086795,0.041564941,0.026397705,0.026672363,-0.021087646,-0.044921875,-0.006347656,-5.64121E-05,-1.0021E-05,-6.53379E-05,0.017570496,-0.04675293,-0.04208374
5.07,-0.021820068,0.026290894,-0.014831543,-0.119216919,0.011472702,-0.035003662,0.043701172,-0.039382935,0.015357971,-0.002151489,0.005485535,0.017043114,-0.092529297,-0.033813477,-0.077835083,0.037261963,3.76916E-05,-0.047363281,-0.016937256,-0.005050659,-0.093505859,-0.041748047,-0.023086548,-0.096008301,-0.00136524,-0.000955303,-0.05519104,-0.000861943,0.029220581,-0.061248779,0.014526367,-0.006454468,-0.034881592,0.0128479,-6.96778E-05,2.79229E-05,-3.69959E-05,0.045154572,-0.072158813,-0.097290039
5.08,-0.019287109,-0.016288757,-0.058868408,-0.105697632,0.000688553,-0.08013916,0.004943848,-0.002937317,0.003334045,0.047412872,-0.04498291,0.004769325,-0.09375,0.008117676,-0.064590454,0.014556885,-5.68265E-05,-0.036315918,-0.058349609,0.008338928,-0.065429688,-0.057739258,-0.030426025,-0.029724121,-0.001361489,-0.000959809,-0.072937012,-0.000859691,0.035400391,-0.057632446,0.008483887,0.020393372,-0.018585205,0.023101807,-0.000132225,1.36159E-06,6.31474E-05,0.075248718,-0.038299561,-0.054199219
5.09,-0.015472412,-0.004119873,0.011856079,-0.039276123,0.000688553,-0.042358398,-0.02130127,-0.001724243,-0.03994751,0.10906601,-0.072059631,-0.044323921,-0.08026123,0.021240234,-0.060974121,0.000213623,-3.41423E-05,0.011383057,-0.038879395,-0.044006348,-0.04498291,-0.008300781,-0.042663574,-0.042007446,-0.00136824,-0.00096056,-0.041259766,-0.000866448,0.015625,-0.031234741,0.010925293,0.022834778,-0.00479126,-0.011474609,-0.000198562,5.06882E-05,2.53581E-05,0.040138245,-0.051589966,0.031982422
5.1,-0.000335693,-0.001686096,0.062530518,-0.029434204,0.001886368,-0.006988525,-0.013793945,-0.023590088,-0.030326843,0.077634811,-0.026519775,-0.030823708,-0.08392334,0.00567627,-0.053741455,0.002624512,3.76916E-05,0.052978516,0.019592285,-0.011131287,-0.052612305,-0.021850586,-0.02797699,-0.045700073,-0.001371241,-0.000956054,-0.034927368,-0.000870202,-0.014053345,-0.042022705,0.026672363,-0.000350952,0.01776123,-0.035797119,-0.000132225,6.39707E-05,-1.99899E-05,0.025093079,-0.074569702,-0.001678467
5.11,-0.00793457,-0.011421204,0.053207397,-0.070022583,-0.008893967,-0.008239746,-0.013793945,-0.03452301,-0.002677917,0.030488968,-0.015434265,0.013360977,-0.056915283,-0.003845215,-0.036880493,0.045623779,2.25687E-05,-0.005767822,0.030548096,0.024162292,-0.069213867,-0.044189453,0.001373291,-0.034637451,-0.001356238,-0.000953801,-0.012130737,-0.00085894,0.009429932,-0.043228149,0.01574707,0.000869751,-0.003540039,3.05176E-05,-3.74578E-05,2.03345E-05,4.61414E-05,0.040138245,-0.078201294,-0.062255859
5.12,-0.012969971,-0.000473022,0.085220337,-0.068786621,-0.019674301,0.021057129,-0.006286621,-0.060028076,-0.009887695,0.046203613,-0.024047852,0.014588356,-0.051971436,-0.011047363,-0.026031494,0.058746338,6.98287E-05,-0.068145752,0.011047363,-0.025741577,-0.060302734,-0.026855469,0.000152588,-0.084960938,-0.001355488,-0.000958307,0.001815796,-0.000851432,0.031692505,-0.043228149,0.020629883,0.002090454,-0.04989624,-0.002532959,-7.72588E-05,-2.33017E-05,2.72468E-05,0.011302948,-0.069732666,-0.036682129
5.13,-0.023071289,0.031158447,0.067886353,-0.072494507,0.01506424,0.023498535,0.008728027,-0.046669006,-0.002677917,0.055875778,0.004257202,-0.002594948,-0.08026123,0.011657715,-0.053741455,0.048034668,0.000173799,-0.047363281,0.014709473,-0.01600647,-0.053894043,-0.073852539,-0.043891907,-0.113189697,-0.001360739,-0.00096056,-0.071670532,-0.000856687,-0.016525269,-0.034820557,0.066589355,-0.008888245,-0.052429199,-0.038360596,-0.0001834,-2.33017E-05,2.68593E-06,0.01631546,-0.011688232,-0.036682129
5.14,-0.02432251,0.046974182,0.023849487,-0.049118042,0.022253036,-0.025299072,0.007507324,-0.006576538,0.020172119,0.023235321,-0.003128052,-0.003822327,-0.086395264,-0.005126953,-0.07182312,0.037261963,0.000103855,-0.02166748,-0.016937256,0.013198853,-0.079467773,-0.129638672,-0.042663574,-0.083724976,-0.001360739,-0.000957556,-0.084335327,-0.000864946,-0.03012085,-0.052841187,0.053283691,-0.000350952,-0.021087646,-0.028106689,-0.000151178,-1.38152E-05,9.33781E-05,0.037631989,0.011291504,-0.028625488
5.15,0.003448486,-0.001686096,0.046524048,-0.042953491,-0.011289597,-0.032592773,-6.10352E-05,-0.021156311,0.011749268,0.014772415,-0.036369324,-0.034505844,-0.107269287,-0.065002441,-0.052536011,-0.002197266,-2.00607E-06,-0.026550293,-0.02911377,-0.018447876,-0.112670898,-0.08996582,-0.021865845,-0.059188843,-0.00136374,-0.000956805,-0.043792725,-0.000866448,0.029220581,-0.067230225,0.020629883,0.016731262,-0.008544922,-0.042205811,-6.02026E-05,2.03345E-05,7.0706E-05,0.021331787,-0.037094116,-0.007049561
5.16,0.008483887,-0.057647705,0.066543579,-0.088470459,0.00787735,-0.013092041,0.006225586,-0.03087616,-0.029129028,0.017189026,-0.017906189,-0.055369377,-0.11340332,-0.058959961,-0.032058716,-0.010559082,7.54995E-05,-0.038787842,0.02444458,0.007110596,-0.089660645,-0.037963867,-0.062232971,-0.061645508,-0.001357739,-0.000964315,-0.047607422,-0.000855186,0.034164429,-0.037231445,0.026672363,0.03503418,-0.03237915,-0.063964844,-8.10511E-05,7.53514E-05,-8.99024E-05,0.030109406,-0.062469482,-0.023223877
5.17,-0.001586914,-0.061302185,0.035858154,-0.077423096,0.042617798,0.014953613,0.016235352,-0.023590088,-0.047164917,-0.003360748,-0.011741638,-0.005049706,-0.09375,-0.017089844,-0.012771606,0.020507813,7.73901E-05,-0.047363281,0.029327393,0.061889648,-0.036010742,-0.061401367,-0.080596924,-0.075134277,-0.001355488,-0.000963564,-0.046325684,-0.000852182,-0.007858276,-0.03843689,0.008483887,0.025268555,-0.051177979,-0.005065918,-6.3993E-05,3.55113E-05,-8.04514E-05,0.013809204,-0.06489563,-0.029937744
5.18,-0.002868652,-0.062515259,0.027862549,-0.051589966,0.021055222,0.0625,0.028747559,-0.039382935,-0.019508362,-0.010614395,-0.04990387,0.023180008,-0.097442627,-0.020690918,-0.027236938,0.031280518,-7.57305E-05,-0.033905029,-0.002349854,0.032684326,-0.04498291,-0.083740234,-0.026763916,-0.092330933,-0.001359239,-0.00095305,-0.033660889,-0.000858189,-0.000442505,-0.033630371,-0.001220703,-0.012550354,-0.038635254,0.006469727,1.37165E-05,-3.27863E-05,4.42527E-05,-0.013774872,-0.061279297,-0.043426514
5.19,-0.012969971,-0.078330994,0.049194336,-0.067581177,-0.010091782,0.03692627,0.018737793,-0.044242859,-0.000274658,0.02807045,-0.022819519,0.019497871,-0.091308594,-0.036254883,-0.058563232,0.03604126,-5.49359E-05,-0.015533447,-0.014526367,-0.014793396,-0.069213867,-0.057739258,-0.023086548,-0.087402344,-0.001348737,-0.000950046,-0.013381958,-0.000852933,0.040344238,0.011993408,0.030273438,-0.030853271,-0.028625488,-0.037078857,-5.45159E-05,-6.31418E-05,-1.24313E-05,0.013809204,-0.040710449,-0.055541992
5.2,-0.018005371,-0.057647705,0.037200928,-0.09954834,-0.000509262,-0.038696289,-0.020019531,-0.052742004,-0.014701843,0.064336777,-0.019126892,0.018270493,-0.076568604,-0.027893066,-0.051330566,0.048034668,8.11704E-05,-0.020446777,-0.020599365,-0.017219543,-0.050048828,-0.049072266,-0.073249817,-0.064086914,-0.001348737,-0.00095305,-0.019729614,-0.000846176,0.048995972,0.040802002,0.024230957,-0.016212463,-0.051177979,-0.016571045,-0.000126539,-5.55534E-05,-7.1004E-05,0.02885437,-0.050384521,-0.039367676
5.21,-0.028106689,-0.026016235,0.027862549,-0.129058838,-0.00170517,-0.048431396,-0.042541504,-0.03452301,-0.033935547,0.052248001,-0.097915649,0.002314568,-0.092529297,-0.038635254,-0.042907715,0.028930664,3.76916E-05,-0.051025391,-0.004760742,0.02293396,-0.067993164,-0.026855469,-0.064682007,-0.055511475,-0.001356238,-0.000957556,-0.05645752,-0.000846927,0.025497437,0.040802002,-0.013305664,-0.004013062,-0.077484131,-0.003814697,-6.3993E-05,-1.76094E-05,0.000102825,0.031360626,-0.075775146,-0.028625488
5.22,-0.009185791,-0.021156311,0.031860352,-0.086013794,-0.035247803,-0.013092041,-0.010070801,0.010421753,-0.045959473,0.048622131,-0.063446045,0.002314568,-0.09866333,-0.05657959,-0.026031494,0.016937256,-3.60329E-05,-0.019226074,0.003753662,0.042419434,-0.070495605,0.004150391,-0.031654358,-0.065322876,-0.001345737,-0.000950046,-0.024795532,-0.000855936,0.010681152,0.031204224,-0.002441406,0.003311157,-0.062438965,-0.012756348,-3.74578E-05,-6.12456E-05,0.000168957,0.030109406,-0.07093811,-0.052825928
5.23,0.05267334,-0.018722534,0.013183594,-0.033126831,-0.012487411,0.016204834,0.023742676,-0.013870239,-0.032737732,0.044994354,0.026420593,0.010906219,-0.087615967,-0.033813477,0.004089355,0.037261963,2.44593E-05,0.037078857,-0.023040771,0.011985779,-0.013061523,-0.063964844,-0.025535583,-0.097244263,-0.001352488,-0.000941784,0.004348755,-0.000861192,-0.012802124,0.016799927,0.030273438,0.021614075,-0.048675537,-0.014038086,-6.3993E-05,-9.16012E-05,3.66941E-05,-0.030075073,-0.060058594,-0.055541992
5.24,0.027435303,0.000747681,0.023849487,-0.071258545,0.035429001,0.027160645,-0.001281738,-0.068534851,-0.008682251,0.032905579,-0.010513306,-0.021004677,-0.106048584,-0.007446289,0.012512207,0.033691406,4.33633E-05,0.006469727,-0.042541504,0.004684448,-0.034790039,-0.113525391,-0.010864258,-0.107055664,-0.001374242,-0.000952299,-0.027313232,-0.000861192,-0.020233154,-0.006011963,0.014526367,0.039916992,-0.064941406,-0.006347656,-3.17711E-05,3.55113E-05,5.55888E-05,-0.045120239,-0.037094116,-0.021850586
5.25,-0.034423828,-0.012634277,0.062530518,-0.079864502,0.011472702,0.012542725,-0.018798828,-0.057601929,-0.002677917,0.05345726,-0.04990387,-0.052914619,-0.102355957,-0.007446289,-0.003143311,0.037261963,-2.84715E-05,-0.010650635,-0.024261475,0.007110596,-0.089660645,-0.068969727,-0.040214539,-0.069015503,-0.00136524,-0.000956805,-0.001983643,-0.000861192,-0.005386353,-0.014419556,-0.013305664,0.015510559,-0.044921875,0.028198242,1.37165E-05,0.000126576,3.85828E-05,0.023841858,-0.026199341,-0.039367676
5.26,-0.011688232,-0.022369385,0.0572052,-0.060180664,-0.000509262,-0.019195557,0.007507324,-0.032089233,0.003334045,0.066753387,-0.020355225,-0.021004677,-0.039703369,0.00567627,-0.030853271,0.069519043,2.82396E-05,-0.000854492,0.011047363,0.005897522,-0.052612305,-0.09362793,-0.079360962,-0.076370239,-0.001352488,-0.000954552,0.022094727,-0.000852182,0.016860962,-0.030029297,-0.003662109,-0.01499176,0.000213623,0.042297363,-5.45159E-05,1.0848E-05,-7.66739E-05,0.040138245,-0.044326782,-0.074401855
5.27,0.000946045,0.026290894,0.029190063,-0.07862854,0.034231186,-0.030151367,0.019958496,-0.035736084,0.00213623,0.060710907,-0.020355225,0.005996704,-0.047058105,0.012878418,-0.036880493,0.049224854,9.81838E-05,-0.006958008,0.011047363,0.018074036,-0.032226563,-0.124633789,-0.021865845,-0.111953735,-0.001355488,-0.000959058,-0.015930176,-0.000843172,0.048995972,-0.022827148,0.018188477,0.015510559,-0.003540039,0.010284424,-0.000162551,-0.000114366,1.77994E-05,-0.003742218,-0.044326782,-0.087860107
5.28,-0.004119873,0.004394531,0.003845215,-0.072494507,0.024648666,0.008880615,0.011230469,-0.007797241,-0.001472473,0.061918259,-0.011741638,-0.021004677,-0.125701904,-0.020690918,-0.022415161,-0.003356934,-9.56748E-06,0.010162354,-0.020599365,0.035110474,-0.04498291,-0.045410156,0.011161804,-0.096008301,-0.001350987,-0.000963564,-0.014648438,-0.000849179,0.003265381,0.026397705,0.046020508,0.021614075,-0.038635254,-0.043487549,-0.000151178,-3.08901E-05,0.000106607,-0.017536163,-0.069732666,-0.093231201
5.29,0.007232666,-0.021156311,0.027862549,-0.07862854,-0.002902985,0.02835083,-6.10352E-05,0.001922607,-0.005081177,0.067964554,0.021499634,-0.034505844,-0.099914551,-0.043457031,0.006484985,-0.009307861,3.76916E-05,-0.032684326,-0.041290283,0.039985657,-0.036010742,-0.023193359,-0.054893494,-0.087402344,-0.001343486,-0.000955303,-0.004516602,-0.000858189,-0.046188354,-0.001220703,0.037536621,-0.033294678,-0.057403564,-0.053710938,-6.58892E-05,5.82784E-05,5.37001E-05,0.006286621,-0.114471436,-0.073059082
5.3,-0.01675415,0.036026001,0.079879761,-0.094619751,-0.012487411,-0.005767822,0.008728027,-0.044242859,-0.035140991,0.066753387,-0.009284973,0.007224083,-0.027404785,-0.030212402,0.006484985,0.02532959,0.000188922,-0.075500488,-0.030334473,0.013198853,-0.04498291,-0.08996582,-0.059791565,-0.076370239,-0.001345737,-0.000950046,-0.026062012,-0.000861192,0.008209229,-0.043228149,-0.033874512,-0.032073975,-0.063690186,-0.006347656,-3.55635E-05,-2.43261E-06,0.000117943,0.018825531,-0.095123291,-0.046112061
5.31,-0.03692627,0.008041382,0.047866821,-0.09954834,-0.006498337,-0.017944336,0.039978027,-0.057601929,-0.025520325,0.029279709,-0.053596497,0.035453796,-0.029846191,-0.02545166,-0.056152344,0.043212891,0.000154895,-0.035125732,9.15527E-05,0.010772705,-0.08203125,-0.082519531,0.003814697,-0.050582886,-0.001353238,-0.000959809,-0.038726807,-0.000861943,0.029220581,-0.019226074,-0.048461914,0.00453186,-0.038635254,-0.006347656,-4.31444E-05,2.41287E-05,0.000174623,-0.025058746,-0.049179077,0.001037598
5.32,-0.011688232,-0.054000854,0.015853882,-0.111846924,0.012670517,-0.036254883,0.046203613,-0.064888,0.012954712,-0.019075394,-0.037597656,-0.024686813,-0.048309326,-0.044616699,-0.053741455,0.014556885,0.000107636,-0.024108887,-0.002349854,0.021720886,-0.129272461,-0.057739258,-0.001075745,-0.059188843,-0.001354738,-0.000962813,-0.05140686,-0.000862694,-0.014053345,-0.014419556,-0.007263184,0.000869751,-0.008544922,-0.007629395,9.92604E-06,0.000115193,1.02408E-05,-0.025058746,-0.057632446,0.01852417
5.33,-0.006652832,-0.030883789,0.04119873,-0.060180664,0.009075165,-0.059417725,0.028747559,-0.0782547,-0.021911621,-0.013031006,-0.042518616,-0.066415787,-0.067962646,-0.048217773,-0.007965088,-0.004547119,4.52539E-05,-0.036315918,-0.015716553,-0.012359619,-0.120300293,-0.094970703,-0.041442871,-0.072692871,-0.001348737,-0.000958307,-0.03112793,-0.00085894,-0.006637573,-0.01802063,0.002441406,0.003311157,-0.031097412,0.021820068,-5.2359E-06,3.93074E-05,-3.69959E-05,0.037631989,-0.05279541,-0.040740967
5.34,-0.015472412,0.006828308,0.030517578,-0.034347534,-0.002902985,-0.016723633,0.048706055,-0.021156311,-0.035140991,0.026861191,-0.042518616,-0.00014019,-0.104827881,-0.029052734,-0.034469604,0.007385254,-1.52383E-05,-0.024108887,-0.001098633,-0.014793396,-0.064086914,-0.073852539,-0.0157547,-0.056716919,-0.001352488,-0.000958307,0.009414673,-0.000860441,-0.001678467,-0.003616333,0.026672363,0.013069153,-0.038635254,0.007720947,-0.00018719,-1.0021E-05,0.000114162,-0.002490997,-0.029830933,-0.056884766
5.35,0.027435303,0.009262085,0.030517578,-0.081100464,-0.018476486,0.022247314,0.077514648,-0.004150391,0.006942749,0.029279709,-0.020355225,0.02072525,-0.091308594,-0.027893066,-0.048919678,0.020507813,4.90341E-05,-0.02166748,0.007385254,0.011985779,-0.027099609,-0.016845703,0.019729614,-0.043228149,-0.001362239,-0.000958307,0.000549316,-0.000859691,-0.032592773,0.013183594,0.065429688,0.026489258,-0.011047363,-0.002532959,-0.000202352,0.000103811,8.58195E-05,-0.048881531,-0.062469482,-0.015136719
5.36,0.029937744,-0.004119873,0.069213867,-0.084777832,-0.016082764,-0.002105713,0.034973145,-0.068534851,-0.008682251,0.006311417,-0.052368164,-0.050460815,-0.07901001,-0.012268066,-0.029647827,0.020507813,4.90341E-05,-0.038787842,-0.001098633,-0.005050659,-0.021972656,-0.031738281,0.005050659,-0.059188843,-0.001361489,-0.000952299,-0.019729614,-0.000848428,-0.011581421,0.020385742,0.013305664,0.003311157,-0.019836426,-0.011474609,-2.41902E-05,9.05301E-05,-4.07733E-05,0.012554169,-0.092697144,-0.027252197
5.37,-0.006652832,0.017776489,0.045211792,-0.061416626,0.016262054,-0.041107178,0.010009766,-0.057601929,-0.015899658,0.007518768,-0.052368164,-0.044323921,-0.11340332,0.009277344,-0.028442383,0.002624512,-2.00607E-06,-0.042449951,-0.016937256,0.003463745,-0.050048828,-0.065185547,-0.02431488,-0.070220947,-0.001359239,-0.00095305,0.000549316,-0.000853684,0.004486084,0.003585815,-0.053283691,-0.043052673,-0.037384033,-0.021728516,1.18203E-05,7.05384E-06,-3.32147E-05,0.027603149,-0.086654663,-0.08114624
5.38,0.003448486,0.014129639,0.011856079,-0.087249756,0.00787735,-0.041107178,0.037475586,-0.009010315,-0.008682251,0.023235321,-0.011741638,-0.001367569,-0.095001221,-0.014648438,-0.0440979,-0.002197266,-1.15484E-07,-0.006958008,-0.016937256,0.02293396,-0.07434082,-0.075073242,-0.042663574,-0.072692871,-0.001359239,-0.000962062,-0.003250122,-0.000865697,-0.021453857,-0.019226074,0.002441406,-0.032073975,-0.019836426,-0.02557373,-8.67378E-05,5.82784E-05,1.59107E-05,-0.026313782,-0.067321777,-0.090545654
5.39,0.002166748,-0.049133301,0.058547974,-0.127853394,0.004283905,-0.013092041,0.003723145,-0.019943237,-0.033935547,0.022026062,-0.019126892,-0.032051086,-0.072875977,-0.030212402,-0.063369751,0.007385254,-1.52383E-05,-0.01675415,0.014709473,0.004684448,-0.092224121,-0.091186523,-0.041442871,-0.092330933,-0.001362239,-0.000961311,-0.061538696,-0.00085894,-0.021453857,-0.061248779,0.035095215,-0.011329651,0.010223389,-0.042205811,-0.000164447,5.44824E-05,8.3521E-06,-0.031326294,-0.049179077,-0.047454834
5.4,-0.009185791,-0.060081482,0.065216064,-0.115539551,0.017459869,-0.016723633,-0.033813477,-0.038169861,-0.01109314,0.001476288,-0.022819519,-0.02836895,-0.097442627,-0.011047363,-0.069396973,0.033691406,5.28144E-05,-0.082824707,-0.009643555,-0.014793396,-0.104980469,-0.119628906,-0.032875061,-0.087402344,-0.001361489,-0.000962813,-0.074203491,-0.000851432,0.000793457,-0.096054077,-0.014526367,-0.010108948,0.002716064,0.005187988,-8.10511E-05,7.34553E-05,-3.51034E-05,0.0050354,-0.037094116,-0.046112061
5.41,-0.019287109,-0.040618896,0.03453064,-0.095855713,-0.008893967,-0.008239746,0.015014648,-0.066101074,0.026176453,0.00268364,-0.017906189,0.029316902,-0.09866333,-0.006286621,-0.059768677,0.040863037,0.000103855,-0.095092773,-0.08026123,-0.01600647,-0.088378906,-0.080078125,-0.002296448,-0.056716919,-0.001350237,-0.000967319,-0.03112793,-0.000855936,0.005737305,-0.058837891,0,-0.006454468,-0.038635254,0.032043457,3.83556E-05,0.000160728,-1.24313E-05,0.013809204,-0.054016113,-0.097290039
5.42,-0.030639648,-0.017501831,0.055862427,-0.113067627,-0.037643433,-0.008239746,0.039978027,-0.062461853,0.028579712,0.040159225,-0.030212402,0.029316902,-0.072875977,-0.018249512,-0.047714233,0.006225586,-9.56748E-06,-0.064483643,-0.0546875,0.014427185,-0.066650391,0.012817383,0.025840759,-0.054275513,-0.001351738,-0.000967319,-0.012130737,-0.000857438,-0.007858276,-0.004806519,0.01574707,-0.010108948,-0.051177979,-0.048583984,8.02986E-06,0.000120884,6.69248E-05,-0.002490997,-0.090286255,-0.090545654
5.43,-0.035705566,0.020210266,0.043869019,-0.126617432,-0.011289597,-0.065490723,-0.020019531,-0.001724243,0.009346008,0.058292389,-0.020355225,-0.005049706,-0.06918335,-0.014648438,-0.054946899,0.026519775,-2.28006E-05,-0.048583984,0.001312256,0.013198853,-0.034790039,-0.01574707,-0.034103394,-0.070220947,-0.001361489,-0.000974078,-0.013381958,-0.000855936,-0.002914429,0.021591187,-0.01940918,-0.017433167,-0.024841309,-0.039642334,2.31937E-05,0.000109503,8.96007E-05,0.008792877,-0.079406738,-0.069000244
5.44,-0.069763184,-0.012634277,0.011856079,-0.106933594,0.037824631,-0.053314209,-0.040039063,-0.015083313,-0.029129028,0.03169632,-0.011741638,-0.009958267,-0.124481201,-0.017089844,-0.086273193,0.053985596,3.76916E-05,-0.070587158,-0.02545166,-0.028182983,-0.030883789,-0.088623047,-0.075698853,-0.080062866,-0.00136449,-0.000971825,-0.032394409,-0.000850681,0.008209229,0.010787964,0.00604248,0.005752563,-0.037384033,0.026947021,6.11003E-05,0.000109503,8.20421E-05,0.030109406,-0.055221558,-0.079772949
5.45,-0.058410645,-0.054000854,0.030517578,-0.09954834,0.00548172,0.023498535,0.017456055,-0.068534851,-0.019508362,0.008728027,-0.016662598,0.001087189,-0.123260498,-0.027893066,-0.07421875,0.022918701,-6.62785E-05,-0.115875244,-0.026672363,-0.017219543,-0.073059082,-0.067626953,-0.008415222,-0.078826904,-0.00136449,-0.000961311,-0.042526245,-0.000846176,0.008209229,-0.034820557,0.052062988,0.033813477,-0.091278076,-0.010192871,-7.13207E-06,1.27461E-05,7.82609E-05,0.036376953,-0.041915894,-0.070343018
5.46,-0.001586914,-0.012634277,0.035858154,-0.120452881,-0.043634415,0.023498535,0.04498291,-0.055168152,-0.005081177,0.012353897,-0.009284973,-0.009958267,-0.072875977,-0.026611328,-0.041687012,0.009796143,-0.000113538,-0.087738037,0.019592285,-0.001396179,-0.07434082,-0.060302734,-0.001075745,-0.077590942,-0.001356238,-0.000962813,-0.02986145,-0.000854435,0.024276733,-0.022827148,0.039978027,-0.000350952,-0.078735352,-0.005065918,-5.83064E-05,1.65403E-05,6.50361E-05,0.026348114,-0.023788452,-0.070343018
5.47,-0.012969971,0.008041382,0.029190063,-0.089706421,-0.019674301,-0.026489258,0.028747559,-0.044242859,-0.02671814,0.015981674,-0.036369324,-0.048006058,-0.128173828,-0.039855957,-0.062179565,0.003814697,3.20207E-05,-0.035125732,-0.003570557,-0.024528503,-0.059020996,-0.091186523,-0.065910339,-0.075134277,-0.001353238,-0.000961311,-0.039993286,-0.000853684,0.039093018,-0.04083252,0.016967773,-0.02230835,-0.026092529,0.026947021,-7.53645E-05,8.29417E-05,2.72468E-05,-0.001235962,-0.035873413,-0.085174561
5.48,-0.031890869,-0.032104492,0.030517578,-0.065109253,0.004283905,-0.032592773,-0.006286621,-0.050315857,-0.001472473,0.019607544,-0.079452515,-0.044323921,-0.165039063,-0.032653809,-0.062179565,-0.005737305,4.71435E-05,-0.082824707,-0.053466797,-0.0233078,-0.071777344,-0.099853516,-0.048782349,-0.054275513,-0.001362239,-0.000950797,-0.036193848,-0.000847677,0.044052124,-0.093658447,0.018188477,0.01184845,-0.034881592,-0.044769287,-7.72588E-05,7.15572E-05,-1.99899E-05,-0.00750351,-0.073364258,-0.095947266
5.49,-0.012969971,-0.044265747,0.015853882,-0.124145508,-0.014884949,-0.00088501,-0.037536621,-0.046669006,0.006942749,0.025651932,-0.057289124,-0.013640404,-0.125701904,-0.01348877,-0.039291382,0.009796143,-0.00012299,-0.106079102,-0.023040771,-0.018447876,-0.066650391,-0.094970703,0.016052246,-0.053039551,-0.001359239,-0.00095305,-0.014648438,-0.000864946,0.041564941,-0.026428223,0.036376953,0.028938293,-0.077484131,-0.057556152,-6.96778E-05,2.79229E-05,3.48054E-05,0.037631989,-0.08303833,-0.095947266
5.5,-0.010437012,-0.019935608,0.037200928,-0.121688843,-0.034049988,0.010101318,-0.026306152,-0.06124115,-0.023117065,0.023235321,-0.036369324,-0.002594948,-0.125701904,-0.049438477,-0.070602417,-0.002197266,-0.000109757,-0.047363281,0.012268066,-0.025741577,-0.047485352,-0.065185547,0.019729614,-0.067779541,-0.001354738,-0.000957556,-0.023513794,-0.000871704,0.016860962,-0.007217407,0.02545166,0.027709961,-0.07244873,0.038452148,-9.81074E-05,5.06882E-05,0.00012172,0.046409607,-0.074569702,-0.075714111
5.51,-0.011688232,-0.008987427,0.038528442,-0.08354187,-0.00170517,-0.011871338,-0.006286621,-0.060028076,0.003334045,0.025651932,-0.04990387,-0.013640404,-0.119567871,-0.051818848,-0.083862305,-0.008148193,3.95821E-05,-0.035125732,-0.007202148,-0.017219543,-0.043701172,-0.071411133,-0.025535583,-0.065322876,-0.001358489,-0.000954552,-0.02986145,-0.000857438,-0.017745972,-0.066040039,-0.007263184,0.017951965,-0.031097412,0.055084229,-0.00010569,8.67359E-05,6.69248E-05,0.012554169,-0.067321777,-0.051513672
5.52,-0.02053833,-0.026016235,-0.021499634,-0.103225708,0.025846481,-0.003326416,0.001220703,-0.044242859,0.014152527,0.017189026,-0.031433105,-0.048006058,-0.101135254,-0.024291992,-0.050125122,0.033691406,4.33633E-05,-0.055908203,-0.030334473,-0.011131287,-0.052612305,-0.084960938,-0.046333313,-0.056716919,-0.001357739,-0.00096056,-0.037460327,-0.000863445,-0.04246521,-0.024032593,-0.001220703,0.003311157,-0.036132813,0.009002686,-0.000134122,1.46423E-05,-1.05426E-05,0.036376953,-0.044326782,-0.054199219
5.53,-0.015472412,-0.028450012,-0.006835938,-0.086013794,-0.00170517,0.012542725,0.003723145,-0.046669006,-0.017105103,0.007518768,-0.024047852,-0.036960602,-0.108520508,-0.033813477,-0.053741455,0.026519775,2.25687E-05,-0.064483643,-0.02911377,-0.028182983,-0.055175781,-0.071411133,-0.032875061,-0.056716919,-0.001354738,-0.000965066,-0.038726807,-0.000873205,-0.000442505,-0.004806519,0.023010254,-0.008888245,-0.048675537,-0.010192871,-0.000196666,-3.65824E-05,3.10279E-05,0.060203552,-0.068511963,-0.052825928
5.54,-0.000335693,-0.011421204,0.019851685,-0.077423096,0.004283905,-0.030151367,-0.006286621,-0.050315857,0.01776123,0.032905579,-0.056060791,-0.027141571,-0.112213135,-0.038635254,-0.062179565,0.022918701,8.68421E-05,-0.069366455,-0.009643555,-0.031829834,-0.065429688,-0.1171875,-0.043891907,-0.082504272,-0.001353988,-0.000959058,0.004348755,-0.000852182,0.037872314,-0.062438965,0.04119873,-0.013771057,-0.028625488,-0.003814697,-0.000130329,3.17171E-05,7.63759E-05,0.012554169,-0.099960327,-0.029937744
5.55,-0.045806885,-0.01385498,-0.009506226,-0.118011475,0.052200317,-0.059417725,0.012512207,-0.073394775,0.026176453,0.042577744,-0.058532715,-0.07378006,-0.128173828,-0.038635254,-0.03326416,0.051635742,9.62941E-05,-0.055908203,-0.024261475,-0.005050659,-0.076904297,-0.112182617,-0.062232971,-0.094772339,-0.001355488,-0.000959058,0.01574707,-0.000851432,-0.017745972,-0.064834595,0.04119873,0.006965637,-0.036132813,0.028198242,-5.07254E-05,5.25862E-05,1.96882E-05,0.00377655,-0.058853149,-0.016479492
5.56,-0.073547363,-0.03818512,0.014511108,-0.110610962,0.051002502,-0.021636963,0.056213379,-0.083114624,-0.042350769,0.02807045,-0.024047852,-0.061506271,-0.142913818,-0.045837402,-0.0440979,0.027679443,1.12271E-05,-0.057159424,-0.060760498,0.005897522,-0.089660645,-0.061401367,-0.043891907,-0.089874268,-0.00136449,-0.000963564,-0.036193848,-0.000876209,-0.021453857,-0.02041626,0.044799805,0.01184845,-0.068695068,0.007720947,-9.02824E-06,-5.36572E-05,-8.65385E-06,0.067722321,-0.074569702,-0.023223877
5.57,-0.023071289,-0.058868408,0.079879761,-0.097091675,0.013868332,0.0027771,0.036193848,-0.040596008,-0.019508362,0.035324097,-0.019126892,-0.00750351,-0.130615234,-0.044616699,-0.07182312,0.03604126,-3.22517E-05,-0.071807861,-0.024261475,0.004684448,-0.112670898,-0.092407227,-0.050003052,-0.125457764,-0.001371991,-0.000959809,-0.039993286,-0.00086795,0.044052124,-0.021621704,0.050842285,0.013069153,-0.076202393,-0.042205811,6.13369E-06,-9.16012E-05,4.23603E-05,0.073993683,-0.098754883,-0.038024902
5.58,-0.006652832,-0.049133301,0.074554443,-0.121688843,-0.000509262,-0.008239746,-0.027526855,-0.018730164,0.035797119,0.038951874,-0.036369324,-0.00014019,-0.130615234,-0.023010254,-0.060974121,0.043212891,-3.79235E-05,-0.042449951,0.012268066,0.010772705,-0.099853516,-0.102294922,-0.067131042,-0.147567749,-0.00136674,-0.00095305,-0.013381958,-0.000859691,0.039093018,-0.057632446,0.007263184,0.033813477,-0.031097412,-0.008911133,-9.24245E-05,-2.14037E-05,3.29167E-05,1.90735E-05,-0.034667969,-0.038024902
5.59,-0.039459229,-0.046699524,0.014511108,-0.116775513,0.011472702,-0.027709961,-0.011291504,-0.051528931,0.015357971,0.040159225,0.000564575,-0.002594948,-0.119567871,0.002075195,-0.053741455,0.000213623,-2.28006E-05,-0.027770996,-0.031555176,-0.008712769,-0.073059082,-0.107177734,-0.02797699,-0.098464966,-0.001360739,-0.000961311,-0.037460327,-0.000873956,0.019332886,-0.045639038,-0.016967773,0.032592773,-0.007293701,0.002624512,-7.72588E-05,-8.78051E-05,4.61414E-05,-0.022548676,-0.041915894,-0.04473877
5.6,-0.045806885,-0.074684143,0.025192261,-0.097091675,0.004283905,-0.058166504,0.033752441,-0.079467773,0.009346008,0.055875778,0.022727966,-0.005049706,-0.087615967,-0.031433105,-0.079040527,0.014556885,2.25687E-05,-0.102416992,-0.063232422,-0.062263489,-0.078186035,-0.118408203,-0.021865845,-0.066543579,-0.001359239,-0.000971074,-0.048858643,-0.000866448,0.030456543,-0.006011963,0.003601074,-0.004013062,-0.047393799,-0.028106689,-5.07254E-05,-0.000148516,5.74775E-05,0.032619476,-0.089080811,-0.06362915
5.61,-0.021820068,-0.066169739,0.069213867,-0.119216919,-0.010091782,-0.053314209,-0.007568359,-0.066101074,0.015357971,0.043787003,-0.041290283,-0.018549919,-0.09866333,-0.081726074,-0.117599487,-0.008148193,2.63499E-05,-0.124450684,-0.035217285,-0.053741455,-0.092224121,-0.086181641,-0.075698853,-0.102142334,-0.001356238,-0.000956805,-0.03112793,-0.000852182,0.00201416,0.00239563,-0.008483887,-0.057701111,-0.068695068,0.001342773,-0.000185296,-4.60688E-05,-4.87268E-06,0.050170898,-0.072158813,-0.060913086
5.62,-0.000335693,-0.052787781,0.005172729,-0.137680054,0.009075165,-0.036254883,-0.043762207,-0.062461853,0.003334045,0.020816803,-0.074531555,-0.006277084,-0.140472412,-0.080566406,-0.099533081,-0.05355835,7.54995E-05,-0.040008545,-0.012084961,0.005897522,-0.096069336,-0.082519531,-0.085487366,-0.11932373,-0.001353238,-0.00094554,-0.034927368,-0.000855186,-0.051132202,-0.025222778,-0.014526367,-0.032073975,-0.054931641,-0.001251221,-9.81074E-05,-2.70959E-05,8.01496E-05,-0.001235962,-0.07093811,-0.051513672
5.63,0.003448486,-0.07346344,-0.077529907,-0.113067627,0.016262054,-0.060638428,0.026245117,-0.084327698,-0.012290955,0.008728027,-0.058532715,-0.005049706,-0.140472412,-0.049438477,-0.040496826,0.008575439,8.49515E-05,0.00769043,-0.021820068,-0.001396179,-0.088378906,-0.072631836,-0.042663574,-0.091094971,-0.001353238,-0.00095305,-0.005783081,-0.000854435,-0.020233154,-0.055236816,0.013305664,0.017951965,-0.024841309,-0.042205811,0.000169136,-2.14037E-05,0.000136837,-0.040103912,-0.099960327,-0.066314697
5.64,-0.00793457,-0.062515259,-0.017501831,-0.094619751,-0.008893967,-0.050872803,0.081237793,-0.057601929,-0.007484436,-0.015449524,-0.054832458,-0.033278465,-0.103607178,-0.029052734,-0.034469604,0.038452148,-7.19503E-05,-0.024108887,-0.023040771,-0.007484436,-0.096069336,-0.062744141,-0.005966187,-0.102142334,-0.001361489,-0.00095305,0.013214111,-0.000854435,0.052703857,-0.045639038,0.036376953,-0.02230835,-0.016082764,-0.010192871,0.000169136,8.10437E-05,-4.45545E-05,-0.022548676,-0.118103027,-0.069000244
5.65,-0.018005371,-0.036972046,0.059875488,-0.07862854,0.01027298,0.0027771,0.038696289,-0.023590088,0.006942749,0.000265121,-0.04990387,-0.013640404,-0.119567871,-0.065002441,-0.042907715,-0.009307861,-0.000113538,-0.068145752,-0.016937256,0.020507813,-0.075622559,-0.104736328,-0.014526367,-0.123016357,-0.00136599,-0.000956805,-0.02986145,-0.000861943,0.018096924,-0.027618408,0.029052734,-0.021087646,-0.053649902,0.010284424,-7.13207E-06,6.96611E-05,-0.000148475,0.0050354,-0.104797363,-0.060913086
5.66,-0.004119873,-0.004119873,0.045211792,-0.070022583,0.041419983,0.006439209,0.010009766,-0.058815002,-0.001472473,0.040159225,-0.051139832,0.013360977,-0.140472412,-0.082946777,-0.013977051,-0.010559082,-5.87171E-05,-0.006958008,-0.030334473,0.0338974,-0.039855957,-0.130737305,-0.040214539,-0.114425659,-0.001356989,-0.00096056,-0.05519104,-0.000873205,-0.033813477,-0.036026001,0.013305664,0.006965637,-0.062438965,-0.023010254,-3.55635E-05,1.36159E-06,-7.66739E-05,-0.001235962,-0.076980591,-0.08380127
5.67,0.013549805,0.009262085,0.047866821,-0.119216919,0.011472702,-0.026489258,0.043701172,-0.072174072,0.011749268,0.032905579,-0.057289124,-0.019777298,-0.123260498,-0.042236328,-0.024841309,0.012176514,-0.000121099,0.049316406,-0.026672363,0.014427185,-0.080688477,-0.109741211,-0.008415222,-0.15737915,-0.001353238,-0.000947793,-0.047607422,-0.000867199,-0.000442505,-0.034820557,0.007263184,-0.050376892,-0.024841309,-0.007629395,1.56127E-05,2.22307E-05,2.68593E-06,0.032619476,-0.076980591,-0.082458496
5.68,-0.002868652,-0.03818512,0.059875488,-0.162277222,-0.026863098,-0.041107178,0.051208496,-0.058815002,0.010551453,0.029279709,-0.046211243,-0.035733223,-0.149047852,-0.039855957,-0.077835083,-0.009307861,-0.000104086,-0.05960083,-0.030334473,-0.008712769,-0.102416992,-0.061401367,0.007492065,-0.186859131,-0.001356238,-0.000950797,-0.012130737,-0.000856687,0.008209229,-0.036026001,-0.014526367,-0.035736084,-0.02734375,0.042297363,-4.12501E-05,3.93074E-05,6.31474E-05,0.033870697,-0.074569702,-0.043426514
5.69,-0.010437012,-0.071037292,0.033187866,-0.118011475,-0.029258728,-0.065490723,0.023742676,-0.081893921,-0.031532288,0.042577744,-0.035133362,-0.025914192,-0.156433105,-0.052978516,-0.07421875,-0.034423828,1.12271E-05,-0.097503662,-0.068084717,-0.002624512,-0.066650391,-0.063964844,-0.047554016,-0.14263916,-0.001353988,-0.00096807,0.028427124,-0.000869451,-0.037521362,-0.036026001,-0.024230957,0.03137207,-0.079956055,0.0128479,-0.000122748,8.95187E-06,9.52668E-05,-0.033836365,-0.066101074,-0.052825928
5.7,-0.002868652,-0.04183197,0.04119873,-0.110610962,-0.011289597,-0.061828613,0.033752441,-0.086753845,-0.02671814,0.049829483,-0.070838928,-0.049233437,-0.125701904,-0.055419922,-0.046524048,-0.010559082,5.55534E-06,-0.02532959,-0.063232422,-0.011131287,-0.067993164,-0.092407227,-0.052452087,-0.148803711,-0.001353238,-0.000962062,-0.00831604,-0.000865697,-0.038772583,-0.024032593,-0.003662109,0.003311157,-0.076202393,-0.026824951,-7.53645E-05,2.60249E-05,6.50361E-05,0.012554169,-0.066101074,-0.089202881
5.71,-0.014221191,-0.023590088,0.061218262,-0.158569336,-0.0041008,0.005187988,0.053710938,-0.06124115,-0.01109314,0.055875778,-0.102836609,-0.038187027,-0.136779785,-0.054199219,-0.048919678,0.032501221,-3.60329E-05,-0.043670654,0.006195068,-0.020881653,-0.061584473,-0.094970703,-0.008415222,-0.174560547,-0.00136524,-0.00095305,-0.02986145,-0.000850681,-0.000442505,-0.027618408,0.007263184,-0.044281006,-0.014801025,-0.001251221,2.6986E-05,9.43244E-05,1.59107E-05,0.070232391,-0.040710449,-0.112121582
5.72,-0.010437012,-0.066169739,0.01852417,-0.124145508,-0.010091782,0.016204834,0.036193848,-0.060028076,-0.02431488,0.026861191,-0.080688477,-0.012413025,-0.142913818,-0.011047363,-0.051330566,0.019348145,-3.60329E-05,-0.065704346,0.014709473,-0.025741577,-0.04498291,-0.096069336,-0.02797699,-0.123016357,-0.001371991,-0.000967319,0.020828247,-0.000856687,-0.007858276,-0.031234741,0.027832031,-0.021087646,-0.018585205,0.007720947,3.83556E-05,0.000122782,-5.21094E-05,0.048915863,-0.03225708,-0.116119385
5.73,-0.039459229,-0.099006653,-0.020172119,-0.087249756,0.017459869,-0.010620117,0.011230469,-0.085540771,-0.031532288,0.00268364,-0.056060791,-0.057824135,-0.124481201,-0.023010254,-0.048919678,-0.017730713,-1.90195E-05,-0.024108887,-0.057128906,-0.024528503,-0.066650391,-0.053955078,-0.070808411,-0.098464966,-0.001353238,-0.000968821,0.032226563,-0.000857438,-0.027648926,-0.042022705,0.065429688,0.022834778,-0.074981689,-0.024291992,-1.09226E-05,3.93074E-05,-6.91153E-05,0.045154572,-0.061279297,-0.056884766
5.74,-0.074798584,-0.057647705,-0.009506226,-0.115539551,0.033033371,0.003997803,0.022460938,-0.073394775,-0.035140991,0.014772415,-0.037597656,-0.039414406,-0.101135254,-0.092529297,-0.086273193,0.010986328,3.66475E-06,0.006469727,-0.051025391,0.002250671,-0.090942383,-0.061401367,-0.054893494,-0.130386353,-0.001344236,-0.00095305,0.017028809,-0.000861943,-0.031341553,-0.042022705,0.056945801,-0.007667542,-0.082489014,-0.043487549,-4.12501E-05,-6.88341E-05,-4.87268E-06,0.01631546,-0.08303833,-0.016479492
5.75,-0.01675415,-0.002906799,0.0025177,-0.114303589,0.004283905,0.000335693,0.032470703,-0.053955078,-0.019508362,0.013565063,-0.041290283,0.034226418,-0.09375,-0.085327148,-0.113983154,0.042053223,-2.46903E-05,-0.003326416,9.15527E-05,0.026596069,-0.092224121,-0.136962891,-0.047554016,-0.130386353,-0.001347987,-0.000956805,-0.000717163,-0.000873956,-0.056060791,-0.064834595,0.003601074,-0.047935486,-0.062438965,-0.021728516,-5.07254E-05,-6.50398E-05,2.34693E-05,0.001270294,-0.092697144,-0.08380127
5.76,0.023651123,0.000747681,0.001174927,-0.088470459,0.00548172,-0.016723633,0.007507324,-0.067314148,0.014152527,0.000265121,-0.078224182,0.032999039,-0.131866455,-0.029052734,-0.056152344,0.016937256,-7.67689E-06,-0.033905029,-0.038879395,0.008338928,-0.102416992,-0.119628906,-0.094047546,-0.125457764,-0.001340486,-0.000964315,-0.045059204,-0.000865697,-0.068435669,-0.118850708,-0.016967773,-0.028411865,-0.087524414,-0.039642334,-3.55635E-05,-2.14037E-05,6.69248E-05,0.025093079,-0.05279541,-0.137664795
5.77,-0.002868652,-0.030883789,0.007843018,-0.072494507,0.012670517,-0.026489258,0.010009766,-0.067314148,0.005744934,-0.002151489,-0.075759888,-0.019777298,-0.149047852,-0.001525879,-0.042907715,-0.014129639,1.7751E-06,-0.052246094,-0.088775635,-0.034263611,-0.121582031,-0.078857422,-0.105049133,-0.131622314,-0.001338985,-0.000953801,-0.058990479,-0.000853684,-0.064727783,-0.054046631,-0.021850586,-0.01499176,-0.09753418,-0.061401367,-5.07254E-05,1.0848E-05,9.33781E-05,0.01506424,-0.00201416,-0.095947266
5.78,-0.009185791,-0.030883789,0.023849487,-0.08354187,-0.007696152,-0.039916992,0.029968262,-0.069747925,-0.02431488,-0.017868042,-0.043754578,-0.06273365,-0.131866455,-0.036254883,-0.086273193,-0.020080566,-0.000100305,-0.037567139,-0.052276611,-0.029396057,-0.106262207,-0.097412109,-0.07447052,-0.125457764,-0.001338235,-0.000954552,-0.043792725,-0.000852182,-0.054840088,0.034805298,-0.027832031,-0.028411865,-0.066192627,0.005187988,-0.000128435,6.39707E-05,1.21295E-05,-0.006252289,-0.047973633,-0.046112061
5.79,-0.000335693,-0.007774353,0.023849487,-0.126617432,0.000688553,-0.014282227,0.026245117,-0.096473694,-0.021911621,-0.026329041,-0.052368164,-0.039414406,-0.123260498,-0.090148926,-0.047714233,-0.002197266,-7.57305E-05,-0.019226074,0.011047363,-0.006271362,-0.080688477,-0.101074219,-0.05368042,-0.113189697,-0.001338235,-0.00096056,-0.034927368,-0.000848428,-0.032592773,-0.039627075,0.003601074,-0.02230835,-0.042388916,0.032043457,-0.000130329,6.58669E-05,-2.37711E-05,-0.012519836,-0.081817627,-0.027252197
5.8,0.021118164,-0.028450012,0.033187866,-0.140136719,0.027044296,0.006439209,0.018737793,-0.087974548,-0.007484436,-0.009405136,-0.032676697,-0.006277084,-0.101135254,-0.078125,-0.024841309,0.007385254,1.68979E-05,-0.062042236,0.015930176,-0.001396179,-0.076904297,-0.061401367,-0.035316467,-0.111953735,-0.001356989,-0.000950046,-0.03112793,-0.000852182,-0.038772583,-0.088851929,0.013305664,0.016731262,-0.017333984,-0.010192871,2.6986E-05,-1.57133E-05,-4.2662E-05,-0.013774872,-0.055221558,-0.038024902
5.81,0.031219482,-0.03818512,0.0572052,-0.114303589,0.054595947,0.000335693,0.016235352,-0.058815002,-0.013496399,-0.006986618,0.005485535,-0.01732254,-0.102355957,-0.044616699,-0.080245972,-0.029663086,-5.11557E-05,-0.08895874,-0.001098633,0.002250671,-0.071777344,-0.058959961,-0.041442871,-0.134063721,-0.001360739,-0.000950797,-0.039993286,-0.000862694,-0.063476563,-0.032424927,-0.002441406,0.016731262,-0.067443848,-0.016571045,0.000104692,-4.22727E-05,-8.42325E-05,-0.023807526,-0.092697144,-0.086517334
5.82,0.009765625,-0.012634277,0.037200928,-0.10446167,0.04621315,-0.005767822,0.018737793,-0.077033997,-0.03754425,0.011146545,-0.059753418,-0.024686813,-0.153961182,-0.01348877,-0.12121582,-0.046386719,-5.30463E-05,-0.049804688,-0.018157959,-0.028182983,-0.089660645,-0.118408203,-0.062232971,-0.121780396,-0.001344986,-0.00096807,-0.039993286,-0.000859691,-0.069671631,-0.04083252,0.014526367,-0.047935486,-0.136383057,-0.002532959,-1.85054E-05,-2.70959E-05,1.59107E-05,-0.002490997,-0.119308472,-0.106689453
5.83,-0.012969971,-0.015068054,0.009185791,-0.097091675,0.00548172,-0.043548584,0.011230469,-0.085540771,-0.047164917,0.009937286,-0.104072571,-0.029596329,-0.180999756,0.012878418,-0.110366821,0.004974365,5.47059E-05,-0.058380127,-0.049804688,-0.047653198,-0.094787598,-0.098632813,-0.067131042,-0.099700928,-0.001343486,-0.000963564,-0.017181396,-0.000855186,-0.046188354,-0.073242188,0.008483887,-0.100402832,-0.092498779,0.010284424,-1.66092E-05,-7.64225E-05,6.69248E-05,0.031360626,-0.080612183,-0.074401855
5.84,-0.02557373,-0.027236938,0.022521973,-0.077423096,-0.00170517,-0.044769287,0.003723145,-0.052742004,-0.029129028,-0.033582687,-0.056060791,-0.02836895,-0.160125732,-0.030212402,-0.092300415,0.043212891,6.79381E-05,-0.077941895,-0.036407471,-0.039131165,-0.069213867,-0.044189453,-0.042663574,-0.132827759,-0.001356238,-0.000957556,0.008163452,-0.000855936,-0.03012085,-0.034820557,-0.02545166,-0.071113586,-0.036132813,0.024383545,0.000112275,-3.46843E-05,4.57093E-06,1.90735E-05,-0.079406738,-0.073059082
5.85,-0.02432251,-0.028450012,0.029190063,-0.098312378,0.01027298,-0.014282227,0.016235352,-0.058815002,-0.009887695,-0.014240265,-0.062225342,-0.032051086,-0.134307861,-0.075805664,-0.091094971,0.01574707,6.03767E-05,-0.047363281,-0.020599365,-0.01966095,-0.070495605,-0.070068359,0.003814697,-0.138961792,-0.001362239,-0.000965817,0.006881714,-0.000859691,-0.032592773,-0.024032593,-0.008483887,-0.021087646,-0.037384033,0.010284424,5.35175E-05,5.82784E-05,4.99189E-05,-0.013774872,-0.092697144,-0.095947266
5.86,-0.026855469,-0.004119873,0.025192261,-0.138900757,0.016262054,-0.020385742,0.051208496,-0.066101074,0.000930786,0.026861191,-0.086837769,-0.057824135,-0.103607178,-0.05657959,-0.091094971,-0.006958008,8.11704E-05,-0.043670654,-0.036407471,0.03024292,-0.062866211,-0.091186523,-0.002296448,-0.118118286,-0.001358489,-0.000964315,-0.022262573,-0.00085894,-0.018981934,-0.060043335,0.004882813,-0.025978088,-0.028625488,0.017944336,-8.10511E-05,4.49978E-05,3.29167E-05,0.01506424,-0.087875366,-0.052825928
5.87,-0.047058105,0.009262085,0.042526245,-0.165969849,0.025846481,0.000335693,0.058776855,-0.033309937,0.003334045,0.015981674,-0.069610596,-0.052914619,-0.103607178,-0.060180664,-0.1043396,0.004974365,4.71435E-05,-0.062042236,-0.016937256,0.03754425,-0.069213867,-0.103515625,-0.067131042,-0.10458374,-0.001346487,-0.00096056,-0.010848999,-0.000852182,-0.023925781,-0.048034668,-0.02545166,-0.032073975,-0.012329102,0.051239014,-0.00015497,1.27461E-05,-1.81012E-05,-0.006252289,-0.103591919,-0.028625488
5.88,-0.031890869,-0.022369385,0.039855957,-0.167205811,0.041419983,0.019836426,0.003723145,-0.043029785,-0.007484436,0.00268364,-0.068367004,-0.016095161,-0.149047852,-0.081726074,-0.107955933,0.013397217,2.44593E-05,-0.082824707,-0.010864258,-0.000183105,-0.119018555,-0.112182617,-0.080596924,-0.070220947,-0.001350987,-0.000958307,0.003082275,-0.000857438,-0.041244507,-0.039627075,-0.016967773,-0.019874573,-0.043640137,0.010284424,-0.000168236,-4.7965E-05,2.34693E-05,-0.031326294,-0.090286255,-0.064971924
5.89,-0.02432251,-0.047920227,0.011856079,-0.147521973,0.051002502,-0.035003662,-0.016296387,-0.066101074,-0.019508362,0.000265121,-0.075759888,-0.043096542,-0.153961182,-0.051818848,-0.093505859,0.009796143,3.58019E-05,-0.108520508,-0.049804688,0.001029968,-0.110107422,-0.077514648,-0.032875061,-0.071456909,-0.001359239,-0.00095305,-0.047607422,-0.000867199,-0.036300659,-0.088851929,-0.008483887,-0.02230835,-0.063690186,-0.030670166,-5.26197E-05,-8.78051E-05,2.68593E-06,-0.028820038,-0.060058594,-0.064971924
5.9,-0.068511963,-0.072250366,0.009185791,-0.170883179,0.00787735,-0.076477051,0.037475586,-0.070960999,-0.041145325,-0.021493912,-0.069610596,-0.068870544,-0.099914551,-0.052978516,-0.098312378,0.010986328,1.31167E-05,-0.084075928,-0.077819824,-0.014793396,-0.104980469,-0.115966797,-0.019424438,-0.10458374,-0.001353238,-0.000953801,-0.041259766,-0.000864196,-0.057312012,-0.114059448,-0.014526367,-0.035736084,-0.047393799,3.05176E-05,-8.86321E-05,-4.60688E-05,2.53581E-05,-0.00750351,-0.075775146,-0.090545654
5.91,-0.059692383,-0.069816589,0.029190063,-0.158569336,-0.036445618,-0.024047852,0.053710938,-0.083114624,-0.044754028,-0.004570007,-0.06098175,-0.003822327,-0.090057373,-0.061401367,-0.094696045,0.009796143,1.12271E-05,-0.062042236,-0.071746826,-0.059822083,-0.138183594,-0.145629883,-0.052452087,-0.116882324,-0.001355488,-0.000962813,-0.012130737,-0.000859691,-0.048660278,-0.082839966,0.01574707,-0.03817749,-0.088745117,0.010284424,-0.00023647,-3.84785E-05,4.80302E-05,0.012554169,-0.079406738,-0.110748291
5.92,-0.026855469,-0.026016235,0.01852417,-0.092178345,-0.010091782,0.027160645,0.02746582,-0.062461853,-0.012290955,0.047412872,-0.056060791,0.013360977,-0.125701904,-0.002685547,-0.070602417,-0.029663086,1.87885E-05,-0.076721191,-0.044952393,-0.01966095,-0.117736816,-0.057739258,-0.056121826,-0.108276367,-0.001349487,-0.000967319,-0.064071655,-0.000865697,-0.007858276,-0.057632446,0.016967773,-0.01865387,-0.111297607,-0.011474609,-0.000120852,-7.64225E-05,7.93487E-07,-0.005001068,-0.079406738,-0.046112061
5.93,-0.039459229,-0.030883789,-0.040176392,-0.110610962,0.028244019,0.001525879,0.032470703,-0.057601929,-0.03754425,0.02807045,-0.054832458,-0.044323921,-0.115875244,-0.002685547,-0.073013306,-0.048797607,2.82396E-05,-0.077941895,-0.030334473,0.050933838,-0.092224121,-0.045410156,-0.032875061,-0.080062866,-0.001338235,-0.000958307,-0.061538696,-0.000870953,-0.011581421,-0.063644409,-0.001220703,-0.016212463,-0.052429199,-0.020446777,9.92604E-06,-1.76094E-05,7.44835E-05,-0.037597656,-0.113265991,-0.015136719
5.94,-0.001586914,-0.063735962,-0.033508301,-0.148727417,0.023450851,-0.031341553,0.036193848,-0.106185913,-0.084434509,-0.005777359,-0.08807373,-0.057824135,-0.109741211,-0.066162109,-0.109161377,-0.009307861,4.71435E-05,-0.090179443,-0.058349609,0.029022217,-0.080688477,-0.141845703,-0.035316467,-0.091094971,-0.001352488,-0.000953801,-0.014648438,-0.000858189,-0.014053345,-0.068450928,-0.004821777,-0.024757385,-0.054931641,-0.029388428,-4.50406E-05,2.79229E-05,8.39308E-05,-0.065181732,-0.092697144,-0.038024902
5.95,0.024902344,-0.056434631,0.059875488,-0.142608643,-0.007696152,-0.039916992,0.032470703,-0.124412537,-0.049568176,-0.004570007,-0.11391449,-0.044323921,-0.128173828,-0.055419922,-0.116378784,0.01574707,-6.62785E-05,-0.076721191,-0.06930542,-0.034263611,-0.070495605,-0.154296875,-0.038993835,-0.107055664,-0.001353238,-0.00096056,-0.024795532,-0.000843172,-0.031341553,-0.046829224,-0.01574707,-0.013771057,-0.091278076,-0.039642334,-8.86321E-05,-2.51997E-05,1.59107E-05,-0.062675476,-0.069732666,-0.050170898
5.96,-0.034423828,-0.027236938,0.063873291,-0.141372681,-0.029258728,-0.043548584,0.04119873,-0.080680847,-0.051971436,-0.006986618,-0.081916809,-0.038187027,-0.117095947,-0.007446289,-0.089889526,0.016937256,-0.000174031,-0.040008545,-0.007202148,-0.048866272,-0.065429688,-0.102294922,-0.047554016,-0.084960938,-0.001344986,-0.000961311,-0.033660889,-0.000846176,-0.056060791,-0.048034668,-0.014526367,-0.021087646,-0.038635254,-0.028106689,-0.000109481,3.25963E-06,1.40183E-05,-0.048881531,-0.10118103,-0.066314697
5.97,-0.023071289,-0.033317566,-0.013504028,-0.136444092,-0.026863098,-0.053314209,0.017456055,-0.063674927,-0.100067139,-0.009405136,-0.067146301,-0.034505844,-0.120819092,-0.001525879,-0.091094971,0.012176514,-8.70731E-05,-0.05960083,-0.003570557,-0.040351868,-0.062866211,-0.129638672,-0.067131042,-0.100906372,-0.001361489,-0.000965066,-0.02986145,-0.000852933,-0.031341553,-0.067230225,-0.003662109,-0.049156189,0.000213623,-0.005065918,-0.000149284,1.36159E-06,-1.09524E-06,-0.04763031,-0.086654663,-0.108062744
5.98,0.009765625,-0.075897217,-0.040176392,-0.162277222,0.004283905,-0.032592773,-0.006286621,-0.085540771,-0.035140991,-0.0275383,-0.072059631,-0.065188408,-0.123260498,-0.009887695,-0.106750488,-0.002197266,-3.22517E-05,-0.09262085,-0.075378418,-0.045211792,-0.101135254,-0.154296875,-0.064682007,-0.131622314,-0.001369741,-0.000971074,-0.03112793,-0.000858189,-0.037521362,-0.042022705,0.021789551,-0.057701111,-0.037384033,0.005187988,-0.000118956,-8.59089E-05,4.42527E-05,-0.020046234,-0.075775146,-0.124206543
5.99,-0.01675415,-0.080764771,-0.036178589,-0.174560547,0.041419983,0.016204834,0.007507324,-0.063674927,0.01776123,-0.011823654,-0.069610596,-0.093417168,-0.118347168,-0.030212402,-0.106750488,-0.004547119,-0.000105976,-0.095092773,-0.060760498,-0.03061676,-0.133056641,-0.058959961,-0.065910339,-0.126693726,-0.001358489,-0.000956054,-0.02986145,-0.000869451,-0.063476563,-0.033630371,0.016967773,-0.049156189,-0.076202393,0.02053833,-4.50406E-05,-4.60688E-05,0.000100937,-0.018791199,-0.12171936,-0.089202881
6,-0.009185791,-0.068603516,-0.000167847,-0.13520813,0.037824631,0.024719238,0.004943848,-0.041809082,-0.044754028,0.042577744,-0.090530396,-0.065188408,-0.125701904,-0.041015625,-0.106750488,-0.006958008,-5.87171E-05,-0.091400146,-0.016937256,-0.011131287,-0.117736816,-0.010742188,-0.069580078,-0.110748291,-0.001358489,-0.000941784,-0.026062012,-0.000864946,-0.052368164,-0.068450928,-0.02545166,-0.050376892,-0.086242676,0.001342773,-7.72588E-05,-2.70959E-05,6.12587E-05,-0.031326294,-0.126571655,-0.079772949
6.01,-0.015472412,-0.074684143,0.03453064,-0.162277222,-0.005298615,-0.019195557,-0.015075684,-0.055168152,-0.074813843,0.032905579,-0.101608276,-0.043096542,-0.120819092,-0.033813477,-0.095916748,-0.02130127,0.000101965,-0.097503662,-0.02545166,0.003463745,-0.108825684,-0.09362793,-0.061019897,-0.105819702,-0.00136374,-0.000948544,-0.010848999,-0.000852933,-0.056060791,-0.067230225,-0.006103516,-0.046714783,-0.067443848,-0.017852783,-8.67378E-05,-8.78051E-05,6.12587E-05,-0.00750351,-0.095123291,-0.099975586
6.02,-0.033172607,-0.092926025,0.013183594,-0.190567017,-0.023269653,-0.0496521,-0.001281738,-0.04788208,-0.067604065,0.00268364,-0.102836609,-0.055369377,-0.141693115,-0.057800293,-0.086273193,-0.023681641,8.87318E-05,-0.095092773,-0.013305664,0.018074036,-0.102416992,-0.127075195,-0.036552429,-0.125457764,-0.001357739,-0.00095305,-0.018463135,-0.00085894,-0.058532715,-0.054046631,0.020629883,-0.033294678,-0.047393799,-0.030670166,6.13369E-06,-5.55534E-05,8.96007E-05,-0.008758545,-0.090286255,-0.133636475
6.03,-0.023071289,-0.086845398,0.035858154,-0.141372681,0.012670517,-0.026489258,0.039978027,-0.032089233,-0.085639954,0.008728027,-0.11391449,-0.056596756,-0.151519775,-0.073364258,-0.100723267,-0.017730713,-3.60329E-05,-0.053466797,-0.009643555,0.018074036,-0.094787598,-0.101074219,-0.00352478,-0.137741089,-0.001350987,-0.000950046,-0.033660889,-0.000863445,-0.038772583,-0.069641113,-0.027832031,-0.039390564,-0.076202393,-0.0831604,3.64613E-05,-8.123E-06,5.55888E-05,-0.017536163,-0.080612183,-0.167297363
6.04,-0.041992188,-0.035751343,0.04119873,-0.13520813,0.030639648,-0.022827148,0.007507324,-0.039382935,-0.067604065,0.025651932,-0.078224182,-0.052914619,-0.119567871,-0.061401367,-0.099533081,0.006225586,-3.22517E-05,-0.043670654,-0.035217285,0.013198853,-0.115234375,-0.125732422,-0.038993835,-0.143875122,-0.001355488,-0.00095305,-0.027313232,-0.000859691,-0.043716431,-0.063644409,-0.066589355,-0.04549408,-0.111297607,-0.051147461,6.13369E-06,1.0848E-05,3.10279E-05,-0.002490997,-0.085464478,-0.116119385
6.05,-0.052093506,-0.036972046,-0.009506226,-0.148727417,0.01506424,-0.046020508,-0.016296387,-0.063674927,-0.036346436,0.023235321,-0.056060791,-0.043096542,-0.119567871,-0.039855957,-0.094696045,0.028930664,3.20207E-05,-0.087738037,-0.038879395,-0.009918213,-0.129272461,-0.128295898,-0.091598511,-0.165985107,-0.001356989,-0.000953801,-0.027313232,-0.000862694,-0.078323364,-0.045639038,-0.016967773,-0.039390564,-0.100036621,0.017944336,9.92604E-06,1.46423E-05,1.77994E-05,-0.002490997,-0.104797363,-0.090545654
6.06,-0.041992188,-0.07711792,-0.006835938,-0.143814087,0.000688553,-0.013092041,0.03125,-0.073394775,-0.049568176,-0.021493912,-0.117607117,-0.046778679,-0.122009277,-0.032653809,-0.113983154,-0.005737305,8.68421E-05,-0.08895874,-0.043731689,-0.002624512,-0.113891602,-0.072631836,-0.079360962,-0.18069458,-0.001354738,-0.000951548,-0.010848999,-0.000864196,-0.072143555,-0.055236816,0.031494141,-0.047935486,-0.092498779,-0.021728516,4.23938E-06,-2.70959E-05,-4.87268E-06,0.007541656,-0.084243774,-0.133636475
6.07,-0.044525146,-0.07346344,0.01852417,-0.167205811,0.016262054,-0.021636963,0.006225586,-0.04788208,-0.060386658,-0.025121689,-0.131156921,-0.056596756,-0.106048584,-0.061401367,-0.091094971,-0.042785645,0.000124649,-0.055908203,-0.055908203,0.007110596,-0.099853516,-0.077514648,-0.073249817,-0.165985107,-0.001360739,-0.000956054,-0.018463135,-0.000859691,-0.027648926,-0.090042114,-0.003662109,-0.060134888,-0.092498779,-0.070343018,1.94032E-05,5.25862E-05,-3.32147E-05,0.018825531,-0.06489563,-0.098632813
6.08,-0.026855469,-0.054000854,0.035858154,-0.163497925,0.053398132,-0.105712891,-0.010070801,-0.027229309,-0.03994751,0.00268364,-0.068367004,-0.038187027,-0.142913818,-0.067382813,-0.057357788,-0.018890381,8.11704E-05,-0.077941895,-0.038879395,-0.048866272,-0.106262207,-0.138183594,-0.057342529,-0.136505127,-0.001368991,-0.000963564,-0.05519104,-0.000858189,-0.043716431,-0.100860596,0.002441406,-0.049156189,-0.063690186,-0.044769287,8.76356E-05,9.81186E-05,-4.87268E-06,-0.012519836,-0.081817627,-0.075714111
6.09,-0.034423828,-0.071037292,0.026519775,-0.132766724,0.036626816,-0.060638428,0.065002441,-0.049095154,-0.020713806,-0.028747559,-0.047447205,-0.034505844,-0.174865723,-0.037414551,-0.099533081,-0.008148193,6.41569E-05,-0.129333496,-0.027923584,-0.058609009,-0.110107422,-0.162963867,-0.032875061,-0.134063721,-0.00136824,-0.000964315,-0.050125122,-0.000849179,-0.070907593,-0.094848633,0.059387207,-0.024757385,-0.061187744,-0.023010254,-3.34159E-06,-9.34973E-05,7.82609E-05,-0.045120239,-0.093917847,-0.104034424
6.1,-0.069763184,-0.090492249,0.022521973,-0.132766724,-0.007696152,0.022247314,0.07623291,-0.080680847,-0.02671814,-0.033582687,-0.067146301,-0.066415787,-0.144165039,-0.019470215,-0.129638672,-0.020080566,7.54995E-05,-0.101165771,-0.053466797,0.010772705,-0.087097168,-0.119628906,-0.072021484,-0.152481079,-0.001350987,-0.000967319,-0.05645752,-0.000844674,-0.049880981,-0.097244263,0.046020508,-0.028411865,-0.110046387,-0.040924072,-0.000118956,-0.00014662,2.34693E-05,-0.027565002,-0.074569702,-0.087860107
6.11,-0.058410645,-0.049133301,0.04119873,-0.146286011,-0.010091782,-0.037445068,-0.016296387,-0.111045837,-0.03994751,0.012353897,-0.090530396,-0.078689575,-0.120819092,-0.057800293,-0.110366821,-0.000976563,4.90341E-05,-0.058380127,-0.089996338,0.03754425,-0.089660645,-0.061401367,-0.092826843,-0.146331787,-0.001338985,-0.000967319,-0.062789917,-0.000853684,-0.065948486,-0.056442261,0.010925293,-0.035736084,-0.126342773,-0.040924072,-5.64121E-05,-2.33017E-05,-6.76513E-06,0.018825531,-0.06489563,-0.101318359
6.12,-0.034423828,-0.036972046,0.014511108,-0.159805298,-0.005298615,-0.074035645,-0.062561035,-0.119552612,-0.035140991,-0.006986618,-0.106529236,-0.075007439,-0.119567871,-0.086547852,-0.113983154,0.010986328,9.06223E-05,-0.102416992,-0.086334229,0.004684448,-0.096069336,-0.067626953,-0.058570862,-0.129150391,-0.001358489,-0.000959809,-0.019729614,-0.000856687,-0.089447021,-0.048034668,-0.00970459,-0.019874573,-0.081237793,-0.034515381,-9.24245E-05,3.17171E-05,0.00011605,0.031360626,-0.069732666,-0.117492676
6.13,-0.047058105,-0.064949036,0.005172729,-0.16104126,-0.00170517,-0.042358398,-0.010070801,-0.104972839,-0.051971436,-0.057760239,-0.120079041,-0.079916954,-0.118347168,-0.042236328,-0.107955933,0.001403809,8.68421E-05,-0.102416992,-0.043731689,-0.012359619,-0.079467773,-0.102294922,-0.05368042,-0.137741089,-0.001368991,-0.00096056,-0.020980835,-0.000853684,-0.062255859,-0.103256226,-0.023010254,-0.035736084,-0.067443848,-0.075469971,-0.000141701,7.15572E-05,0.000112273,-0.012519836,-0.060058594,-0.062255859
6.14,-0.052093506,-0.071037292,0.037200928,-0.132766724,0.027044296,-0.052124023,0.032470703,-0.130485535,-0.080833435,-0.032375336,-0.09299469,-0.056596756,-0.125701904,-0.038635254,-0.085067749,-0.017730713,-5.78631E-06,-0.091400146,-0.042541504,-0.006271362,-0.10369873,-0.124633789,-0.080596924,-0.135299683,-0.001354738,-0.000953801,-0.05519104,-0.000848428,-0.047409058,-0.094848633,0.00604248,-0.04549408,-0.081237793,-0.090820313,-9.24245E-05,5.82784E-05,-1.62125E-05,-0.037597656,-0.075775146,-0.069000244
6.15,-0.02557373,-0.064949036,0.023849487,-0.124145508,0.019855499,-0.039916992,0.03125,-0.147491455,-0.072410583,0.018400192,-0.035133362,-0.021004677,-0.160125732,-0.087768555,-0.116378784,-0.032012939,-1.90195E-05,-0.12322998,-0.063232422,-0.012359619,-0.111328125,-0.118408203,-0.08303833,-0.130386353,-0.001349487,-0.000944037,-0.047607422,-0.000842422,-0.061004639,-0.049224854,0.032653809,0.00453186,-0.071228027,-0.024291992,-0.000134122,-1.0021E-05,-8.99024E-05,-0.016281128,-0.090286255,-0.126922607
6.16,-0.005401611,-0.054000854,-0.001495361,-0.136444092,-0.012487411,-0.006988525,-0.007568359,-0.09161377,-0.068809509,0.034114838,-0.04990387,-0.019777298,-0.18838501,-0.078125,-0.152526855,-0.028442383,9.33651E-06,-0.073028564,-0.062011719,0.001029968,-0.107543945,-0.118408203,-0.067131042,-0.146331787,-0.001353988,-0.000951548,-0.03112793,-0.000842422,-0.059783936,-0.066040039,-0.018127441,0.017951965,-0.063690186,0.00390625,-0.000141701,1.27461E-05,-1.24313E-05,-0.003742218,-0.075775146,-0.121520996
6.17,-0.00793457,-0.064949036,0.015853882,-0.108139038,0.00548172,-0.032592773,-0.036315918,-0.077033997,-0.056777954,0.018400192,-0.089302063,-0.00750351,-0.17364502,-0.044616699,-0.127227783,-0.058319092,7.73901E-05,-0.058380127,-0.06930542,0.016860962,-0.142028809,-0.151855469,-0.070808411,-0.152481079,-0.001361489,-0.000963564,-0.024795532,-0.000855936,-0.041244507,-0.1068573,-0.069030762,-0.029632568,-0.07244873,-0.033233643,-7.53645E-05,0.000103811,0.00012172,-0.026313782,-0.085464478,-0.116119385
6.18,-0.02557373,-0.083190918,0.025192261,-0.122924805,-0.007696152,-0.058166504,0.017456055,-0.106185913,-0.021911621,-0.019075394,-0.08807373,-0.030823708,-0.153961182,-0.04699707,-0.115188599,-0.064331055,0.000103855,-0.12322998,-0.065643311,0.005897522,-0.117736816,-0.14440918,-0.070808411,-0.168426514,-0.00136374,-0.000973327,-0.057739258,-0.000862694,-0.056060791,-0.096054077,-0.037536621,-0.049156189,-0.105041504,-0.031951904,-1.09226E-05,7.72495E-05,6.12587E-05,-0.031326294,-0.11567688,-0.128234863
6.19,-0.052093506,-0.100227356,0.003845215,-0.179489136,-0.049621582,-0.061828613,0.034973145,-0.075820923,-0.018310547,-0.006986618,-0.112686157,-0.086053848,-0.165039063,-0.066162109,-0.148910522,-0.020080566,2.44593E-05,-0.11831665,-0.08026123,-0.008712769,-0.067993164,-0.119628906,-0.046333313,-0.169662476,-0.001353238,-0.000964315,-0.060272217,-0.000853684,-0.078323364,-0.081634521,-0.023010254,-0.029632568,-0.121337891,-0.017852783,3.45651E-05,-1.19172E-05,-4.64432E-05,0.01631546,-0.132614136,-0.108062744
6.2,-0.039459229,-0.090492249,0.014511108,-0.170883179,-0.031656265,-0.08380127,0.010009766,-0.09161377,-0.032737732,0.023235321,-0.11391449,-0.061506271,-0.172424316,-0.079345703,-0.152526855,-0.020080566,1.12271E-05,-0.091400146,-0.082702637,-0.017219543,-0.096069336,-0.125732422,-0.034103394,-0.137741089,-0.001351738,-0.000943286,0.000549316,-0.000852182,-0.015274048,-0.112854004,-0.04486084,-0.023536682,-0.100036621,-0.020446777,4.23938E-06,-1.19172E-05,1.02408E-05,0.025093079,-0.130187988,-0.095947266
6.21,-0.001586914,-0.04548645,0.023849487,-0.163497925,-0.011289597,-0.066741943,0.03125,-0.149917603,-0.056777954,-0.006986618,-0.084381104,-0.0455513,-0.167510986,-0.057800293,-0.118804932,-0.038024902,1.68979E-05,-0.069366455,-0.041290283,-0.03061676,-0.134338379,-0.133300781,-0.061019897,-0.134063721,-0.001356238,-0.00093878,-0.038726807,-0.000855936,0.006958008,-0.112854004,-0.024230957,-0.025978088,-0.103790283,-0.005065918,-4.12501E-05,2.98191E-05,4.42527E-05,-0.018791199,-0.131408691,-0.125579834
6.22,-0.023071289,-0.051567078,-0.009506226,-0.157363892,-0.016082764,-0.015533447,0.012512207,-0.140205383,-0.070007324,-0.026329041,-0.091758728,-0.060278893,-0.182250977,-0.065002441,-0.113983154,-0.041595459,-2.46903E-05,-0.049804688,-0.037658691,-0.028182983,-0.107543945,-0.1171875,-0.092826843,-0.131622314,-0.001355488,-0.000953801,-0.097015381,-0.000861943,-0.056060791,-0.093658447,-0.013305664,-0.016212463,-0.117584229,-0.005065918,-7.34683E-05,2.22307E-05,8.3521E-06,-0.025058746,-0.104797363,-0.132293701
6.23,-0.052093506,-0.083190918,0.022521973,-0.121688843,-0.014884949,0.01373291,0.001220703,-0.143852234,-0.061592102,-0.020284653,-0.079452515,-0.011185646,-0.196990967,-0.091369629,-0.128433228,-0.038024902,-1.15484E-07,-0.075500488,-0.047393799,-0.003837585,-0.099853516,-0.092407227,-0.085487366,-0.125457764,-0.001362239,-0.000963564,-0.047607422,-0.000869451,-0.044937134,-0.103256226,-0.01574707,-0.030853271,-0.092498779,-0.019165039,-8.86321E-05,-2.70959E-05,8.3521E-06,-0.025058746,-0.057632446,-0.094604492
6.24,-0.021820068,-0.083190918,0.082550049,-0.131530762,-0.010091782,0.01739502,0.023742676,-0.143852234,-0.067604065,-0.028747559,-0.057289124,0.003541946,-0.177307129,-0.05657959,-0.140487671,-0.022491455,4.90341E-05,-0.069366455,-0.066864014,0.002250671,-0.139465332,-0.110961914,-0.067131042,-0.151245117,-0.001357739,-0.000955303,-0.02986145,-0.000863445,-0.028869629,-0.090042114,0.00970459,-0.066238403,-0.092498779,-0.010192871,-0.000109481,-3.84785E-05,2.72468E-05,-0.021297455,-0.090286255,-0.102661133
6.25,-0.011688232,-0.10144043,0.042526245,-0.159805298,0.003084183,-0.024047852,0.002441406,-0.094047546,-0.059188843,-0.010614395,-0.079452515,-0.046778679,-0.162567139,-0.050598145,-0.160964966,-0.045196533,1.87885E-05,-0.051025391,-0.09854126,-0.014793396,-0.134338379,-0.156738281,-0.058570862,-0.136505127,-0.001342736,-0.000952299,-0.037460327,-0.000859691,-0.07585144,-0.060043335,-0.001220703,-0.056480408,-0.12008667,0.002624512,-0.00010569,-2.51997E-05,1.40183E-05,0.010047913,-0.118103027,-0.152496338
6.26,-0.038208008,-0.090492249,0.007843018,-0.158569336,0.011472702,-0.071594238,0.007507324,-0.097686768,-0.050773621,-0.002151489,-0.08807373,-0.066415787,-0.1847229,-0.082946777,-0.157348633,-0.041595459,-1.14581E-05,-0.091400146,-0.079040527,-0.03061676,-0.119018555,-0.165405273,-0.052452087,-0.127929688,-0.001347987,-0.000968821,-0.010848999,-0.000861943,-0.07460022,-0.049224854,-0.007263184,-0.013771057,-0.082489014,-0.015289307,1.18203E-05,-4.41708E-05,-3.51034E-05,-0.002490997,-0.093917847,-0.145751953
6.27,-0.054626465,-0.022369385,0.033187866,-0.142608643,-0.010091782,-0.077697754,0.019958496,-0.134132385,-0.074813843,-0.048088074,-0.063446045,-0.052914619,-0.180999756,-0.087768555,-0.14289856,-0.009307861,3.01311E-05,-0.122009277,-0.0546875,-0.046440125,-0.133056641,-0.135742188,-0.075698853,-0.188064575,-0.001354738,-0.000983842,-0.012130737,-0.000855186,-0.044937134,-0.046829224,0.004882813,-0.017433167,-0.043640137,-0.031951904,0.000106588,1.0848E-05,-1.09524E-06,-0.033836365,-0.11567688,-0.099975586
6.28,-0.055877686,-0.030883789,0.038528442,-0.146286011,-0.016082764,-0.060638428,-0.013793945,-0.119552612,-0.079627991,-0.066223145,-0.075759888,-0.059051514,-0.155212402,-0.086547852,-0.152526855,-0.026092529,1.87885E-05,-0.107299805,-0.062011719,-0.050086975,-0.112670898,-0.124633789,-0.080596924,-0.174560547,-0.001344236,-0.000974829,-0.013381958,-0.000847677,-0.038772583,-0.066040039,-0.04486084,-0.032073975,-0.088745117,-0.007629395,2.6986E-05,0.000105707,-1.09524E-06,-0.011268616,-0.154373169,-0.093231201
6.29,-0.054626465,-0.107528687,0.019851685,-0.183197021,0.004283905,-0.039916992,-0.008789063,-0.09526062,-0.068809509,-0.035999298,-0.10899353,-0.076234818,-0.187164307,-0.07220459,-0.132049561,-0.027252197,-3.60329E-05,-0.106079102,-0.049804688,-0.029396057,-0.096069336,-0.134521484,-0.062232971,-0.116882324,-0.001343486,-0.000959809,-0.019729614,-0.000850681,-0.0103302,-0.090042114,-0.048461914,-0.007667542,-0.125091553,-0.017852783,-4.88292E-05,9.62205E-05,-6.34454E-05,-0.013774872,-0.153167725,-0.10534668
6.3,-0.068511963,-0.095359802,-0.021499634,-0.18687439,-0.019674301,-0.067932129,0.019958496,-0.09526062,-0.056777954,-0.067432404,-0.110221863,-0.079916954,-0.200683594,-0.057800293,-0.092300415,-0.003356934,4.33633E-05,-0.115875244,-0.051025391,-0.002624512,-0.150939941,-0.132080078,-0.076919556,-0.151245117,-0.001350987,-0.000962813,-0.070404053,-0.000854435,-0.009109497,-0.082839966,0.00970459,-0.04183197,-0.107543945,-0.02557373,2.6986E-05,9.81186E-05,2.91355E-05,-0.053897858,-0.118103027,-0.106689453
6.31,-0.045806885,-0.035751343,-0.033508301,-0.16104126,-0.041238785,-0.100860596,0.019958496,-0.10861969,-0.047164917,-0.095235825,-0.118850708,-0.086053848,-0.185913086,-0.041015625,-0.138076782,-0.024841309,0.000154895,-0.122009277,-0.081481934,-0.003837585,-0.182861328,-0.143188477,-0.091598511,-0.18069458,-0.001348737,-0.000963564,-0.072937012,-0.000853684,-0.048660278,-0.092453003,-0.00970459,-0.071113586,-0.106292725,0.028198242,-5.2359E-06,8.10437E-05,4.23603E-05,-0.038852692,-0.095123291,-0.089202881
6.32,-0.005401611,-0.074684143,0.007843018,-0.153656006,0.003084183,-0.046020508,0.039978027,-0.112266541,-0.06640625,-0.050506592,-0.137313843,-0.093417168,-0.225250244,-0.027893066,-0.189880371,-0.040435791,4.71435E-05,-0.119537354,-0.074157715,-0.03061676,-0.136901855,-0.170410156,-0.108726501,-0.162307739,-0.001350987,-0.000950797,-0.022262573,-0.000851432,-0.048660278,-0.115264893,-0.02545166,-0.032073975,-0.122558594,0.014129639,-0.000175819,3.25963E-06,-5.40018E-05,-0.030075073,-0.098754883,-0.075714111
6.33,-0.049560547,-0.144020081,0.0025177,-0.167205811,0.037824631,-0.020385742,0.037475586,-0.120765686,-0.085639954,-0.033582687,-0.112686157,-0.078689575,-0.21786499,-0.041015625,-0.171813965,-0.024841309,-0.000121099,-0.122009277,-0.055908203,-0.031829834,-0.116455078,-0.175292969,-0.119728088,-0.170883179,-0.001354738,-0.000944789,-0.017181396,-0.00084993,-0.04246521,-0.116455078,-0.006103516,-0.052810669,-0.108795166,-0.044769287,-0.000156865,4.8792E-05,4.80302E-05,-0.061420441,-0.108428955,-0.112121582
6.34,-0.08114624,-0.10874176,-0.029510498,-0.167205811,-0.013687134,-0.059417725,0.004943848,-0.141418457,-0.080833435,-0.016658783,-0.095451355,-0.050460815,-0.179779053,-0.062561035,-0.16217041,-0.032012939,-3.41423E-05,-0.141571045,-0.077819824,-0.008712769,-0.134338379,-0.153076172,-0.086708069,-0.18069458,-0.001348737,-0.000950046,-0.026062012,-0.000852182,-0.058532715,-0.139266968,0,-0.090637207,-0.091278076,-0.049865723,2.31937E-05,9.43244E-05,5.55888E-05,-0.04763031,-0.125366211,-0.133636475
6.35,-0.019287109,-0.061302185,0.009185791,-0.133972168,-0.046030045,-0.042358398,-0.00378418,-0.117126465,-0.086837769,0.012353897,-0.136077881,-0.077462196,-0.189605713,-0.070983887,-0.133255005,-0.042785645,0.000141663,-0.125671387,-0.096069336,0.004684448,-0.12286377,-0.161743164,-0.078147888,-0.186859131,-0.001347987,-0.000957556,-0.036193848,-0.000854435,-0.044937134,-0.158477783,0.036376953,-0.083320618,-0.127593994,-0.021728516,0.00012554,3.74094E-05,-0.000120133,-0.023807526,-0.099960327,-0.118835449
6.36,-0.011688232,-0.07346344,0.074554443,-0.132766724,0.003084183,-0.035003662,-0.025024414,-0.096473694,-0.090446472,0.019607544,-0.175476074,-0.132693291,-0.196990967,-0.05657959,-0.080245972,-0.004547119,8.49515E-05,-0.108520508,-0.058349609,0.027809143,-0.121582031,-0.19140625,-0.079360962,-0.179489136,-0.001344236,-0.000953801,-0.039993286,-0.000852182,-0.015274048,-0.133270264,0.048461914,-0.089424133,-0.152679443,0.007720947,9.14261E-05,-2.70959E-05,-5.21094E-05,-0.023807526,-0.08303833,-0.121520996
6.37,-0.039459229,-0.049133301,0.075881958,-0.174560547,0.017459869,-0.060638428,-0.018798828,-0.146278381,-0.035140991,0.032905579,-0.160705566,-0.110600471,-0.194519043,-0.042236328,-0.100723267,0.012176514,-6.43879E-05,-0.115875244,-0.016937256,0.050933838,-0.150939941,-0.193969727,-0.073249817,-0.150009155,-0.001337485,-0.000950046,-0.019729614,-0.000859691,-0.017745972,-0.132064819,-0.003662109,-0.074783325,-0.112548828,0.002624512,-3.74578E-05,-7.83205E-05,7.25947E-05,-0.001235962,-0.124145508,-0.101318359
6.38,-0.02053833,-0.030883789,0.035858154,-0.19303894,-0.007696152,-0.030151367,0.02746582,-0.171791077,0.016563416,0.024442673,-0.134849548,-0.0455513,-0.19329834,-0.045837402,-0.14289856,-0.027252197,-9.27439E-05,-0.101165771,-0.041290283,0.024162292,-0.171386719,-0.172851563,-0.102615356,-0.165985107,-0.001344236,-0.000965066,-0.042526245,-0.000875458,-0.022705078,-0.120056152,-0.04119873,-0.054039001,-0.105041504,-0.003814697,-7.72588E-05,-2.51997E-05,-1.81012E-05,-0.002490997,-0.137451172,-0.079772949
6.39,-0.035705566,-0.089279175,0.011856079,-0.170883179,-0.013687134,-0.019195557,0.016235352,-0.141418457,-0.03754425,0.011146545,-0.144699097,-0.030823708,-0.208068848,-0.041015625,-0.141677856,-0.041595459,-6.24983E-05,-0.132995605,-0.077819824,-0.000183105,-0.179077148,-0.148193359,-0.095275879,-0.167190552,-0.001350987,-0.000971074,-0.053939819,-0.00086795,-0.041244507,-0.091262817,-0.008483887,-0.055259705,-0.135101318,0.007720947,3.26689E-05,6.58669E-05,-8.801E-05,-0.015029907,-0.1277771,-0.102661133
6.4,-0.060913086,-0.096572876,0.007843018,-0.149963379,-0.037643433,-0.058166504,-0.020019531,-0.106185913,-0.088043213,0.003892899,-0.148399353,-0.068870544,-0.219116211,-0.043457031,-0.144104004,-0.041595459,-3.79235E-05,-0.164794922,-0.071746826,0.005897522,-0.161132813,-0.187744141,-0.080596924,-0.114425659,-0.001347987,-0.000955303,-0.003250122,-0.000847677,-0.086975098,-0.118850708,0.016967773,-0.043052673,-0.122558594,-0.006347656,4.40422E-05,7.72495E-05,-6.15604E-05,-0.003742218,-0.136245728,-0.129608154
6.41,-0.079864502,-0.052787781,-0.001495361,-0.164733887,-0.053216934,-0.047210693,-0.008789063,-0.096473694,-0.063995361,-0.032375336,-0.145927429,-0.084826469,-0.205596924,-0.067382813,-0.166992188,-0.040435791,-1.52383E-05,-0.109741211,-0.086334229,-0.009918213,-0.143310547,-0.202514648,-0.112388611,-0.129150391,-0.001358489,-0.000950046,-0.001983643,-0.000843172,-0.072143555,-0.127258301,-0.013305664,-0.039390564,-0.122558594,-0.024291992,-1.85054E-05,9.81186E-05,-1.24313E-05,-0.048881531,-0.159210205,-0.132293701
6.42,-0.08493042,-0.088058472,0.005172729,-0.18687439,-0.022069931,-0.038696289,-0.012573242,-0.13899231,-0.068809509,-0.054134369,-0.163169861,-0.082371712,-0.190856934,-0.067382813,-0.144104004,-0.017730713,-1.52383E-05,-0.086517334,-0.104614258,0.003463745,-0.14074707,-0.156738281,-0.107498169,-0.2003479,-0.001368991,-0.00094554,-0.042526245,-0.000844674,-0.051132202,-0.141662598,-0.05090332,-0.04183197,-0.166442871,-0.021728516,-9.02824E-06,4.12036E-05,8.96007E-05,-0.068943024,-0.165267944,-0.152496338
6.43,-0.049560547,-0.118476868,0.017181396,-0.172119141,-0.026863098,-0.070373535,-0.050048828,-0.163284302,-0.085639954,-0.005777359,-0.169319153,-0.116737366,-0.182250977,-0.03503418,-0.101928711,0.002624512,-7.67689E-06,-0.113433838,-0.082702637,0.021720886,-0.125427246,-0.193969727,-0.086708069,-0.222427368,-0.001358489,-0.000947042,-0.046325684,-0.000845425,-0.080795288,-0.171676636,-0.073913574,-0.055259705,-0.136383057,-0.002532959,-1.66092E-05,-9.16012E-05,0.000100937,-0.016281128,-0.120529175,-0.178070068
6.44,-0.049560547,-0.100227356,-0.001495361,-0.140136719,-0.052019119,-0.047210693,-0.030029297,-0.109832764,-0.080833435,0.020816803,-0.164398193,-0.109373093,-0.21786499,-0.038635254,-0.134460449,0.004974365,1.31167E-05,-0.131774902,-0.091217041,-0.011131287,-0.121582031,-0.211181641,-0.090377808,-0.186859131,-0.001355488,-0.000962813,-0.036193848,-0.000855186,-0.086975098,-0.138076782,-0.069030762,-0.101623535,-0.086242676,0.002624512,-5.64121E-05,-2.33017E-05,1.96882E-05,-0.026313782,-0.09753418,-0.175384521
6.45,-0.064727783,-0.094139099,-0.000167847,-0.159805298,-0.031656265,-0.038696289,0.004943848,-0.079467773,-0.077224731,-0.013031006,-0.144699097,-0.056596756,-0.23260498,-0.049438477,-0.1537323,-0.027252197,3.76916E-05,-0.140350342,-0.109466553,0.007110596,-0.159912109,-0.154296875,-0.079360962,-0.153701782,-0.001360739,-0.000956805,-0.050125122,-0.000860441,-0.095611572,-0.118850708,-0.047241211,-0.105278015,-0.122558594,-0.021728516,-6.3993E-05,5.06882E-05,4.04753E-05,-0.04763031,-0.148330688,-0.188842773
6.46,-0.039459229,-0.080764771,0.019851685,-0.196716309,-0.050821304,-0.106964111,-0.026306152,-0.113479614,-0.102470398,0.009937286,-0.123771667,-0.054141998,-0.189605713,-0.033813477,-0.116378784,-0.045196533,8.30609E-05,-0.140350342,-0.0546875,0.020507813,-0.175231934,-0.16418457,-0.081809998,-0.138961792,-0.001351738,-0.000950797,-0.079269409,-0.000859691,-0.124053955,-0.130874634,-0.00970459,-0.079658508,-0.127593994,-0.037078857,-1.66092E-05,-3.84785E-05,-1.24313E-05,-0.046375275,-0.197906494,-0.184814453
6.47,-0.064727783,-0.078330994,0.017181396,-0.199157715,-0.093948364,-0.108184814,-0.043762207,-0.135345459,-0.127723694,0.03169632,-0.153312683,-0.07378006,-0.19329834,-0.051818848,-0.130844116,-0.02130127,7.73901E-05,-0.140350342,-0.02911377,-0.058609009,-0.127929688,-0.160400391,-0.116065979,-0.14263916,-0.001341986,-0.000964315,-0.080535889,-0.00085894,-0.122817993,-0.158477783,0.003601074,-0.089424133,-0.101287842,-0.023010254,-2.98768E-05,-1.0021E-05,-0.000118241,-0.061420441,-0.148330688,-0.141723633
6.48,-0.129089355,-0.080764771,0.029190063,-0.197952271,-0.054414749,-0.0496521,-0.022521973,-0.145065308,-0.073616028,-0.014240265,-0.184089661,-0.072552681,-0.214202881,-0.052978516,-0.166992188,-0.034423828,1.87885E-05,-0.132995605,-0.097320557,-0.07321167,-0.147094727,-0.130737305,-0.096488953,-0.197875977,-0.001346487,-0.000961311,-0.052658081,-0.000852182,-0.109222412,-0.186080933,-0.043579102,-0.047935486,-0.125091553,-0.002532959,-0.000120852,1.84365E-05,-5.58905E-05,-0.027565002,-0.107223511,-0.118835449
6.49,-0.095031738,-0.096572876,0.023849487,-0.177032471,-0.019674301,-0.059417725,-0.026306152,-0.157211304,-0.056777954,-0.014240265,-0.175476074,-0.093417168,-0.18347168,-0.03503418,-0.169403076,-0.048797607,4.33633E-05,-0.134216309,-0.107055664,-0.009918213,-0.186706543,-0.187744141,-0.065910339,-0.235931396,-0.001351738,-0.000947042,-0.042526245,-0.000846927,-0.095611572,-0.156066895,-0.032714844,-0.023536682,-0.121337891,-0.012756348,-4.12501E-05,-7.26283E-05,-2.56598E-05,-0.008758545,-0.156784058,-0.114776611
6.5,-0.038208008,-0.126991272,0.001174927,-0.173324585,-0.053216934,-0.110626221,-0.017578125,-0.185150146,-0.104873657,0.012353897,-0.174240112,-0.143738747,-0.177307129,-0.063781738,-0.177841187,-0.028442383,9.44035E-05,-0.137878418,-0.058349609,-0.014793396,-0.14074707,-0.21862793,-0.101387024,-0.212615967,-0.001351738,-0.000952299,-0.026062012,-0.000850681,-0.053604126,-0.138076782,0.008483887,-0.107727051,-0.096252441,-0.051147461,8.00528E-05,1.84365E-05,-9.74573E-05,-0.041358948,-0.166473389,-0.129608154
6.51,-0.03692627,-0.099006653,0.007843018,-0.184402466,-0.074781418,-0.127685547,0.002441406,-0.226455688,-0.096458435,-0.010614395,-0.177932739,-0.135148048,-0.215423584,-0.079345703,-0.185058594,-0.048797607,4.14727E-05,-0.130554199,-0.055908203,-0.058609009,-0.153503418,-0.178955078,-0.122177124,-0.177017212,-0.001362239,-0.000959809,-0.001983643,-0.00085894,-0.027648926,-0.136871338,-0.016967773,-0.132125854,-0.136383057,-0.044769287,-3.55635E-05,0.000134166,-9.36761E-05,-0.017536163,-0.141082764,-0.153839111
6.52,-0.038208008,-0.094139099,-0.000167847,-0.162277222,-0.029258728,-0.106964111,0.007507324,-0.209442139,-0.084434509,-0.016658783,-0.159477234,-0.051688194,-0.226470947,-0.052978516,-0.146514893,-0.052368164,3.66475E-06,-0.113433838,-0.072967529,-0.041564941,-0.205871582,-0.174072266,-0.117286682,-0.162307739,-0.001362239,-0.000951548,-0.027313232,-0.000863445,-0.069671631,-0.120056152,-0.023010254,-0.094299316,-0.18145752,-0.001251221,-0.00016634,5.06882E-05,-6.76513E-06,0.00377655,-0.148330688,-0.145751953
6.53,-0.044525146,-0.131858826,-0.002838135,-0.197952271,0.004283905,-0.078887939,-6.10352E-05,-0.151138306,-0.089241028,0.026861191,-0.14100647,-0.059051514,-0.225250244,-0.042236328,-0.11277771,-0.022491455,-1.33486E-05,-0.095092773,-0.110687256,-0.007484436,-0.193115234,-0.160400391,-0.128303528,-0.173324585,-0.001347987,-0.000955303,-0.061538696,-0.000853684,-0.103042603,-0.146469116,-0.016967773,-0.121147156,-0.177703857,0.002624512,-0.000130329,-5.36442E-07,-1.05426E-05,-0.0350914,-0.179779053,-0.130950928
6.54,-0.055877686,-0.097793579,0.013183594,-0.238525391,-0.006498337,-0.067932129,-0.027526855,-0.137779236,-0.084434509,0.025651932,-0.139770508,-0.127783775,-0.230163574,-0.060180664,-0.144104004,-0.039215088,-4.92651E-05,-0.126861572,-0.126525879,-0.035476685,-0.193115234,-0.155517578,-0.10383606,-0.181930542,-0.001353988,-0.000968821,-0.065338135,-0.000841671,-0.090682983,-0.163284302,-0.04486084,-0.129684448,-0.167694092,-0.019165039,-4.50406E-05,2.98191E-05,-6.91153E-05,-0.022548676,-0.190658569,-0.137664795
6.55,-0.086181641,-0.064949036,-0.004150391,-0.196716309,-0.024467468,-0.071594238,-0.036315918,-0.176651001,-0.092849731,-0.013031006,-0.157012939,-0.127783775,-0.216644287,-0.075805664,-0.19229126,-0.067901611,-2.09091E-05,-0.172149658,-0.065643311,-0.037918091,-0.199462891,-0.19140625,-0.081809998,-0.188064575,-0.001358489,-0.000970323,-0.047607422,-0.000842422,-0.073379517,-0.157272339,-0.06060791,-0.073554993,-0.143890381,-0.015289307,-9.02824E-06,7.15572E-05,-1.62125E-05,0.01506424,-0.144699097,-0.139038086
6.56,-0.122772217,-0.091712952,-0.012161255,-0.175796509,-0.053216934,-0.088653564,-0.022521973,-0.210662842,-0.092849731,-0.008195877,-0.176704407,-0.146193504,-0.203125,-0.078125,-0.201919556,-0.079833984,-7.67689E-06,-0.150146484,-0.042541504,-0.002624512,-0.17010498,-0.200073242,-0.113616943,-0.208938599,-0.001357739,-0.00096807,-0.022262573,-0.000847677,-0.07460022,-0.180084229,-0.030273438,-0.0650177,-0.11505127,-0.020446777,-2.98768E-05,5.82784E-05,6.31474E-05,-0.003742218,-0.110839844,-0.140380859
6.57,-0.110168457,-0.112388611,-0.001495361,-0.199157715,-0.049621582,-0.109375,-0.025024414,-0.213088989,-0.100067139,-0.013031006,-0.184089661,-0.167057991,-0.185913086,-0.070983887,-0.189880371,-0.061920166,-1.15484E-07,-0.141571045,-0.079040527,-0.024528503,-0.166259766,-0.21496582,-0.130752563,-0.196670532,-0.001361489,-0.000965066,-0.028594971,-0.000852933,-0.080795288,-0.175292969,0.020629883,-0.112602234,-0.135101318,-0.020446777,-2.79807E-05,4.30997E-05,8.20421E-05,-0.026313782,-0.136245728,-0.153839111
6.58,-0.0987854,-0.103874207,-0.017501831,-0.19303894,-0.029258728,-0.10333252,-0.051330566,-0.194862366,-0.116897583,-0.032375336,-0.177932739,-0.115509987,-0.214202881,-0.073364258,-0.18145752,-0.024841309,-1.90195E-05,-0.152587891,-0.081481934,-0.062263489,-0.191833496,-0.235961914,-0.105049133,-0.183166504,-0.001353988,-0.000961311,-0.039993286,-0.000860441,-0.08821106,-0.154876709,0.026672363,-0.139450073,-0.166442871,0.007720947,-2.60845E-05,0.000105707,6.31474E-05,-0.046375275,-0.191864014,-0.190185547
6.59,-0.08493042,-0.099006653,-0.002838135,-0.174560547,-0.03045845,-0.100860596,-0.055114746,-0.208229065,-0.113296509,-0.028747559,-0.159477234,-0.095871925,-0.255981445,-0.087768555,-0.1537323,-0.027252197,-0.000100305,-0.156219482,-0.074157715,-0.048866272,-0.164978027,-0.19140625,-0.089149475,-0.177017212,-0.001347237,-0.000957556,-0.042526245,-0.00085894,-0.103042603,-0.140472412,-0.018127441,-0.130905151,-0.13885498,-0.028106689,-8.86321E-05,5.82784E-05,4.61414E-05,-0.063926697,-0.19670105,-0.18347168
6.6,-0.040740967,-0.099006653,0.025192261,-0.184402466,-0.014884949,-0.104522705,-0.015075684,-0.232528687,-0.106079102,-0.033582687,-0.190246582,-0.109373093,-0.219116211,-0.07220459,-0.132049561,-0.039215088,-4.17037E-05,-0.18560791,-0.099731445,-0.064689636,-0.130493164,-0.148193359,-0.105049133,-0.137741089,-0.001346487,-0.000949295,-0.050125122,-0.00085894,-0.089447021,-0.146469116,-0.033874512,-0.099182129,-0.117584229,-0.087005615,-0.000122748,2.98191E-05,3.85828E-05,-0.052642822,-0.142288208,-0.140380859
6.61,-0.069763184,-0.07346344,-0.028182983,-0.177032471,-0.022069931,-0.082611084,-0.006286621,-0.203369141,-0.104873657,-0.034791946,-0.203781128,-0.104463577,-0.187164307,-0.058959961,-0.159759521,-0.061920166,3.20207E-05,-0.172149658,-0.122894287,-0.118255615,-0.15222168,-0.146850586,-0.114837646,-0.137741089,-0.001345737,-0.000949295,-0.02986145,-0.000866448,-0.089447021,-0.190887451,-0.001220703,-0.067459106,-0.16394043,-0.060119629,-7.34683E-05,6.96611E-05,1.21295E-05,-0.067687988,-0.164047241,-0.159210205
6.62,-0.117736816,-0.088058472,-0.076217651,-0.167205811,-0.0424366,-0.110626221,-0.056335449,-0.17300415,-0.112091064,-0.051715851,-0.143463135,-0.109373093,-0.210510254,-0.058959961,-0.191085815,-0.101318359,-3.79235E-05,-0.144012451,-0.122894287,-0.099990845,-0.182861328,-0.148193359,-0.081809998,-0.184387207,-0.001350987,-0.000959058,-0.026062012,-0.000863445,-0.115402222,-0.196899414,-0.01940918,-0.07233429,-0.18649292,-0.048583984,-9.05283E-05,-4.32879E-06,5.74775E-05,-0.091510773,-0.216049194,-0.168640137
6.63,-0.077331543,-0.17930603,-0.080200195,-0.216400146,-0.016082764,-0.145965576,-0.076293945,-0.165718079,-0.125312805,-0.061388016,-0.153312683,-0.127783775,-0.228942871,-0.04699707,-0.191085815,-0.084625244,-2.09091E-05,-0.157470703,-0.118011475,-0.046440125,-0.191833496,-0.162963867,-0.072021484,-0.18069458,-0.001351738,-0.000962813,-0.048858643,-0.00084993,-0.10798645,-0.180084229,-0.053283691,-0.126022339,-0.146392822,-0.074188232,-0.000136016,-1.38152E-05,0.000119831,-0.051391602,-0.17855835,-0.130950928
6.64,-0.063446045,-0.174438477,-0.069534302,-0.239761353,-0.035247803,-0.125244141,-0.072570801,-0.162071228,-0.145759583,-0.014240265,-0.209945679,-0.160921097,-0.233856201,-0.063781738,-0.160964966,-0.066680908,7.36089E-05,-0.175811768,-0.156982422,-0.065910339,-0.186706543,-0.190185547,-0.123405457,-0.159820557,-0.001351738,-0.000955303,-0.05140686,-0.000854435,-0.093139648,-0.171676636,-0.007263184,-0.149208069,-0.122558594,-0.053710938,-7.13207E-06,1.46423E-05,-8.65385E-06,-0.036342621,-0.130187988,-0.149810791
6.65,-0.083648682,-0.084411621,-0.049530029,-0.191802979,-0.077177048,-0.126495361,-0.097595215,-0.174217224,-0.138542175,0.008728027,-0.212409973,-0.167057991,-0.211730957,-0.079345703,-0.130844116,-0.096557617,1.12271E-05,-0.18927002,-0.195922852,-0.098770142,-0.182861328,-0.196411133,-0.145431519,-0.174560547,-0.001355488,-0.000951548,-0.064071655,-0.0008687,-0.120346069,-0.178878784,0.029052734,-0.09552002,-0.162689209,-0.056274414,3.26689E-05,-4.22727E-05,-0.000116352,-0.053897858,-0.130187988,-0.190185547
6.66,-0.071044922,-0.119689941,-0.077529907,-0.18196106,-0.055612564,-0.126495361,-0.081298828,-0.165718079,-0.098869324,-0.011823654,-0.192703247,-0.12287426,-0.187164307,-0.062561035,-0.122406006,-0.092987061,-0.000100305,-0.174591064,-0.147247314,-0.08052063,-0.196899414,-0.186401367,-0.109947205,-0.164749146,-0.001359239,-0.00095305,-0.057739258,-0.00085894,-0.150009155,-0.229309082,0.003601074,-0.083320618,-0.224090576,-0.080596924,-4.88292E-05,-5.36572E-05,-8.65385E-06,-0.006252289,-0.15196228,-0.171356201
6.67,-0.079864502,-0.159835815,-0.113555908,-0.195480347,-0.047229767,-0.122802734,-0.042541504,-0.145065308,-0.106079102,-0.02391243,-0.196395874,-0.088508606,-0.210510254,-0.061401367,-0.134460449,-0.079833984,-6.81691E-05,-0.147674561,-0.097320557,-0.071998596,-0.196899414,-0.198852539,-0.100166321,-0.175796509,-0.001359989,-0.000958307,-0.052658081,-0.000848428,-0.128997803,-0.240112305,-0.012145996,-0.132125854,-0.212799072,-0.075469971,4.59384E-05,-4.7965E-05,-2.98396E-06,-0.018791199,-0.189453125,-0.151123047
6.68,-0.105102539,-0.092926025,-0.09487915,-0.189331055,-0.072383881,-0.163024902,-0.077575684,-0.1693573,-0.128929138,-0.022703171,-0.217330933,-0.105690956,-0.216644287,-0.049438477,-0.166992188,-0.116851807,5.09247E-05,-0.136657715,-0.119232178,-0.068351746,-0.1484375,-0.221069336,-0.129516602,-0.202804565,-0.001350987,-0.000962062,-0.086868286,-0.000852182,-0.126525879,-0.188491821,-0.01940918,-0.152870178,-0.148895264,-0.075469971,1.7507E-05,-3.27863E-05,-8.99024E-05,-0.11157608,-0.188232422,-0.164611816
6.69,-0.131622314,-0.078330994,-0.090881348,-0.189331055,-0.108324051,-0.148406982,-0.087585449,-0.19972229,-0.131332397,-0.008195877,-0.201332092,-0.131465912,-0.18347168,-0.027893066,-0.18145752,-0.137207031,2.25687E-05,-0.112213135,-0.144775391,-0.046440125,-0.135620117,-0.206298828,-0.134414673,-0.154937744,-0.001345737,-0.000954552,-0.07800293,-0.000852182,-0.143829346,-0.164474487,-0.031494141,-0.137008667,-0.137634277,-0.063964844,-0.000168236,-4.41708E-05,-2.37711E-05,-0.104049683,-0.171310425,-0.147094727
6.7,-0.113952637,-0.112388611,-0.136230469,-0.148727417,-0.13467598,-0.082611084,-0.040039063,-0.209442139,-0.148162842,-0.002151489,-0.157012939,-0.116737366,-0.150299072,-0.062561035,-0.150131226,-0.128845215,-0.000111648,-0.147674561,-0.124084473,-0.046440125,-0.202026367,-0.19140625,-0.119728088,-0.154937744,-0.001347987,-0.000950797,-0.065338135,-0.000852182,-0.124053955,-0.17048645,-0.014526367,-0.084533691,-0.155151367,-0.057556152,-0.000137912,-6.88341E-05,7.82609E-05,-0.087753296,-0.20880127,-0.109405518
6.71,-0.054626465,-0.135505676,-0.125579834,-0.120452881,-0.107124329,-0.08013916,-0.045043945,-0.210662842,-0.156578064,-0.019075394,-0.163169861,-0.14005661,-0.128173828,-0.08416748,-0.128433228,-0.135986328,-6.06077E-05,-0.219848633,-0.111907959,-0.069564819,-0.224975586,-0.186401367,-0.152770996,-0.18069458,-0.001350237,-0.000955303,-0.090667725,-0.000858189,-0.120346069,-0.177688599,-0.007263184,-0.063796997,-0.130096436,-0.071624756,-3.55635E-05,2.79229E-05,8.96007E-05,-0.142921448,-0.212417603,-0.121520996
6.72,-0.082397461,-0.147674561,-0.061523438,-0.162277222,-0.062801361,-0.119140625,-0.085083008,-0.196083069,-0.167396545,-0.043252945,-0.196395874,-0.200196266,-0.157653809,-0.073364258,-0.148910522,-0.133605957,-9.56748E-06,-0.188049316,-0.145996094,-0.089035034,-0.196899414,-0.180297852,-0.194358826,-0.127929688,-0.00136449,-0.000956805,-0.072937012,-0.000864196,-0.110458374,-0.198104858,-0.03515625,-0.096740723,-0.131347656,-0.088287354,-4.12501E-05,5.82784E-05,3.48054E-05,-0.130382538,-0.147125244,-0.128234863
6.73,-0.145507813,-0.144020081,-0.112228394,-0.172119141,-0.054414749,-0.121582031,-0.098815918,-0.209442139,-0.186637878,-0.046880722,-0.193939209,-0.176877022,-0.190856934,-0.105712891,-0.170608521,-0.124023438,-3.60329E-05,-0.144012451,-0.1484375,-0.103645325,-0.216064453,-0.208740234,-0.174789429,-0.115646362,-0.001370491,-0.000962813,-0.070404053,-0.000864946,-0.091918945,-0.225692749,-0.077514648,-0.122360229,-0.177703857,-0.10748291,-8.67378E-05,-1.76094E-05,-1.05426E-05,-0.097782135,-0.116882324,-0.145751953
6.74,-0.122772217,-0.152542114,-0.212280273,-0.126617432,-0.078374863,-0.113067627,-0.08380127,-0.230102539,-0.150566101,-0.021493912,-0.202552795,-0.130238533,-0.166259766,-0.108093262,-0.19468689,-0.137207031,-5.78631E-06,-0.147674561,-0.135040283,-0.109725952,-0.213500977,-0.195068359,-0.160110474,-0.135299683,-0.001351738,-0.000965066,-0.07800293,-0.000854435,-0.124053955,-0.223297119,-0.106567383,-0.151649475,-0.173950195,-0.081878662,-5.64121E-05,-1.19172E-05,2.91355E-05,-0.140411377,-0.141082764,-0.203643799
6.75,-0.102600098,-0.128204346,-0.197616577,-0.113067627,-0.098737717,-0.119140625,-0.058837891,-0.204582214,-0.098869324,-0.015449524,-0.233329773,-0.176877022,-0.156433105,-0.050598145,-0.193496704,-0.139556885,-5.87171E-05,-0.145233154,-0.137481689,-0.106079102,-0.147094727,-0.123291016,-0.157661438,-0.113189697,-0.001348737,-0.000955303,-0.053939819,-0.000844674,-0.141357422,-0.217300415,-0.078735352,-0.139450073,-0.16394043,-0.024291992,-3.74578E-05,5.63804E-05,8.96007E-05,-0.154205322,-0.158004761,-0.164611816
6.76,-0.120269775,-0.084411621,-0.173599243,-0.126617432,-0.0807724,-0.130157471,-0.070068359,-0.192436218,-0.134933472,-0.039627075,-0.217330933,-0.203878403,-0.185913086,-0.065002441,-0.179031372,-0.144378662,-2.46903E-05,-0.180725098,-0.09854126,-0.13041687,-0.143310547,-0.123291016,-0.130752563,-0.084960938,-0.00136674,-0.000954552,-0.079269409,-0.000854435,-0.116638184,-0.228103638,-0.066589355,-0.110160828,-0.153900146,-0.021728516,-0.000122748,0.000132268,4.42527E-05,-0.121604919,-0.142288208,-0.091888428
6.77,-0.105102539,-0.097793579,-0.192276001,-0.121688843,-0.054414749,-0.152069092,-0.072570801,-0.231315613,-0.198654175,-0.058969498,-0.211174011,-0.159693718,-0.18347168,-0.123657227,-0.204330444,-0.174224854,0.000117088,-0.205200195,-0.107055664,-0.148674011,-0.195678711,-0.180297852,-0.147880554,-0.077590942,-0.00136599,-0.000962813,-0.086868286,-0.000861192,-0.11416626,-0.220901489,-0.098083496,-0.149208069,-0.137634277,-0.06652832,-5.2359E-06,0.000107605,-4.87268E-06,-0.119094849,-0.142288208,-0.133636475
6.78,-0.102600098,-0.107528687,-0.174942017,-0.148727417,-0.049621582,-0.131347656,-0.068847656,-0.250747681,-0.189041138,-0.044462204,-0.261650085,-0.178104401,-0.135559082,-0.109313965,-0.227218628,-0.181396484,9.25129E-05,-0.175811768,-0.167938232,-0.093910217,-0.213500977,-0.197631836,-0.155220032,-0.100906372,-0.001352488,-0.000963564,-0.036193848,-0.000853684,-0.131469727,-0.225692749,-0.055725098,-0.157752991,-0.187744141,-0.069061279,0.000155868,1.84365E-05,6.69248E-05,-0.124111176,-0.17855835,-0.20501709
6.79,-0.137939453,-0.072250366,-0.148254395,-0.164733887,-0.074781418,-0.082611084,-0.097595215,-0.21673584,-0.148162842,-0.031164169,-0.265342712,-0.187922478,-0.140472412,-0.063781738,-0.234466553,-0.205322266,2.82396E-05,-0.174591064,-0.136260986,-0.063476563,-0.21862793,-0.207519531,-0.138092041,-0.107055664,-0.001353238,-0.000959809,-0.048858643,-0.000852933,-0.158660889,-0.252120972,-0.026672363,-0.11870575,-0.222808838,-0.037078857,3.83556E-05,1.84365E-05,6.69248E-05,-0.124111176,-0.199111938,-0.180786133
6.8,-0.144256592,-0.097793579,-0.162918091,-0.115539551,-0.12269783,-0.120391846,-0.090087891,-0.241027832,-0.136138916,-0.063804626,-0.233329773,-0.12287426,-0.199462891,-0.032653809,-0.230834961,-0.229217529,-1.14581E-05,-0.168487549,-0.121643066,-0.107292175,-0.249267578,-0.231079102,-0.157661438,-0.116882324,-0.001354738,-0.000962062,-0.090667725,-0.000848428,-0.175964355,-0.280929565,-0.079956055,-0.139450073,-0.205291748,-0.058837891,-4.50406E-05,3.74094E-05,-3.69959E-05,-0.124111176,-0.199111938,-0.114776611
6.81,-0.134155273,-0.148887634,-0.162918091,-0.097091675,-0.115509033,-0.187438965,-0.075073242,-0.287185669,-0.128929138,-0.051715851,-0.256713867,-0.13392067,-0.196990967,-0.020690918,-0.205535889,-0.152740479,-7.95117E-05,-0.161132813,-0.172790527,-0.124336243,-0.262023926,-0.211181641,-0.135643005,-0.147567749,-0.001346487,-0.000965066,-0.072937012,-0.000838668,-0.125289917,-0.289337158,-0.075073242,-0.178489685,-0.20904541,-0.079315186,-2.2294E-05,-3.46843E-05,-4.45545E-05,-0.115337372,-0.189453125,-0.143066406
6.82,-0.140472412,-0.10874176,-0.137573242,-0.127853394,-0.060405731,-0.156982422,-0.081298828,-0.236167908,-0.122909546,-0.038417816,-0.260414124,-0.186695099,-0.179779053,-0.049438477,-0.193496704,-0.101318359,-5.11557E-05,-0.208862305,-0.165466309,-0.104858398,-0.231384277,-0.155517578,-0.102615356,-0.141433716,-0.001350237,-0.000964315,-0.05140686,-0.000848428,-0.120346069,-0.262908936,-0.043579102,-0.160186768,-0.245391846,-0.078063965,-5.83064E-05,-0.000127647,-3.88846E-05,-0.117843628,-0.162841797,-0.203643799
6.83,-0.155609131,-0.084411621,-0.118896484,-0.162277222,-0.065198898,-0.115478516,-0.081298828,-0.224021912,-0.149360657,-0.086774826,-0.251800537,-0.156011581,-0.220336914,-0.075805664,-0.193496704,-0.133605957,-1.14581E-05,-0.240661621,-0.155731201,-0.08052063,-0.214782715,-0.138183594,-0.12462616,-0.158615112,-0.00136524,-0.000962813,-0.05645752,-0.000863445,-0.205627441,-0.25932312,-0.069030762,-0.121147156,-0.271697998,-0.104919434,-0.000100004,-8.40109E-05,-6.72266E-05,-0.090259552,-0.177352905,-0.192901611
6.84,-0.149291992,-0.128204346,-0.090881348,-0.163497925,-0.086759567,-0.159362793,-0.102600098,-0.275047302,-0.167396545,-0.055341721,-0.270263672,-0.169512749,-0.240020752,-0.060180664,-0.200714111,-0.127624512,1.7751E-06,-0.24798584,-0.169128418,-0.074432373,-0.227539063,-0.200073242,-0.14175415,-0.211380005,-0.001362239,-0.000958307,-0.072937012,-0.000867199,-0.182144165,-0.268920898,-0.066589355,-0.117485046,-0.229095459,-0.089569092,-0.000126539,-5.74496E-05,-3.88846E-05,-0.023807526,-0.212417603,-0.18347168
6.85,-0.0987854,-0.125770569,-0.084213257,-0.151199341,-0.062801361,-0.172790527,-0.090087891,-0.2811203,-0.13974762,-0.011823654,-0.248100281,-0.225970268,-0.237548828,-0.048217773,-0.219985962,-0.132446289,6.03767E-05,-0.270050049,-0.164276123,-0.090255737,-0.270996094,-0.249633789,-0.15032196,-0.227355957,-0.001353238,-0.000953801,-0.071670532,-0.000861943,-0.11416626,-0.279724121,-0.039978027,-0.13822937,-0.216552734,-0.054992676,-0.000126539,-4.41708E-05,-1.09524E-06,-0.026313782,-0.211212158,-0.180786133
6.86,-0.113952637,-0.134292603,-0.11088562,-0.215164185,-0.0424366,-0.149627686,-0.040039063,-0.272613525,-0.145759583,-0.054134369,-0.244407654,-0.197741508,-0.241210938,-0.042236328,-0.198303223,-0.128845215,3.39113E-05,-0.260253906,-0.189819336,-0.103645325,-0.315673828,-0.227294922,-0.152770996,-0.208938599,-0.001357739,-0.00095305,-0.062789917,-0.000851432,-0.135177612,-0.304931641,-0.04486084,-0.167510986,-0.270446777,-0.067810059,-6.77835E-05,7.53514E-05,4.42527E-05,-0.076465607,-0.216049194,-0.175384521
6.87,-0.182128906,-0.17565155,-0.106887817,-0.234832764,-0.0424366,-0.186187744,-0.036315918,-0.272613525,-0.174613953,-0.046880722,-0.28503418,-0.170740128,-0.258422852,-0.017089844,-0.170608521,-0.077453613,-7.67689E-06,-0.249237061,-0.233673096,-0.115814209,-0.287597656,-0.223632813,-0.152770996,-0.197875977,-0.001357739,-0.000959809,-0.084335327,-0.000849179,-0.151245117,-0.298934937,-0.043579102,-0.196792603,-0.260437012,-0.071624756,-2.2294E-05,3.55113E-05,6.69248E-05,-0.067687988,-0.237823486,-0.231933594
6.88,-0.169494629,-0.146453857,-0.084213257,-0.170883179,-0.052019119,-0.193511963,-0.057556152,-0.295692444,-0.167396545,-0.031164169,-0.292427063,-0.181785583,-0.321105957,-0.019470215,-0.191085815,-0.063079834,3.95821E-05,-0.261474609,-0.219055176,-0.107292175,-0.27734375,-0.280517578,-0.172348022,-0.250671387,-0.00136449,-0.000962062,-0.074203491,-0.000855186,-0.156188965,-0.280929565,-0.033874512,-0.16506958,-0.219055176,-0.06652832,-7.72588E-05,2.98191E-05,3.66941E-05,-0.0350914,-0.254745483,-0.250793457
6.89,-0.145507813,-0.114822388,-0.098892212,-0.211471558,-0.095146179,-0.160614014,-0.043762207,-0.317558289,-0.160186768,-0.048088074,-0.287506104,-0.186695099,-0.328460693,-0.069763184,-0.201919556,-0.057128906,8.87318E-05,-0.268798828,-0.189819336,-0.065910339,-0.311828613,-0.31640625,-0.153991699,-0.307144165,-0.001361489,-0.000949295,-0.034927368,-0.000858189,-0.174728394,-0.298934937,-0.036315918,-0.100402832,-0.246612549,-0.057556152,-7.9155E-05,0.000153137,5.55888E-05,-0.026313782,-0.262008667,-0.207702637
6.9,-0.148010254,-0.157402039,-0.109558105,-0.268051147,-0.114311218,-0.156982422,-0.018798828,-0.30783844,-0.138542175,-0.011823654,-0.267799377,-0.167057991,-0.289154053,-0.121276855,-0.188674927,-0.032012939,0.000105746,-0.272491455,-0.195922852,-0.050086975,-0.276123047,-0.270629883,-0.145431519,-0.26171875,-0.001344986,-0.000952299,-0.00958252,-0.00085894,-0.159896851,-0.316940308,-0.049682617,-0.093078613,-0.287963867,-0.052429199,6.48908E-05,3.17171E-05,0.000123609,-0.018791199,-0.265625,-0.218475342
6.91,-0.119018555,-0.187820435,-0.034851074,-0.263137817,-0.066392899,-0.138641357,-0.016296387,-0.309059143,-0.127723694,-0.006986618,-0.260414124,-0.162148476,-0.323577881,-0.085327148,-0.186264038,-0.024841309,1.7751E-06,-0.256561279,-0.175231934,-0.076858521,-0.258178711,-0.255737305,-0.1796875,-0.226119995,-0.001347237,-0.000962813,0.006881714,-0.000854435,-0.119110107,-0.316940308,-0.070251465,-0.143104553,-0.277954102,-0.048583984,0.000112275,-8.21147E-05,0.00011605,-0.043865204,-0.276504517,-0.250793457
6.92,-0.0987854,-0.17565155,0.042526245,-0.27911377,-0.035247803,-0.122802734,-0.016296387,-0.29083252,-0.145759583,-0.040836334,-0.304733276,-0.202651024,-0.334625244,-0.039855957,-0.21156311,-0.052368164,-0.000160797,-0.256561279,-0.167938232,-0.071998596,-0.31439209,-0.321411133,-0.15032196,-0.283798218,-0.001346487,-0.000956054,-0.023513794,-0.00084993,-0.126525879,-0.307342529,-0.058166504,-0.167510986,-0.262908936,-0.007629395,-2.2294E-05,-5.36442E-07,7.25947E-05,-0.066436768,-0.274093628,-0.253479004
6.93,-0.121520996,-0.158622742,-0.006835938,-0.274185181,-0.037643433,-0.130157471,-0.038757324,-0.279907227,-0.160186768,-0.032375336,-0.336746216,-0.21737957,-0.296508789,-0.105712891,-0.226013184,-0.066680908,-7.76211E-05,-0.288391113,-0.198364258,-0.062263489,-0.341186523,-0.3671875,-0.146644592,-0.3230896,-0.001347237,-0.000947793,-0.046325684,-0.000851432,-0.179672241,-0.308532715,-0.00970459,-0.172386169,-0.277954102,-0.007629395,-8.10511E-05,3.55113E-05,6.12587E-05,-0.023807526,-0.297073364,-0.249450684
6.94,-0.135406494,-0.145240784,-0.053512573,-0.27911377,-0.052019119,-0.139892578,-0.078796387,-0.330917358,-0.189041138,-0.013031006,-0.335502625,-0.202651024,-0.301422119,-0.13684082,-0.198303223,-0.023681641,9.06223E-05,-0.296966553,-0.183746338,-0.086593628,-0.318237305,-0.354736328,-0.210266113,-0.326782227,-0.00136299,-0.00095305,-0.03112793,-0.000858189,-0.183380127,-0.321746826,0.023010254,-0.211433411,-0.295501709,-0.040924072,-6.02026E-05,2.22307E-05,-6.76513E-06,0.011302948,-0.313995361,-0.264282227
6.95,-0.144256592,-0.163490295,0.005172729,-0.31477356,-0.072383881,-0.148406982,-0.057556152,-0.360076904,-0.162590027,-0.031164169,-0.349052429,-0.18546772,-0.326019287,-0.082946777,-0.205535889,0.000213623,7.44592E-06,-0.274932861,-0.159393311,-0.069564819,-0.325927734,-0.308959961,-0.189460754,-0.3230896,-0.00136299,-0.00096056,-0.042526245,-0.000858189,-0.135177612,-0.33013916,0.019348145,-0.195571899,-0.287963867,-0.047302246,-5.26197E-05,-4.03766E-05,-7.28928E-05,-0.012519836,-0.257156372,-0.280395508
6.96,-0.174530029,-0.181739807,0.033187866,-0.323410034,-0.048427582,-0.149627686,0.001220703,-0.319992065,-0.119300842,-0.037210464,-0.350280762,-0.186695099,-0.344451904,-0.085327148,-0.239273071,0.000213623,-8.89637E-05,-0.263916016,-0.17401123,-0.028182983,-0.362915039,-0.294189453,-0.157661438,-0.287490845,-0.001359239,-0.000954552,-0.061538696,-0.000848428,-0.128997803,-0.328948975,-0.008483887,-0.140663147,-0.276702881,-0.037078857,-1.09226E-05,-0.000123853,-5.02206E-05,-0.016281128,-0.251113892,-0.266937256
6.97,-0.150543213,-0.145240784,-0.002838135,-0.301254272,-0.020872116,-0.147216797,0.003723145,-0.288398743,-0.142150879,0.003892899,-0.31211853,-0.203878403,-0.350585938,-0.088928223,-0.226013184,0.01574707,-1.33486E-05,-0.294494629,-0.1484375,-0.033042908,-0.305419922,-0.297851563,-0.180900574,-0.278915405,-0.00136824,-0.000961311,-0.061538696,-0.000855936,-0.157424927,-0.336151123,-0.021850586,-0.158973694,-0.306793213,-0.028106689,-5.64121E-05,-0.000125749,-4.83319E-05,0.012554169,-0.293441772,-0.237335205
6.98,-0.108917236,-0.144020081,-0.006835938,-0.301254272,-0.037643433,-0.148406982,-0.00378418,-0.309059143,-0.146957397,0.008728027,-0.318275452,-0.159693718,-0.366577148,-0.036254883,-0.204330444,-0.020080566,6.79381E-05,-0.305511475,-0.128967285,-0.040351868,-0.251831055,-0.303955078,-0.160110474,-0.324325562,-0.00136674,-0.000974078,-0.048858643,-0.00086795,-0.136413574,-0.336151123,-0.012145996,-0.161407471,-0.331848145,-0.058837891,-0.000128435,-3.84785E-05,-7.1004E-05,0.006286621,-0.293441772,-0.222503662
6.99,-0.168243408,-0.158622742,0.001174927,-0.354141235,-0.050821304,-0.175231934,0.04498291,-0.328491211,-0.154174805,-0.020284653,-0.357666016,-0.119192123,-0.370269775,-0.050598145,-0.206756592,-0.04397583,4.52539E-05,-0.276123047,-0.169128418,-0.026954651,-0.316955566,-0.333740234,-0.145431519,-0.340270996,-0.001355488,-0.000954552,-0.026062012,-0.000862694,-0.143829346,-0.319351196,-0.00970459,-0.155303955,-0.314300537,-0.046051025,-5.26197E-05,7.53514E-05,-3.69959E-05,-0.023807526,-0.31036377,-0.272338867
7,-0.185882568,-0.14037323,0.0025177,-0.381195068,-0.046030045,-0.191101074,0.054992676,-0.323638916,-0.201065063,-0.004570007,-0.351516724,-0.18546772,-0.33706665,-0.110534668,-0.215179443,-0.002197266,2.06791E-05,-0.293273926,-0.181304932,-0.022094727,-0.346313477,-0.336181641,-0.196800232,-0.324325562,-0.001353988,-0.000944037,-0.018463135,-0.000855936,-0.206863403,-0.339736938,-0.002441406,-0.189476013,-0.326812744,-0.023010254,-2.60845E-05,5.25862E-05,3.85828E-05,-0.038852692,-0.32850647,-0.303314209
7.01,-0.126556396,-0.192687988,0.030517578,-0.352920532,-0.048427582,-0.167938232,0.01373291,-0.335777283,-0.213088989,0.00510025,-0.349052429,-0.249289989,-0.361663818,-0.092529297,-0.24168396,-0.002197266,8.11704E-05,-0.338531494,-0.182556152,-0.036705017,-0.342468262,-0.332519531,-0.218826294,-0.33782959,-0.001360739,-0.000961311,-0.057739258,-0.000853684,-0.185852051,-0.364959717,0.001220703,-0.173606873,-0.36819458,-0.106201172,-0.000117064,-4.22727E-05,7.25947E-05,-0.027565002,-0.32244873,-0.272338867
7.02,-0.198516846,-0.243782043,0.026519775,-0.370132446,-0.056810379,-0.155731201,-0.001281738,-0.343070984,-0.18182373,-0.043252945,-0.349052429,-0.203878403,-0.409576416,-0.063781738,-0.240478516,-0.004547119,9.44035E-05,-0.327545166,-0.197143555,-0.035476685,-0.379516602,-0.326416016,-0.207817078,-0.348861694,-0.001362239,-0.00096807,-0.094467163,-0.000859691,-0.16607666,-0.357757568,-0.003662109,-0.167510986,-0.333099365,-0.140777588,-8.67378E-05,-4.32879E-06,4.04753E-05,0.010047913,-0.307952881,-0.297912598
7.03,-0.256591797,-0.204849243,0.003845215,-0.3984375,-0.049621582,-0.154510498,-0.023803711,-0.344284058,-0.161392212,-0.073474884,-0.320739746,-0.167057991,-0.386230469,-0.088928223,-0.195907593,0.019348145,2.82396E-05,-0.284698486,-0.182556152,-0.012359619,-0.374389648,-0.297851563,-0.183349609,-0.320648193,-0.001361489,-0.000963564,-0.088134766,-0.000860441,-0.211807251,-0.360153198,0,-0.180931091,-0.290496826,-0.093383789,7.81566E-05,2.60249E-05,2.91355E-05,0.035125732,-0.304321289,-0.316802979
7.04,-0.139190674,-0.174438477,0.003845215,-0.359054565,-0.036445618,-0.161834717,-0.040039063,-0.350357056,-0.173408508,-0.040836334,-0.333053589,-0.192831993,-0.365325928,-0.091369629,-0.195907593,-0.02130127,-2.84715E-05,-0.28225708,-0.160614014,-0.051300049,-0.301635742,-0.313964844,-0.136863708,-0.288726807,-0.001353988,-0.000954552,-0.060272217,-0.000849179,-0.189559937,-0.349365234,-0.023010254,-0.149208069,-0.316802979,-0.074188232,0.000100901,-6.22682E-06,-1.24313E-05,0.01506424,-0.35269165,-0.261566162
7.05,-0.091217041,-0.169570923,-0.006835938,-0.327087402,-0.067592621,-0.163024902,-0.005065918,-0.341850281,-0.164993286,-0.009405136,-0.353973389,-0.189149857,-0.372711182,-0.086547852,-0.221206665,-0.045196533,-1.52383E-05,-0.318969727,-0.1484375,-0.08782196,-0.278625488,-0.341186523,-0.139305115,-0.298538208,-0.001339735,-0.000948544,-0.019729614,-0.000851432,-0.156188965,-0.348144531,-0.042419434,-0.139450073,-0.335601807,-0.049865723,-3.74578E-05,1.0848E-05,-8.61213E-05,-0.028820038,-0.353897095,-0.276397705
7.06,-0.173278809,-0.167137146,0.039855957,-0.350448608,-0.067592621,-0.142303467,-0.017578125,-0.351570129,-0.138542175,-0.021493912,-0.333053589,-0.174422264,-0.364105225,-0.110534668,-0.187469482,-0.03326416,5.55534E-06,-0.34954834,-0.161834717,-0.014793396,-0.35144043,-0.318847656,-0.187026978,-0.357467651,-0.001349487,-0.000956805,-0.005783081,-0.000861943,-0.179672241,-0.363754272,-0.032714844,-0.14188385,-0.341888428,-0.060119629,-3.74578E-05,1.46423E-05,-9.36761E-05,-0.04763031,-0.297073364,-0.331604004
7.07,-0.187164307,-0.2109375,0.08921814,-0.40826416,-0.037643433,-0.160614014,-0.067565918,-0.3722229,-0.154174805,-0.037210464,-0.320739746,-0.181785583,-0.369018555,-0.100891113,-0.174224854,-0.028442383,-3.22517E-05,-0.337310791,-0.208099365,0.014427185,-0.38079834,-0.305297852,-0.205375671,-0.386917114,-0.001371241,-0.000967319,-0.03112793,-0.000855186,-0.190795898,-0.35055542,-0.021850586,-0.174827576,-0.381958008,-0.090820313,9.92604E-06,7.05384E-06,-4.64432E-05,-0.031326294,-0.317626953,-0.30871582
7.08,-0.16317749,-0.248649597,0.047866821,-0.426712036,-0.060405731,-0.186187744,-0.050048828,-0.371009827,-0.193855286,-0.021493912,-0.34413147,-0.219834328,-0.375183105,-0.054199219,-0.23324585,0.008575439,4.90341E-05,-0.322631836,-0.226379395,-0.053741455,-0.360351563,-0.349853516,-0.198028564,-0.368515015,-0.001362239,-0.000964315,-0.052658081,-0.000843923,-0.200683594,-0.375762939,0.004882813,-0.223632813,-0.399505615,-0.047302246,-1.66092E-05,5.63804E-05,-4.87268E-06,-0.023807526,-0.361160278,-0.272338867
7.09,-0.204833984,-0.201202393,0.019851685,-0.366439819,-0.059207916,-0.170379639,-0.025024414,-0.371009827,-0.225112915,-0.004570007,-0.358901978,-0.257881641,-0.365325928,-0.04699707,-0.269393921,0.014556885,0.000156785,-0.329986572,-0.187408447,-0.07321167,-0.374389648,-0.359741211,-0.201698303,-0.363601685,-0.001350237,-0.000955303,-0.069137573,-0.000855936,-0.210571289,-0.4165802,0.029052734,-0.221199036,-0.360656738,-0.020446777,-9.02824E-06,8.8634E-05,-4.83319E-05,-0.013774872,-0.327301025,-0.310028076
7.1,-0.211151123,-0.137939453,0.026519775,-0.37260437,-0.041238785,-0.158172607,-0.061340332,-0.377082825,-0.207077026,0.008728027,-0.36013031,-0.222288132,-0.397277832,-0.082946777,-0.265777588,-0.009307861,5.84861E-05,-0.342224121,-0.165466309,-0.056175232,-0.350158691,-0.322631836,-0.206588745,-0.366043091,-0.001359989,-0.00096056,-0.072937012,-0.000867199,-0.158660889,-0.392562866,0.012084961,-0.178489685,-0.340606689,-0.051147461,-8.10511E-05,1.36159E-06,-8.61213E-05,0.001270294,-0.289810181,-0.338317871
7.11,-0.16696167,-0.145240784,0.030517578,-0.443939209,-0.028060913,-0.164276123,-0.071350098,-0.389228821,-0.163787842,0.008728027,-0.389678955,-0.190377235,-0.429229736,-0.096130371,-0.259765625,0.007385254,-7.00597E-05,-0.310394287,-0.167938232,-0.050086975,-0.347595215,-0.356079102,-0.204139709,-0.359909058,-0.001362239,-0.000969572,-0.075469971,-0.000855186,-0.141357422,-0.366165161,-0.032714844,-0.121147156,-0.355651855,-0.075469971,-0.000128435,-8.40109E-05,1.59107E-05,-0.01001358,-0.31640625,-0.289855957
7.12,-0.16696167,-0.195121765,0.009185791,-0.399642944,-0.006498337,-0.171569824,-0.032531738,-0.425674438,-0.187835693,0.00268364,-0.421676636,-0.21737957,-0.405883789,-0.100891113,-0.242889404,-0.009307861,-9.27439E-05,-0.25289917,-0.198364258,-0.045211792,-0.393554688,-0.404296875,-0.226165771,-0.350097656,-0.001357739,-0.000974829,-0.084335327,-0.000850681,-0.238998413,-0.391372681,-0.058166504,-0.161407471,-0.370666504,-0.102355957,-7.13207E-06,-1.76094E-05,7.0706E-05,-0.025058746,-0.344223022,-0.265594482
7.13,-0.160644531,-0.202423096,-0.001495361,-0.335693359,-0.038841248,-0.164276123,-0.041259766,-0.440246582,-0.2239151,0.006311417,-0.410598755,-0.229652405,-0.400970459,-0.106933594,-0.23324585,-0.059539795,-3.03611E-05,-0.28717041,-0.261688232,-0.029396057,-0.360351563,-0.368408203,-0.264099121,-0.348861694,-0.001358489,-0.000968821,-0.067871094,-0.000857438,-0.266204834,-0.427383423,-0.058166504,-0.246818542,-0.393218994,-0.122833252,-2.41902E-05,5.82784E-05,3.85828E-05,-0.016281128,-0.329711914,-0.296569824
7.14,-0.184661865,-0.196334839,0.017181396,-0.378753662,-0.053216934,-0.176452637,-0.077575684,-0.414741516,-0.214286804,-0.013031006,-0.410598755,-0.249289989,-0.405883789,-0.093688965,-0.260955811,-0.057128906,0.000122759,-0.333648682,-0.247070313,-0.013572693,-0.35144043,-0.362182617,-0.248184204,-0.374649048,-0.001361489,-0.00095305,-0.046325684,-0.000853684,-0.203155518,-0.434585571,-0.067810059,-0.228515625,-0.403259277,-0.127960205,-0.00010569,5.25862E-05,9.52668E-05,-0.0350914,-0.355117798,-0.327545166
7.15,-0.23135376,-0.2109375,-0.005493164,-0.375045776,-0.023269653,-0.225250244,-0.051330566,-0.423240662,-0.195053101,-0.031164169,-0.406906128,-0.267699718,-0.389923096,-0.106933594,-0.268188477,-0.036834717,0.000156785,-0.318969727,-0.164276123,-0.03061676,-0.387207031,-0.398193359,-0.193138123,-0.380783081,-0.00136374,-0.000950046,-0.050125122,-0.000857438,-0.211807251,-0.435791016,-0.067810059,-0.177268982,-0.373168945,-0.094665527,6.6787E-05,3.93074E-05,7.0706E-05,-0.065181732,-0.396224976,-0.335632324
7.16,-0.170776367,-0.181739807,0.001174927,-0.332015991,-0.048427582,-0.210571289,-0.025024414,-0.425674438,-0.207077026,-0.033582687,-0.393371582,-0.235788822,-0.387481689,-0.128479004,-0.277832031,-0.026092529,-2.09091E-05,-0.361816406,-0.172790527,-0.053741455,-0.382080078,-0.362182617,-0.207817078,-0.369720459,-0.001356989,-0.000954552,-0.048858643,-0.0008687,-0.251358032,-0.448989868,-0.056884766,-0.183372498,-0.356903076,-0.019165039,0.000114171,6.39707E-05,-2.75485E-05,1.90735E-05,-0.373245239,-0.327545166
7.17,-0.140472412,-0.170791626,0.062530518,-0.37260437,-0.058010101,-0.172790527,-0.040039063,-0.364936829,-0.244346619,-0.029956818,-0.422920227,-0.222288132,-0.419433594,-0.109313965,-0.323608398,-0.002197266,-8.14013E-05,-0.414398193,-0.236114502,-0.058609009,-0.40246582,-0.330078125,-0.244522095,-0.36114502,-0.001356238,-0.000959809,-0.045059204,-0.000861943,-0.241470337,-0.452590942,-0.047241211,-0.237052917,-0.403259277,-0.005065918,-0.000124643,8.48379E-05,1.77994E-05,0.025093079,-0.355117798,-0.326202393
7.18,-0.201049805,-0.225532532,0.07321167,-0.418106079,-0.024467468,-0.228881836,-0.053833008,-0.378295898,-0.237136841,0.000265121,-0.427841187,-0.245607853,-0.464874268,-0.062561035,-0.292282104,0.014556885,3.66475E-06,-0.402160645,-0.245849609,-0.048866272,-0.398681641,-0.357177734,-0.227394104,-0.350097656,-0.001374242,-0.000959058,-0.070404053,-0.000855186,-0.220458984,-0.460998535,-0.030273438,-0.26512146,-0.433349609,-0.047302246,-0.000151178,3.55113E-05,7.82609E-05,-0.048881531,-0.379302979,-0.33026123
7.19,-0.193481445,-0.248649597,0.03453064,-0.40335083,-0.03285408,-0.254455566,-0.063842773,-0.464546204,-0.198654175,-0.017868042,-0.397064209,-0.249289989,-0.442779541,-0.049438477,-0.235656738,0.002624512,-7.67689E-06,-0.396026611,-0.225128174,-0.039131165,-0.359069824,-0.39440918,-0.228614807,-0.357467651,-0.001375742,-0.000955303,-0.07673645,-0.000860441,-0.236541748,-0.471801758,-0.03515625,-0.228515625,-0.417053223,-0.058837891,3.83556E-05,2.98191E-05,0.000144392,-0.037597656,-0.396224976,-0.34777832
7.2,-0.174530029,-0.221885681,-0.005493164,-0.373809814,-0.049621582,-0.19229126,-0.047546387,-0.469406128,-0.191444397,-0.05292511,-0.425369263,-0.237016201,-0.400970459,-0.100891113,-0.257339478,-0.016479492,-3.41423E-05,-0.400939941,-0.209320068,-0.054954529,-0.373168945,-0.401855469,-0.287338257,-0.358703613,-0.001352488,-0.000962813,-0.067871094,-0.000862694,-0.247665405,-0.455001831,-0.069030762,-0.204109192,-0.413269043,-0.044769287,7.24737E-05,8.29417E-05,0.00018407,-0.033836365,-0.385345459,-0.353149414
7.21,-0.178314209,-0.204849243,-0.006835938,-0.388595581,-0.079572678,-0.205718994,-0.001281738,-0.446327209,-0.204673767,-0.010614395,-0.464767456,-0.23456192,-0.421875,-0.13684082,-0.252532959,-0.039215088,-1.15484E-07,-0.411956787,-0.202026367,-0.050086975,-0.430603027,-0.354736328,-0.300788879,-0.357467651,-0.001344236,-0.000961311,-0.097015381,-0.000855936,-0.238998413,-0.446594238,-0.072631836,-0.243156433,-0.400756836,-0.040924072,3.83556E-05,5.44824E-05,-1.09524E-06,-0.072704315,-0.34664917,-0.33291626
7.22,-0.159393311,-0.215805054,0.01852417,-0.395965576,-0.117904663,-0.254455566,-0.012573242,-0.470619202,-0.229919434,-0.009405136,-0.464767456,-0.244380474,-0.450134277,-0.110534668,-0.224822998,-0.046386719,4.71435E-05,-0.41317749,-0.209320068,-0.039131165,-0.465087891,-0.347412109,-0.23840332,-0.363601685,-0.001346487,-0.000951548,-0.084335327,-0.000852933,-0.25630188,-0.459793091,-0.04486084,-0.245597839,-0.393218994,-0.054992676,0.000106588,3.25963E-06,-7.1004E-05,-0.017536163,-0.320037842,-0.315429688
7.23,-0.203582764,-0.20728302,0.009185791,-0.3775177,-0.085561752,-0.220336914,-0.053833008,-0.487625122,-0.232322693,-0.079521179,-0.463546753,-0.246835232,-0.456268311,-0.082946777,-0.262161255,-0.024841309,3.01311E-05,-0.372802734,-0.231231689,-0.08416748,-0.425476074,-0.416748047,-0.232292175,-0.348861694,-0.001349487,-0.000950797,-0.060272217,-0.000855936,-0.269897461,-0.473007202,-0.039978027,-0.196792603,-0.425811768,-0.033233643,8.19489E-05,5.1558E-06,0.000108492,0.006286621,-0.341812134,-0.324859619
7.24,-0.204833984,-0.170791626,0.006500244,-0.407028198,-0.038841248,-0.189849854,-0.057556152,-0.483978271,-0.199859619,-0.077102661,-0.438919067,-0.208787918,-0.452575684,-0.092529297,-0.3019104,-0.030853271,-0.000128661,-0.389953613,-0.236114502,-0.110939026,-0.398681641,-0.438964844,-0.264099121,-0.36114502,-0.001357739,-0.000948544,-0.086868286,-0.000853684,-0.281021118,-0.506607056,-0.058166504,-0.219978333,-0.45211792,-0.012756348,-7.9155E-05,-6.22682E-06,9.14894E-05,-0.048881531,-0.384124756,-0.363891602
7.25,-0.151824951,-0.20728302,0.03453064,-0.413192749,-0.062801361,-0.204528809,-0.090087891,-0.492485046,-0.227516174,-0.011823654,-0.43522644,-0.205105782,-0.455047607,-0.121276855,-0.288665771,-0.057128906,-0.000164579,-0.448669434,-0.259246826,-0.068351746,-0.433166504,-0.405517578,-0.248184204,-0.382019043,-0.001348737,-0.000955303,-0.089416504,-0.000859691,-0.269897461,-0.540237427,-0.072631836,-0.277320862,-0.4559021,-0.061401367,-0.000136016,1.65403E-05,1.21295E-05,-0.077720642,-0.393798828,-0.355804443
7.26,-0.209869385,-0.269325256,0.030517578,-0.388595581,-0.101133347,-0.24230957,-0.096313477,-0.507064819,-0.270805359,0.012353897,-0.470932007,-0.297156334,-0.463653564,-0.102111816,-0.263366699,-0.054718018,1.87885E-05,-0.435211182,-0.301849365,-0.048866272,-0.456115723,-0.396850586,-0.251861572,-0.357467651,-0.001338235,-0.000964315,-0.083084106,-0.000861192,-0.226638794,-0.5078125,-0.073913574,-0.26512146,-0.464660645,-0.093383789,-6.77835E-05,5.82784E-05,7.82609E-05,-0.070198059,-0.373245239,-0.326202393
7.27,-0.243988037,-0.237701416,-0.018844604,-0.388595581,-0.096343994,-0.286193848,-0.045043945,-0.515563965,-0.259979248,-0.006986618,-0.481994629,-0.327839851,-0.44152832,-0.068603516,-0.248916626,-0.036834717,0.000103855,-0.41317749,-0.278717041,-0.112167358,-0.44720459,-0.372070313,-0.289787292,-0.363601685,-0.00136449,-0.000958307,-0.07673645,-0.000858189,-0.252609253,-0.470611572,-0.05090332,-0.235832214,-0.450866699,-0.084442139,-5.64121E-05,-1.0021E-05,2.53581E-05,-0.042613983,-0.370834351,-0.35043335
7.28,-0.23638916,-0.220664978,-0.054855347,-0.375045776,-0.0819664,-0.264221191,-0.052612305,-0.499778748,-0.292442322,-0.006986618,-0.484466553,-0.256654263,-0.419433594,-0.10333252,-0.252532959,-0.022491455,7.54995E-05,-0.409515381,-0.25680542,-0.142585754,-0.407592773,-0.346069336,-0.286109924,-0.382019043,-0.001376492,-0.000962062,-0.071670532,-0.000857438,-0.297088623,-0.516220093,-0.03515625,-0.238273621,-0.440856934,-0.089569092,-8.29455E-05,-5.55534E-05,-4.2662E-05,-0.053897858,-0.392608643,-0.34777832
7.29,-0.252807617,-0.237701416,-0.034851074,-0.370132446,-0.060405731,-0.236206055,-0.080078125,-0.471832275,-0.316490173,-0.009405136,-0.477081299,-0.251744747,-0.435394287,-0.13684082,-0.287460327,-0.039215088,8.68421E-05,-0.411956787,-0.266540527,-0.076858521,-0.416564941,-0.354736328,-0.239631653,-0.382019043,-0.001350987,-0.000976331,-0.105880737,-0.000859691,-0.28968811,-0.563049316,-0.062988281,-0.239501953,-0.487213135,-0.103637695,-8.48416E-05,-2.43261E-06,3.85828E-05,-0.097782135,-0.417984009,-0.339691162
7.3,-0.202301025,-0.20728302,-0.016174316,-0.37260437,-0.04483223,-0.270324707,-0.081298828,-0.504638672,-0.257575989,-0.037210464,-0.478302002,-0.305747986,-0.448913574,-0.112915039,-0.311553955,-0.069091797,7.36089E-05,-0.457214355,-0.228790283,-0.058609009,-0.480407715,-0.39440918,-0.248184204,-0.402877808,-0.001345737,-0.000968821,-0.095748901,-0.00086795,-0.269897461,-0.57383728,-0.066589355,-0.245597839,-0.507263184,-0.117736816,-8.67378E-05,-2.89921E-05,5.93662E-05,-0.097782135,-0.428863525,-0.401611328
7.31,-0.187164307,-0.215805054,-0.041519165,-0.365203857,-0.085561752,-0.281280518,-0.081298828,-0.543502808,-0.256378174,-0.051715851,-0.521400452,-0.320475578,-0.434173584,-0.090148926,-0.292282104,-0.058319092,-1.15484E-07,-0.464569092,-0.250701904,-0.110939026,-0.495727539,-0.447509766,-0.292228699,-0.393066406,-0.001356989,-0.000957556,-0.046325684,-0.000860441,-0.267425537,-0.572647095,-0.048461914,-0.261459351,-0.478424072,-0.111328125,-6.58892E-05,-0.000108674,7.63759E-05,-0.075214386,-0.43371582,-0.400268555
7.32,-0.237640381,-0.243782043,-0.038848877,-0.365203857,-0.097541809,-0.255706787,-0.060058594,-0.53742981,-0.282821655,-0.073474884,-0.550941467,-0.315566063,-0.418182373,-0.096130371,-0.285064697,-0.051147461,1.12271E-05,-0.42175293,-0.333496094,-0.118255615,-0.497009277,-0.419189453,-0.302017212,-0.382019043,-0.001357739,-0.000959058,-0.05140686,-0.000845425,-0.330474854,-0.549835205,-0.073913574,-0.276100159,-0.492248535,-0.080596924,-2.79807E-05,-8.97031E-05,0.000131167,-0.073959351,-0.448226929,-0.37197876
7.33,-0.249023438,-0.219451904,-0.01083374,-0.365203857,-0.064001083,-0.258178711,-0.046325684,-0.550796509,-0.258773804,-0.057760239,-0.521400452,-0.30083847,-0.429229736,-0.127258301,-0.316375732,-0.077453613,3.39113E-05,-0.4425354,-0.340820313,-0.097557068,-0.472717285,-0.388183594,-0.300788879,-0.405334473,-0.001355488,-0.00096056,-0.07800293,-0.000853684,-0.351486206,-0.603851318,-0.070251465,-0.287078857,-0.516021729,-0.080596924,-2.60845E-05,-6.50398E-05,2.91355E-05,-0.081481934,-0.468780518,-0.407012939
7.34,-0.246520996,-0.218238831,-0.020172119,-0.397201538,-0.089155197,-0.259368896,-0.051330566,-0.549583435,-0.299659729,-0.006986618,-0.469688416,-0.292246819,-0.453826904,-0.157226563,-0.332046509,-0.083435059,-9.08533E-05,-0.484130859,-0.315246582,-0.106079102,-0.454833984,-0.446411133,-0.295898438,-0.415145874,-0.001353238,-0.000958307,-0.094467163,-0.000866448,-0.290908813,-0.668685913,-0.021850586,-0.289520264,-0.493469238,-0.110046387,-5.64121E-05,-9.72934E-05,-1.24313E-05,-0.050136566,-0.451858521,-0.401611328
7.35,-0.276794434,-0.248649597,-0.021499634,-0.425476074,-0.117904663,-0.22644043,-0.072570801,-0.53742981,-0.344146729,-0.014240265,-0.499237061,-0.321702957,-0.461181641,-0.129638672,-0.333236694,-0.072662354,-0.000143784,-0.506164551,-0.279937744,-0.092681885,-0.511047363,-0.442626953,-0.292228699,-0.418838501,-0.001358489,-0.000956054,-0.109680176,-0.000857438,-0.287216187,-0.600265503,-0.014526367,-0.280982971,-0.494720459,-0.094665527,-3.17711E-05,-8.40109E-05,6.50361E-05,-0.013774872,-0.390182495,-0.392211914
7.36,-0.291931152,-0.247436523,-0.005493164,-0.404556274,-0.103530884,-0.238647461,-0.093811035,-0.562942505,-0.292442322,-0.045671463,-0.573104858,-0.342567921,-0.456268311,-0.085327148,-0.327224731,-0.069091797,-4.73754E-05,-0.535522461,-0.247070313,-0.079299927,-0.503356934,-0.382080078,-0.289787292,-0.420074463,-0.00136374,-0.000962062,-0.09954834,-0.000849179,-0.320571899,-0.540237427,-0.06060791,-0.267562866,-0.547363281,-0.046051025,3.07746E-05,-8.59089E-05,4.99189E-05,-0.045120239,-0.391387939,-0.412384033
7.37,-0.233886719,-0.2498703,-0.002838135,-0.395965576,-0.116706848,-0.304473877,-0.075073242,-0.573875427,-0.308074951,-0.063804626,-0.554634094,-0.358522892,-0.458740234,-0.097290039,-0.298294067,-0.061920166,-1.71289E-05,-0.507385254,-0.281158447,-0.096343994,-0.463806152,-0.403076172,-0.289787292,-0.400436401,-0.001354738,-0.000967319,-0.079269409,-0.000861943,-0.326766968,-0.576248169,-0.093261719,-0.276100159,-0.538574219,-0.052429199,-5.26197E-05,-0.000106778,5.74775E-05,-0.085243225,-0.465148926,-0.385467529
7.38,-0.214935303,-0.275405884,-0.005493164,-0.38243103,-0.128688812,-0.303253174,-0.081298828,-0.582374573,-0.365791321,-0.062595367,-0.528785706,-0.36097765,-0.463653564,-0.106933594,-0.303131104,-0.073852539,3.20207E-05,-0.470672607,-0.323760986,-0.091468811,-0.508483887,-0.467407227,-0.300788879,-0.379562378,-0.001352488,-0.00096056,-0.088134766,-0.000865697,-0.316879272,-0.607467651,-0.088439941,-0.306602478,-0.523529053,-0.058837891,-0.000162551,-1.76094E-05,9.71593E-05,-0.076465607,-0.491760254,-0.384124756
7.39,-0.273010254,-0.276626587,-0.006835938,-0.375045776,-0.102333069,-0.248413086,-0.108886719,-0.5884552,-0.328514099,-0.016658783,-0.594024658,-0.306975365,-0.44152832,-0.092529297,-0.319992065,-0.084625244,7.17184E-05,-0.491485596,-0.307952881,-0.112167358,-0.539123535,-0.483520508,-0.314254761,-0.410247803,-0.001359239,-0.000959058,-0.089416504,-0.000870202,-0.344070435,-0.624267578,-0.095703125,-0.309043884,-0.598724365,-0.085723877,-4.31444E-05,5.44824E-05,7.44835E-05,-0.07144928,-0.469985962,-0.427185059
7.4,-0.296966553,-0.271759033,-0.012161255,-0.430389404,-0.077177048,-0.244750977,-0.075073242,-0.570228577,-0.294845581,0.015981674,-0.633422852,-0.299611092,-0.410827637,-0.099731445,-0.299514771,-0.084625244,-6.62785E-05,-0.524505615,-0.287261963,-0.149894714,-0.532714844,-0.461181641,-0.337493896,-0.447067261,-0.001350987,-0.000962813,-0.086868286,-0.000881464,-0.398452759,-0.656677246,-0.094482422,-0.304168701,-0.587463379,-0.13949585,0.000100901,3.25963E-06,4.57093E-06,-0.086494446,-0.445800781,-0.423156738
7.41,-0.299499512,-0.285140991,-0.028182983,-0.442703247,-0.08436203,-0.275238037,-0.038757324,-0.586021423,-0.320098877,-0.009405136,-0.581718445,-0.369569302,-0.428009033,-0.099731445,-0.307937622,-0.10256958,-0.000140003,-0.539215088,-0.31036377,-0.163284302,-0.53527832,-0.455078125,-0.339942932,-0.401641846,-0.001334485,-0.000959809,-0.110946655,-0.000861943,-0.382385254,-0.649475098,-0.087219238,-0.304168701,-0.541107178,-0.079315186,8.02986E-06,-1.76094E-05,7.93487E-07,-0.06016922,-0.451858521,-0.38949585
7.42,-0.288146973,-0.269325256,-0.045516968,-0.429153442,-0.111917496,-0.303253174,-0.051330566,-0.598175049,-0.376609802,-0.016658783,-0.555862427,-0.395343304,-0.456268311,-0.102111816,-0.323608398,-0.115692139,-4.17037E-05,-0.515930176,-0.332305908,-0.159629822,-0.527648926,-0.462524414,-0.320365906,-0.369720459,-0.001335985,-0.000966568,-0.107147217,-0.000845425,-0.357666016,-0.620651245,-0.099365234,-0.272445679,-0.617523193,-0.065246582,-0.00015497,-6.50398E-05,0.000110384,-0.020046234,-0.47845459,-0.398925781
7.43,-0.265441895,-0.262023926,-0.076217651,-0.458694458,-0.102333069,-0.331298828,-0.072570801,-0.58480835,-0.399452209,0.001476288,-0.589103699,-0.375706196,-0.474731445,-0.12487793,-0.305541992,-0.110900879,3.95821E-05,-0.515930176,-0.333496094,-0.107292175,-0.518676758,-0.452514648,-0.332595825,-0.404098511,-0.001353988,-0.000968821,-0.091934204,-0.000857438,-0.358901978,-0.638671875,-0.069030762,-0.280982971,-0.638824463,-0.147155762,-0.00015497,-8.40109E-05,0.000174623,-0.043865204,-0.473617554,-0.404296875
7.44,-0.271728516,-0.297309875,-0.084213257,-0.463623047,-0.0819664,-0.332550049,-0.097595215,-0.621246338,-0.339332581,-0.028747559,-0.617424011,-0.349932194,-0.505432129,-0.112915039,-0.307937622,-0.106140137,3.01311E-05,-0.5440979,-0.338378906,-0.103645325,-0.545532227,-0.447509766,-0.310577393,-0.431121826,-0.00136449,-0.000956054,-0.109680176,-0.000858189,-0.313156128,-0.657867432,-0.079956055,-0.345649719,-0.583709717,-0.122833252,-0.000103794,4.8792E-05,0.000170846,-0.082733154,-0.469985962,-0.377380371
7.45,-0.31338501,-0.291221619,-0.058868408,-0.445159912,-0.090353012,-0.283752441,-0.111328125,-0.67591095,-0.344146729,-0.071058273,-0.662971497,-0.321702957,-0.505432129,-0.090148926,-0.319992065,-0.110900879,7.44592E-06,-0.542877197,-0.332305908,-0.149894714,-0.57232666,-0.471069336,-0.26776123,-0.438461304,-0.001359239,-0.000956054,-0.110946655,-0.000855936,-0.346542358,-0.66267395,-0.153869629,-0.359069824,-0.598724365,-0.090820313,-0.000147387,7.53514E-05,0.000131167,-0.102798462,-0.479660034,-0.416412354
7.46,-0.353790283,-0.271759033,-0.061523438,-0.424240112,-0.093948364,-0.269134521,-0.090087891,-0.6795578,-0.42590332,-0.083147049,-0.688827515,-0.333976269,-0.488220215,-0.121276855,-0.336853027,-0.113311768,5.55534E-06,-0.567352295,-0.334716797,-0.149894714,-0.578735352,-0.494628906,-0.332595825,-0.406570435,-0.001351738,-0.000958307,-0.095748901,-0.000862694,-0.430587769,-0.698699951,-0.124755859,-0.346870422,-0.620025635,-0.130523682,-0.000134122,-5.36442E-07,2.34693E-05,-0.106559753,-0.473617554,-0.4581604
7.47,-0.303314209,-0.303390503,-0.045516968,-0.434082031,-0.090353012,-0.326446533,-0.067565918,-0.666191101,-0.394645691,-0.066223145,-0.667892456,-0.379388332,-0.486999512,-0.138061523,-0.346496582,-0.097747803,-0.000102196,-0.590576172,-0.355407715,-0.145019531,-0.597900391,-0.489624023,-0.383987427,-0.391830444,-0.001353988,-0.000956805,-0.109680176,-0.000865697,-0.404632568,-0.726303101,-0.070251465,-0.355415344,-0.620025635,-0.120300293,-2.98768E-05,-2.51997E-05,1.02408E-05,-0.080226898,-0.491760254,-0.423156738
7.48,-0.270477295,-0.279060364,-0.042861938,-0.468536377,-0.104728699,-0.331298828,-0.097595215,-0.680770874,-0.330917358,-0.039627075,-0.682662964,-0.394115925,-0.483337402,-0.11529541,-0.328430176,-0.096557617,-0.000194824,-0.563659668,-0.339599609,-0.151107788,-0.604309082,-0.478515625,-0.322814941,-0.424957275,-0.001356989,-0.00096056,-0.09828186,-0.000865697,-0.37991333,-0.731109619,-0.093261719,-0.346870422,-0.648864746,-0.099822998,-1.44541E-06,3.25963E-06,7.82609E-05,-0.082733154,-0.534088135,-0.402954102
7.49,-0.327270508,-0.217018127,-0.100219727,-0.440231323,-0.149051666,-0.300811768,-0.142578125,-0.707496643,-0.352561951,-0.050506592,-0.694969177,-0.394115925,-0.483337402,-0.112915039,-0.328430176,-0.131225586,-5.87171E-05,-0.579559326,-0.312805176,-0.145019531,-0.625976563,-0.495849609,-0.315467834,-0.418838501,-0.001356238,-0.000962813,-0.043792725,-0.00084993,-0.419464111,-0.750305176,-0.115112305,-0.36151123,-0.650115967,-0.125396729,-2.60845E-05,0.000109503,7.25947E-05,-0.100288391,-0.544967651,-0.390838623
7.5,-0.322235107,-0.240135193,-0.084213257,-0.414398193,-0.16103363,-0.338592529,-0.135070801,-0.702636719,-0.357368469,-0.089191437,-0.674049377,-0.401479721,-0.475921631,-0.112915039,-0.330841064,-0.137207031,8.11704E-05,-0.624847412,-0.35055542,-0.127990723,-0.659179688,-0.500732422,-0.375411987,-0.41394043,-0.001362239,-0.000965066,-0.060272217,-0.000844674,-0.429351807,-0.768325806,-0.133239746,-0.38835144,-0.647583008,-0.147155762,1.37165E-05,5.44824E-05,9.33781E-05,-0.089004517,-0.540130615,-0.377380371
7.51,-0.266693115,-0.271759033,-0.049530029,-0.441467285,-0.105926514,-0.356903076,-0.105102539,-0.680770874,-0.353759766,-0.113368988,-0.706054688,-0.389206886,-0.452575684,-0.104492188,-0.344085693,-0.138397217,3.20207E-05,-0.593048096,-0.401702881,-0.12676239,-0.633605957,-0.482177734,-0.3852005,-0.458114624,-0.001354738,-0.000973327,-0.116012573,-0.000864196,-0.408340454,-0.758712769,-0.147766113,-0.366394043,-0.675170898,-0.127960205,4.23938E-06,-0.00015231,6.50361E-05,-0.100288391,-0.530441284,-0.405670166
7.52,-0.261627197,-0.259590149,-0.081542969,-0.453781128,-0.085561752,-0.344696045,-0.103881836,-0.697784424,-0.376609802,-0.073474884,-0.715904236,-0.381842613,-0.471038818,-0.090148926,-0.371795654,-0.170684814,1.12271E-05,-0.555114746,-0.381011963,-0.138938904,-0.596557617,-0.514404297,-0.350959778,-0.47038269,-0.001342736,-0.000977834,-0.114761353,-0.000869451,-0.416992188,-0.756317139,-0.133239746,-0.343208313,-0.667633057,-0.106201172,-9.81074E-05,-0.000144722,2.15769E-05,-0.141666412,-0.499008179,-0.415100098
7.53,-0.317199707,-0.268112183,-0.08821106,-0.452545166,-0.110719681,-0.377624512,-0.092590332,-0.707496643,-0.404258728,-0.032375336,-0.701133728,-0.412526131,-0.499298096,-0.094970703,-0.353729248,-0.174224854,5.47059E-05,-0.595489502,-0.355407715,-0.141372681,-0.617004395,-0.562744141,-0.344833374,-0.41394043,-0.001349487,-0.000971074,-0.093215942,-0.000862694,-0.434295654,-0.791137695,-0.117492676,-0.367614746,-0.680175781,-0.133087158,-4.88292E-05,2.22307E-05,0.000123609,-0.136650085,-0.520782471,-0.431243896
7.54,-0.350006104,-0.263244629,-0.108230591,-0.435317993,-0.114311218,-0.405670166,-0.070068359,-0.713569641,-0.44153595,-0.1073246,-0.77130127,-0.453028202,-0.485778809,-0.126037598,-0.357345581,-0.169464111,3.66475E-06,-0.641967773,-0.388305664,-0.17666626,-0.651550293,-0.545410156,-0.379089355,-0.380783081,-0.001351738,-0.000959809,-0.097015381,-0.000861192,-0.420700073,-0.795928955,-0.119934082,-0.387138367,-0.724029541,-0.135650635,1.94032E-05,0.000107605,0.000119831,-0.094020844,-0.551010132,-0.491851807
7.55,-0.293212891,-0.270545959,-0.137573242,-0.413192749,-0.113115311,-0.391052246,-0.076293945,-0.743942261,-0.461975098,-0.141174316,-0.804534912,-0.453028202,-0.480865479,-0.116516113,-0.398300171,-0.158691406,-3.41423E-05,-0.63583374,-0.405334473,-0.221710205,-0.657897949,-0.520629883,-0.358283997,-0.404098511,-0.001351738,-0.000956054,-0.127426147,-0.000865697,-0.413284302,-0.797134399,-0.13079834,-0.383476257,-0.717773438,-0.122833252,-7.53645E-05,0.000115193,2.15769E-05,-0.112827301,-0.543746948,-0.493164063
7.56,-0.296966553,-0.308258057,-0.109558105,-0.441467285,-0.123895645,-0.372741699,-0.110107422,-0.756088257,-0.437927246,-0.069849014,-0.745452881,-0.424799919,-0.482086182,-0.076965332,-0.397094727,-0.121673584,1.50073E-05,-0.591827393,-0.381011963,-0.194923401,-0.662963867,-0.534301758,-0.331382751,-0.395507813,-0.001357739,-0.000962813,-0.138824463,-0.000862694,-0.44418335,-0.843948364,-0.157470703,-0.398117065,-0.714019775,-0.161254883,-6.58892E-05,0.000103811,9.71593E-05,-0.152950287,-0.558258057,-0.47567749
7.57,-0.360107422,-0.277839661,-0.113555908,-0.447631836,-0.140666962,-0.38494873,-0.133850098,-0.771881104,-0.417488098,-0.069849014,-0.746681213,-0.405161858,-0.491912842,-0.076965332,-0.383850098,-0.115692139,6.60475E-05,-0.591827393,-0.374908447,-0.131637573,-0.678344727,-0.551513672,-0.404777527,-0.407775879,-0.001354738,-0.000968821,-0.107147217,-0.000855186,-0.483734131,-0.849960327,-0.176879883,-0.410316467,-0.730316162,-0.163818359,8.02986E-06,7.91475E-05,0.000125498,-0.161727905,-0.543746948,-0.493164063
7.58,-0.31338501,-0.259590149,-0.129562378,-0.40335083,-0.147853851,-0.386138916,-0.103881836,-0.767021179,-0.433113098,-0.102489471,-0.797149658,-0.411298752,-0.516479492,-0.098510742,-0.37902832,-0.133605957,8.87318E-05,-0.64440918,-0.398040771,-0.151107788,-0.689819336,-0.586181641,-0.436584473,-0.453201294,-0.001347237,-0.000969572,-0.074203491,-0.000857438,-0.492385864,-0.845153809,-0.14654541,-0.412757874,-0.731536865,-0.130523682,-3.74578E-05,7.15572E-05,3.29167E-05,-0.157966614,-0.528030396,-0.486450195
7.59,-0.30078125,-0.300956726,-0.105560303,-0.416870117,-0.149051666,-0.380096436,-0.082580566,-0.743942261,-0.476402283,-0.108533859,-0.81438446,-0.472666264,-0.523864746,-0.104492188,-0.364562988,-0.124023438,8.49515E-05,-0.664001465,-0.419952393,-0.201011658,-0.725585938,-0.597412109,-0.399879456,-0.432327271,-0.001345737,-0.000965066,-0.100814819,-0.000852933,-0.46395874,-0.887161255,-0.122375488,-0.41519928,-0.760375977,-0.153564453,-6.58892E-05,9.43244E-05,3.29167E-05,-0.140411377,-0.561889648,-0.494537354
7.6,-0.392944336,-0.297309875,-0.118896484,-0.432861328,-0.144262314,-0.38494873,-0.12512207,-0.792533875,-0.506462097,-0.100070953,-0.805770874,-0.48371172,-0.515289307,-0.106933594,-0.363372803,-0.11807251,5.65955E-05,-0.656677246,-0.411437988,-0.154762268,-0.760009766,-0.560302734,-0.41456604,-0.416381836,-0.001344986,-0.000959809,-0.157821655,-0.00084993,-0.449127197,-0.902770996,-0.139282227,-0.394454956,-0.775390625,-0.202209473,-1.09226E-05,6.20726E-05,-2.56598E-05,-0.149188995,-0.569152832,-0.502593994
7.61,-0.405548096,-0.291221619,-0.11756897,-0.420562744,-0.12988472,-0.397155762,-0.163879395,-0.845977783,-0.469192505,-0.062595367,-0.799613953,-0.406389236,-0.523864746,-0.106933594,-0.3621521,-0.158691406,4.90341E-05,-0.651763916,-0.408996582,-0.129203796,-0.748596191,-0.553955078,-0.408454895,-0.445831299,-0.001338985,-0.000965817,-0.132492065,-0.000861192,-0.475097656,-0.9087677,-0.151428223,-0.410316467,-0.779174805,-0.213745117,-1.47149E-05,1.65403E-05,-7.85626E-05,-0.176773071,-0.581237793,-0.477050781
7.62,-0.362640381,-0.297309875,-0.085540771,-0.458694458,-0.135875702,-0.428833008,-0.157653809,-0.828979492,-0.434318542,-0.07468605,-0.827934265,-0.417435646,-0.56072998,-0.109313965,-0.377822876,-0.194580078,3.20207E-05,-0.661560059,-0.434570313,-0.179107666,-0.721740723,-0.588623047,-0.387649536,-0.453201294,-0.001345737,-0.000974829,-0.083084106,-0.000859691,-0.50970459,-0.930389404,-0.148986816,-0.450584412,-0.821777344,-0.208618164,-0.000113273,5.1558E-06,7.93487E-07,-0.179283142,-0.604217529,-0.490509033
7.63,-0.365142822,-0.307037354,-0.129562378,-0.46975708,-0.152647018,-0.444702148,-0.131347656,-0.803459167,-0.484817505,-0.097652435,-0.871009827,-0.494757652,-0.558288574,-0.138061523,-0.423599243,-0.193328857,-3.89665E-06,-0.700683594,-0.439422607,-0.1876297,-0.702575684,-0.601074219,-0.447593689,-0.461807251,-0.001355488,-0.000966568,-0.124893188,-0.000848428,-0.54800415,-0.909973145,-0.144165039,-0.427398682,-0.829284668,-0.204772949,-0.000122748,-4.41708E-05,2.34693E-05,-0.18555069,-0.572769165,-0.466247559
7.64,-0.3777771,-0.349624634,-0.152236938,-0.430389404,-0.146656036,-0.430023193,-0.128845215,-0.837478638,-0.524497986,-0.095235825,-0.875930786,-0.509486198,-0.52633667,-0.163208008,-0.433227539,-0.186218262,-3.03611E-05,-0.732513428,-0.4296875,-0.179107666,-0.731994629,-0.619628906,-0.479400635,-0.469177246,-0.001348737,-0.000959058,-0.147689819,-0.000849179,-0.546783447,-0.919586182,-0.184082031,-0.423736572,-0.819274902,-0.216308594,-3.17711E-05,-4.60688E-05,7.0706E-05,-0.213134766,-0.561889648,-0.429901123
7.65,-0.38659668,-0.361785889,-0.118896484,-0.442703247,-0.156240463,-0.442260742,-0.157653809,-0.869064331,-0.500450134,-0.096445084,-0.877174377,-0.478803158,-0.527557373,-0.127258301,-0.40914917,-0.200500488,-5.87171E-05,-0.719055176,-0.435791016,-0.194923401,-0.806030273,-0.641845703,-0.448822021,-0.45199585,-0.001351738,-0.000963564,-0.102081299,-0.000849179,-0.515869141,-1.002426147,-0.232543945,-0.450584412,-0.853088379,-0.221405029,7.81566E-05,-4.32879E-06,0.000157621,-0.234451294,-0.595748901,-0.505310059
7.66,-0.400512695,-0.342323303,-0.162918091,-0.472229004,-0.198167801,-0.472717285,-0.17010498,-0.860557556,-0.492034912,-0.092817307,-0.923942566,-0.444437027,-0.56072998,-0.096130371,-0.421188354,-0.20892334,-2.28006E-05,-0.703155518,-0.450408936,-0.18032074,-0.798400879,-0.591186523,-0.432922363,-0.448303223,-0.001359989,-0.00096056,-0.112213135,-0.00084993,-0.551727295,-1.049240112,-0.18170166,-0.435943604,-0.88067627,-0.207336426,0.000119857,-6.22682E-06,8.77082E-05,-0.219402313,-0.604217529,-0.545684814
7.67,-0.415649414,-0.349624634,-0.189605713,-0.440231323,-0.21254158,-0.495910645,-0.17010498,-0.882423401,-0.51247406,-0.104906082,-0.975654602,-0.478803158,-0.566894531,-0.132080078,-0.457336426,-0.168273926,2.06791E-05,-0.733734131,-0.46987915,-0.163284302,-0.753662109,-0.555297852,-0.398666382,-0.466705322,-0.001356989,-0.000959058,-0.137557983,-0.000864196,-0.58013916,-1.028823853,-0.116271973,-0.43837738,-0.863098145,-0.218841553,-1.09226E-05,-4.60688E-05,-2.37711E-05,-0.205612183,-0.611465454,-0.507995605
7.68,-0.433319092,-0.37273407,-0.165588379,-0.451309204,-0.171813965,-0.511749268,-0.188842773,-0.911575317,-0.546142578,-0.124250412,-0.995346069,-0.574534893,-0.53616333,-0.117675781,-0.45854187,-0.164672852,-6.24983E-05,-0.761871338,-0.49420166,-0.193717957,-0.793273926,-0.591186523,-0.394989014,-0.443389893,-0.001355488,-0.000965066,-0.117279053,-0.000872455,-0.512176514,-1.016815186,-0.138122559,-0.462783813,-0.853088379,-0.222686768,-7.53645E-05,-8.59089E-05,-2.75485E-05,-0.239467621,-0.640487671,-0.544372559
7.69,-0.44342041,-0.347190857,-0.174942017,-0.507888794,-0.125095367,-0.48248291,-0.176391602,-0.907936096,-0.581008911,-0.144800186,-1.008895874,-0.597854614,-0.537384033,-0.067382813,-0.456130981,-0.217285156,-8.14013E-05,-0.764312744,-0.488128662,-0.199798584,-0.825195313,-0.601074219,-0.431694031,-0.416381836,-0.001353988,-0.000962813,-0.129943848,-0.000867199,-0.48991394,-1.037231445,-0.187744141,-0.474983215,-0.913238525,-0.198364258,-4.12501E-05,-8.97031E-05,2.53581E-05,-0.260780334,-0.647735596,-0.590148926
7.7,-0.453521729,-0.304603577,-0.182937622,-0.463623047,-0.149051666,-0.469085693,-0.142578125,-0.899429321,-0.576194763,-0.141174316,-1.043357849,-0.557352543,-0.558288574,-0.102111816,-0.485046387,-0.247161865,-2.46903E-05,-0.787567139,-0.484466553,-0.168144226,-0.8046875,-0.633178711,-0.441482544,-0.466705322,-0.001348737,-0.000959809,-0.164169312,-0.000861192,-0.577667236,-1.070846558,-0.185302734,-0.494506836,-0.963348389,-0.206054688,-0.000145491,-1.38152E-05,5.93662E-05,-0.264541626,-0.638076782,-0.556488037
7.71,-0.467407227,-0.363006592,-0.198944092,-0.431625366,-0.181396484,-0.536132813,-0.152587891,-0.922515869,-0.568984985,-0.112159729,-1.03843689,-0.558579922,-0.575469971,-0.138061523,-0.470581055,-0.266265869,1.7751E-06,-0.790008545,-0.529510498,-0.194923401,-0.80090332,-0.685302734,-0.495307922,-0.529312134,-0.001344986,-0.000957556,-0.161621094,-0.000858189,-0.611053467,-1.10925293,-0.157470703,-0.506706238,-0.965881348,-0.222686768,-0.000208039,8.29417E-05,4.57093E-06,-0.26203537,-0.653793335,-0.537628174
7.72,-0.456054688,-0.412887573,-0.218948364,-0.502975464,-0.16103363,-0.576385498,-0.153869629,-0.963813782,-0.602653503,-0.149635315,-0.984268188,-0.554897785,-0.593933105,-0.130859375,-0.415161133,-0.271057129,8.68421E-05,-0.748413086,-0.546600342,-0.237533569,-0.818786621,-0.659301758,-0.536895752,-0.524414063,-0.001344236,-0.000950046,-0.147689819,-0.000860441,-0.588806152,-1.120056152,-0.152587891,-0.512809753,-0.962127686,-0.204772949,-7.1574E-05,-4.32879E-06,-4.64432E-05,-0.19934082,-0.668304443,-0.551086426
7.73,-0.440887451,-0.388549805,-0.224304199,-0.504180908,-0.177804947,-0.547088623,-0.145080566,-0.971099854,-0.639923096,-0.185903549,-1.001502991,-0.563489437,-0.564422607,-0.110534668,-0.435653687,-0.254272461,2.25687E-05,-0.756988525,-0.510040283,-0.235092163,-0.820068359,-0.629516602,-0.495307922,-0.483886719,-0.001350237,-0.000957556,-0.14515686,-0.000856687,-0.602401733,-1.114059448,-0.161132813,-0.51524353,-0.952087402,-0.183013916,2.88785E-05,-0.000102984,4.42527E-05,-0.151699066,-0.66708374,-0.537628174
7.74,-0.461090088,-0.378822327,-0.221618652,-0.466064453,-0.201761246,-0.510498047,-0.166381836,-0.979606628,-0.630310059,-0.137546539,-1.042129517,-0.605218887,-0.52633667,-0.078125,-0.497085571,-0.241149902,-0.000145675,-0.826721191,-0.472320557,-0.238746643,-0.829040527,-0.643188477,-0.467163086,-0.450759888,-0.00136299,-0.000966568,-0.152755737,-0.000855936,-0.588806152,-1.133270264,-0.175598145,-0.499389648,-0.972137451,-0.18939209,-4.12501E-05,-8.21147E-05,6.69248E-05,-0.203105927,-0.691268921,-0.542999268
7.75,-0.483795166,-0.369087219,-0.204284668,-0.510345459,-0.17301178,-0.483673096,-0.175109863,-1.03062439,-0.5990448,-0.119415283,-1.051971436,-0.594172478,-0.563171387,-0.096130371,-0.474197388,-0.232818604,-7.76211E-05,-0.832855225,-0.471099854,-0.249702454,-0.864746094,-0.66418457,-0.480628967,-0.450759888,-0.00136599,-0.000964315,-0.151489258,-0.000867199,-0.564071655,-1.148880005,-0.188964844,-0.503044128,-1.012237549,-0.195831299,-8.10511E-05,-0.000140928,-6.53379E-05,-0.235702515,-0.69732666,-0.561859131
7.76,-0.472442627,-0.381256104,-0.200271606,-0.510345459,-0.163427353,-0.509307861,-0.180114746,-1.079208374,-0.594230652,-0.152053833,-1.085212708,-0.606446266,-0.586547852,-0.121276855,-0.444076538,-0.228027344,1.50073E-05,-0.803466797,-0.525878906,-0.246040344,-0.886474609,-0.672851563,-0.49041748,-0.464248657,-0.001360739,-0.000969572,-0.142623901,-0.00086795,-0.604873657,-1.164474487,-0.187744141,-0.512809753,-1.013458252,-0.202209473,-7.34683E-05,-0.000165591,-6.34454E-05,-0.210624695,-0.658615112,-0.561859131
7.77,-0.45980835,-0.393417358,-0.192276001,-0.470993042,-0.17540741,-0.554412842,-0.185119629,-1.071929932,-0.626701355,-0.184692383,-1.112297058,-0.632220268,-0.542297363,-0.090148926,-0.481430054,-0.235168457,2.25687E-05,-0.829162598,-0.570953369,-0.23021698,-0.89666748,-0.66418457,-0.485527039,-0.464248657,-0.001361489,-0.000972576,-0.137557983,-0.00086795,-0.665435791,-1.19329834,-0.198669434,-0.510368347,-1.005950928,-0.195831299,-0.000143597,-5.74496E-05,3.66941E-05,-0.219402313,-0.665878296,-0.590148926
7.78,-0.478759766,-0.364219666,-0.193603516,-0.504180908,-0.177804947,-0.565368652,-0.191345215,-1.034263611,-0.65675354,-0.200408936,-1.154159546,-0.607673645,-0.561981201,-0.085327148,-0.493469238,-0.265045166,5.65955E-05,-0.857299805,-0.574584961,-0.218048096,-0.931152344,-0.660400391,-0.503868103,-0.460571289,-0.001360739,-0.000967319,-0.137557983,-0.000874707,-0.669143677,-1.1980896,-0.209533691,-0.523788452,-1.023498535,-0.180450439,-9.43169E-05,-8.123E-06,5.37001E-05,-0.257015228,-0.698532104,-0.623809814
7.79,-0.51663208,-0.37638855,-0.222961426,-0.510345459,-0.199365616,-0.572723389,-0.233886719,-1.060997009,-0.638717651,-0.183485031,-1.175079346,-0.611354828,-0.591461182,-0.094970703,-0.45010376,-0.261474609,3.58019E-05,-0.86831665,-0.562408447,-0.253356934,-0.941345215,-0.661743164,-0.525894165,-0.458114624,-0.001356989,-0.00096807,-0.141357422,-0.000864946,-0.646896362,-1.204086304,-0.161132813,-0.54209137,-1.057342529,-0.202209473,-3.17711E-05,-2.14037E-05,2.53581E-05,-0.278331757,-0.684020996,-0.645355225
7.8,-0.500213623,-0.416534424,-0.214950562,-0.468536377,-0.21254158,-0.564178467,-0.217651367,-1.116874695,-0.62789917,-0.16293335,-1.164001465,-0.630992889,-0.552124023,-0.091369629,-0.406738281,-0.232818604,2.06791E-05,-0.909912109,-0.530761719,-0.282562256,-0.926086426,-0.660400391,-0.492866516,-0.460571289,-0.001360739,-0.000967319,-0.147689819,-0.000856687,-0.675323486,-1.247314453,-0.129577637,-0.543312073,-1.091156006,-0.208618164,-0.000109481,-4.32879E-06,1.21295E-05,-0.245735168,-0.688858032,-0.679016113
7.81,-0.45980835,-0.427474976,-0.222961426,-0.485748291,-0.21014595,-0.578765869,-0.136352539,-1.101081848,-0.65675354,-0.144800186,-1.192321777,-0.649403095,-0.581634521,-0.117675781,-0.40914917,-0.265045166,-1.33486E-05,-0.936828613,-0.544128418,-0.253356934,-0.927307129,-0.674072266,-0.496528625,-0.478988647,-0.001371241,-0.000966568,-0.141357422,-0.000864196,-0.723526001,-1.282119751,-0.186523438,-0.544532776,-1.091156006,-0.203491211,-6.58892E-05,-6.12456E-05,1.77994E-05,-0.233196259,-0.749313354,-0.654785156
7.82,-0.474975586,-0.415313721,-0.260314941,-0.522644043,-0.243688583,-0.616607666,-0.157653809,-1.091362,-0.682006836,-0.131502151,-1.20954895,-0.670267582,-0.634490967,-0.127258301,-0.485046387,-0.306884766,-5.78631E-06,-0.924621582,-0.609893799,-0.24848175,-0.914550781,-0.711181641,-0.556472778,-0.496170044,-0.00136599,-0.000976331,-0.138824463,-0.000861192,-0.712402344,-1.283325195,-0.221679688,-0.568939209,-1.093658447,-0.231658936,4.5076E-07,-6.31418E-05,4.23603E-05,-0.239467621,-0.781967163,-0.602264404
7.83,-0.474975586,-0.412887573,-0.250961304,-0.50541687,-0.256868362,-0.601959229,-0.217651367,-1.144813538,-0.686813354,-0.149635315,-1.226783752,-0.677631855,-0.600067139,-0.094970703,-0.521179199,-0.293762207,8.30609E-05,-0.949066162,-0.619628906,-0.28377533,-0.926086426,-0.704956055,-0.547912598,-0.469177246,-0.001347987,-0.00097558,-0.159088135,-0.000859691,-0.669143677,-1.291732788,-0.208374023,-0.593338013,-1.126251221,-0.229095459,-9.02824E-06,6.7763E-05,3.29167E-05,-0.193073273,-0.750534058,-0.630523682
7.84,-0.477508545,-0.428695679,-0.253646851,-0.468536377,-0.216136932,-0.611694336,-0.186340332,-1.173965454,-0.690422058,-0.170186996,-1.262481689,-0.657993793,-0.575469971,-0.086547852,-0.452514648,-0.271057129,3.39113E-05,-0.967407227,-0.597717285,-0.29108429,-0.977111816,-0.661743164,-0.500205994,-0.426193237,-0.001340486,-0.000954552,-0.166702271,-0.000871704,-0.664199829,-1.309738159,-0.219238281,-0.586013794,-1.162597656,-0.217590332,1.94032E-05,2.60249E-05,-2.56598E-05,-0.210624695,-0.733596802,-0.672302246
7.85,-0.509063721,-0.403152466,-0.287002563,-0.482055664,-0.207752228,-0.650756836,-0.172607422,-1.187324524,-0.721687317,-0.171396255,-1.258789063,-0.633447647,-0.588989258,-0.109313965,-0.434448242,-0.27822876,-3.98131E-05,-0.934387207,-0.594055176,-0.271614075,-0.983520508,-0.662963867,-0.505096436,-0.41394043,-0.001341236,-0.000950046,-0.138824463,-0.000872455,-0.702514648,-1.320541382,-0.220458984,-0.576255798,-1.211456299,-0.257263184,1.94032E-05,-7.45263E-05,-2.94372E-05,-0.255764008,-0.759002686,-0.65612793
7.86,-0.509063721,-0.395851135,-0.307006836,-0.517730713,-0.206554413,-0.617828369,-0.221374512,-1.212837219,-0.722885132,-0.176231384,-1.261253357,-0.671494961,-0.584075928,-0.114074707,-0.454925537,-0.308044434,5.55534E-06,-0.934387207,-0.598937988,-0.278915405,-0.973327637,-0.686401367,-0.543022156,-0.390594482,-0.001345737,-0.000957556,-0.117279053,-0.000862694,-0.730941772,-1.339752197,-0.196228027,-0.609199524,-1.229003906,-0.254699707,2.6986E-05,8.95187E-06,2.72468E-05,-0.218151093,-0.772293091,-0.635925293
7.87,-0.519165039,-0.449378967,-0.293655396,-0.498046875,-0.202959061,-0.603210449,-0.25012207,-1.226196289,-0.683204651,-0.15930748,-1.296958923,-0.699723721,-0.574249268,-0.104492188,-0.441680908,-0.32598877,3.76916E-05,-0.967407227,-0.625732422,-0.310554504,-1.001403809,-0.692626953,-0.585830688,-0.424957275,-0.001350237,-0.000956054,-0.150222778,-0.000861943,-0.729705811,-1.376968384,-0.184082031,-0.623840332,-1.220245361,-0.206054688,2.34507E-06,2.22307E-05,9.14894E-05,-0.200595856,-0.781967163,-0.670928955
7.88,-0.517913818,-0.450592041,-0.261642456,-0.475906372,-0.236501694,-0.661712646,-0.23638916,-1.262641907,-0.718078613,-0.1073246,-1.316650391,-0.675177097,-0.584075928,-0.094970703,-0.501907349,-0.315216064,1.50073E-05,-0.990692139,-0.63180542,-0.293510437,-1.044799805,-0.698852539,-0.602958679,-0.501068115,-0.001348737,-0.000961311,-0.185699463,-0.000864196,-0.730941772,-1.430984497,-0.195007324,-0.583580017,-1.256561279,-0.239349365,-8.10511E-05,-0.000135235,1.02408E-05,-0.238208771,-0.784378052,-0.72076416
7.89,-0.52041626,-0.405586243,-0.258972168,-0.472229004,-0.238899231,-0.687316895,-0.211425781,-1.305160522,-0.772186279,-0.113368988,-1.354812622,-0.702178478,-0.601287842,-0.087768555,-0.581420898,-0.291351318,-6.62785E-05,-0.986999512,-0.609893799,-0.275260925,-1.060119629,-0.749633789,-0.555252075,-0.463012695,-0.001350987,-0.000967319,-0.159088135,-0.000863445,-0.780395508,-1.475402832,-0.19744873,-0.616516113,-1.277862549,-0.316131592,-6.58892E-05,-0.000156105,-0.000184372,-0.259525299,-0.788024902,-0.714019775
7.9,-0.573425293,-0.427474976,-0.268310547,-0.470993042,-0.211343765,-0.681213379,-0.220153809,-1.314872742,-0.758956909,-0.184692383,-1.405281067,-0.748817444,-0.606201172,-0.102111816,-0.571777344,-0.274627686,-7.76211E-05,-1.015136719,-0.637878418,-0.306907654,-1.035827637,-0.791748047,-0.555252075,-0.410247803,-0.001353988,-0.000971074,-0.14515686,-0.000861192,-0.840957642,-1.498214722,-0.182922363,-0.671424866,-1.270355225,-0.296936035,1.7507E-05,2.41287E-05,-0.000133358,-0.269557953,-0.801315308,-0.701904297
7.91,-0.565856934,-0.487091064,-0.260314941,-0.504180908,-0.247282028,-0.697052002,-0.256408691,-1.356178284,-0.779396057,-0.211290359,-1.417602539,-0.761090755,-0.617279053,-0.105712891,-0.568161011,-0.296112061,-2.00607E-06,-1.087310791,-0.685394287,-0.316642761,-1.057556152,-0.766967773,-0.618858337,-0.438461304,-0.001353988,-0.000971825,-0.194564819,-0.000862694,-0.822418213,-1.518630981,-0.201049805,-0.626281738,-1.306671143,-0.245727539,7.81566E-05,7.91475E-05,3.29167E-05,-0.299648285,-0.79284668,-0.705932617
7.92,-0.564605713,-0.472488403,-0.281661987,-0.511581421,-0.279626846,-0.732421875,-0.28515625,-1.404769897,-0.815467834,-0.16293335,-1.439758301,-0.757408619,-0.62588501,-0.080566406,-0.58984375,-0.348693848,-9.08533E-05,-1.086090088,-0.687805176,-0.323944092,-1.111206055,-0.744628906,-0.596847534,-0.477752686,-0.001357739,-0.000966568,-0.211044312,-0.000870202,-0.764328003,-1.542633057,-0.220458984,-0.614082336,-1.356811523,-0.25982666,1.7507E-05,-1.0021E-05,6.46338E-06,-0.28836441,-0.808563232,-0.67364502
7.93,-0.596160889,-0.43964386,-0.296340942,-0.462387085,-0.238899231,-0.731170654,-0.305175781,-1.361038208,-0.786613464,-0.144800186,-1.465614319,-0.748817444,-0.601287842,-0.081726074,-0.557327271,-0.371398926,-0.00017592,-1.07510376,-0.676849365,-0.325164795,-1.101013184,-0.758178711,-0.56136322,-0.476516724,-0.001356989,-0.000963564,-0.192047119,-0.000873205,-0.779144287,-1.565444946,-0.222839355,-0.649459839,-1.383117676,-0.25982666,-9.62131E-05,3.74094E-05,-8.801E-05,-0.263286591,-0.84727478,-0.687103271
7.94,-0.548187256,-0.448158264,-0.282989502,-0.457458496,-0.226917267,-0.704406738,-0.325195313,-1.340393066,-0.784210205,-0.176231384,-1.4766922,-0.768455029,-0.597595215,-0.104492188,-0.540466309,-0.352294922,-3.03611E-05,-1.106903076,-0.696350098,-0.282562256,-1.093322754,-0.790405273,-0.601745605,-0.443389893,-0.001350237,-0.000955303,-0.181900024,-0.000863445,-0.837234497,-1.585845947,-0.237426758,-0.656784058,-1.371826172,-0.25982666,-2.2294E-05,0.000166418,-4.07733E-05,-0.28836441,-0.850891113,-0.778656006
7.95,-0.549438477,-0.455459595,-0.305679321,-0.50050354,-0.266450882,-0.754333496,-0.311462402,-1.426635742,-0.81426239,-0.177440643,-1.493919373,-0.789319515,-0.622192383,-0.111694336,-0.577804565,-0.348693848,6.41569E-05,-1.124023438,-0.74017334,-0.277687073,-1.136779785,-0.827514648,-0.63722229,-0.436019897,-0.001348737,-0.000954552,-0.159088135,-0.000854435,-0.887908936,-1.620651245,-0.244689941,-0.690948486,-1.361816406,-0.302062988,5.7308E-05,0.000120884,9.71593E-05,-0.29839325,-0.878707886,-0.786743164
7.96,-0.627716064,-0.487091064,-0.333679199,-0.491897583,-0.274835587,-0.816558838,-0.265197754,-1.488586426,-0.819076538,-0.211290359,-1.516082764,-0.793001652,-0.598846436,-0.114074707,-0.583831787,-0.358276367,3.20207E-05,-1.164428711,-0.763305664,-0.332466125,-1.16607666,-0.823852539,-0.65801239,-0.443389893,-0.001347237,-0.000966568,-0.169235229,-0.000853684,-0.920059204,-1.669891357,-0.251953125,-0.706809998,-1.414428711,-0.293121338,-2.41902E-05,-1.76094E-05,5.74775E-05,-0.327232361,-0.9246521,-0.72076416
7.97,-0.618896484,-0.534538269,-0.336364746,-0.463623047,-0.2604599,-0.806793213,-0.246398926,-1.500732422,-0.841918945,-0.260854721,-1.561630249,-0.811411858,-0.565643311,-0.098510742,-0.560943604,-0.358276367,-1.14581E-05,-1.17175293,-0.764526367,-0.361671448,-1.17376709,-0.779296875,-0.675140381,-0.448303223,-0.001340486,-0.000963564,-0.186965942,-0.000857438,-0.908935547,-1.693893433,-0.270141602,-0.681182861,-1.459564209,-0.290557861,-1.85054E-05,-2.89921E-05,-1.99899E-05,-0.369861603,-0.919815063,-0.757141113
7.98,-0.582275391,-0.505340576,-0.327011108,-0.518966675,-0.266450882,-0.818969727,-0.265197754,-1.533538818,-0.8695755,-0.218544006,-1.597335815,-0.82613945,-0.590240479,-0.08416748,-0.560943604,-0.382171631,-8.14013E-05,-1.182769775,-0.775482178,-0.35193634,-1.194213867,-0.764526367,-0.648223877,-0.438461304,-0.001344236,-0.000967319,-0.169235229,-0.00085894,-0.911407471,-1.72869873,-0.268859863,-0.708030701,-1.469573975,-0.330230713,4.59384E-05,5.1558E-06,5.18113E-05,-0.347293854,-0.905319214,-0.811004639
7.99,-0.622680664,-0.445724487,-0.309677124,-0.579238892,-0.292804718,-0.828704834,-0.28515625,-1.552970886,-0.882804871,-0.19194603,-1.639190674,-0.854369164,-0.613586426,-0.118896484,-0.54888916,-0.41204834,-7.95117E-05,-1.257415771,-0.770629883,-0.364112854,-1.226135254,-0.79284668,-0.61151886,-0.409011841,-0.001348737,-0.00097558,-0.195846558,-0.000860441,-0.94972229,-1.789916992,-0.257995605,-0.748298645,-1.500915527,-0.353271484,4.23938E-06,-6.12456E-05,1.96882E-05,-0.323471069,-0.928283691,-0.788116455
8,-0.635284424,-0.493171692,-0.339035034,-0.55708313,-0.315567017,-0.815307617,-0.287658691,-1.550537109,-0.906845093,-0.233049393,-1.710586548,-0.882597446,-0.633239746,-0.134460449,-0.553710938,-0.41204834,-5.78631E-06,-1.298980713,-0.752349854,-0.396965027,-1.24786377,-0.834960938,-0.669029236,-0.405334473,-0.001341236,-0.000964315,-0.224975586,-0.000863445,-0.967025757,-1.829544067,-0.283447266,-0.775138855,-1.554779053,-0.336639404,1.7507E-05,-0.000106778,-6.34454E-05,-0.349803925,-0.973022461,-0.80291748
8.01,-0.607513428,-0.562515259,-0.376373291,-0.549697876,-0.331138611,-0.856781006,-0.29888916,-1.600349426,-0.935699463,-0.243928909,-1.715507507,-0.881370068,-0.66027832,-0.105712891,-0.583831787,-0.390533447,-3.03611E-05,-1.314910889,-0.785217285,-0.368980408,-1.275939941,-0.862182617,-0.726524353,-0.422515869,-0.001341236,-0.000961311,-0.194564819,-0.000856687,-0.976913452,-1.871551514,-0.324645996,-0.814178467,-1.589874268,-0.289276123,9.52166E-05,7.05384E-06,-5.21094E-05,-0.381145477,-0.996002197,-0.815032959
8.02,-0.640350342,-0.552787781,-0.357696533,-0.568161011,-0.334733963,-0.864105225,-0.315185547,-1.663513184,-0.977790833,-0.236675262,-1.722892761,-0.902235508,-0.611114502,-0.085327148,-0.564544678,-0.368988037,-6.43879E-05,-1.283081055,-0.835144043,-0.338554382,-1.316772461,-0.869628906,-0.667800903,-0.445831299,-0.001356238,-0.000963564,-0.176834106,-0.000843172,-0.984329224,-1.902770996,-0.30279541,-0.791000366,-1.598632813,-0.305908203,8.38432E-05,0.000122782,-3.69959E-05,-0.371116638,-0.971817017,-0.780029297
8.03,-0.681976318,-0.543052673,-0.351028442,-0.55708313,-0.297595978,-0.840942383,-0.316467285,-1.6926651,-1.018661499,-0.270524979,-1.801681519,-0.891189098,-0.580383301,-0.078125,-0.558532715,-0.378570557,5.55534E-06,-1.254943848,-0.829071045,-0.371406555,-1.316772461,-0.890625,-0.639663696,-0.437255859,-0.001359239,-0.000954552,-0.184432983,-0.000848428,-0.995452881,-1.905181885,-0.244689941,-0.781234741,-1.634979248,-0.332794189,-2.2294E-05,9.62205E-05,-2.98396E-06,-0.359832764,-0.975448608,-0.811004639
8.04,-0.700927734,-0.578330994,-0.395065308,-0.571838379,-0.288015366,-0.895782471,-0.33392334,-1.707244873,-1.018661499,-0.281404495,-1.80783844,-0.887506962,-0.641845703,-0.080566406,-0.594680786,-0.426361084,3.66475E-06,-1.319793701,-0.803466797,-0.378723145,-1.300170898,-0.908081055,-0.699607849,-0.401641846,-0.001356238,-0.000951548,-0.183166504,-0.000853684,-1.018936157,-1.937591553,-0.249511719,-0.832481384,-1.665039063,-0.311035156,-7.9155E-05,-8.123E-06,2.68593E-06,-0.378639221,-1.031066895,-0.846008301
8.05,-0.713562012,-0.591712952,-0.405715942,-0.571838379,-0.326347351,-0.933563232,-0.332702637,-1.710891724,-1.003036499,-0.223379135,-1.769683838,-0.972193241,-0.646759033,-0.078125,-0.593460083,-0.449066162,-7.76211E-05,-1.33203125,-0.829071045,-0.353164673,-1.330810547,-0.900634766,-0.747314453,-0.434799194,-0.001355488,-0.000951548,-0.161621094,-0.000851432,-1.016464233,-1.984405518,-0.30645752,-0.808082581,-1.662536621,-0.340454102,4.40422E-05,-6.69379E-05,3.10279E-05,-0.37487793,-1.026229858,-0.847351074
8.06,-0.703460693,-0.564949036,-0.371047974,-0.543563843,-0.329940796,-0.898223877,-0.303894043,-1.733970642,-1.005439758,-0.211290359,-1.844772339,-1.006558895,-0.620941162,-0.069763184,-0.598297119,-0.42401123,-6.81691E-05,-1.286773682,-0.849761963,-0.379928589,-1.36529541,-0.889526367,-0.759552002,-0.47038269,-0.001344986,-0.000965066,-0.160369873,-0.000862694,-1.006576538,-1.972396851,-0.311340332,-0.81174469,-1.695098877,-0.368652344,3.07746E-05,-1.76094E-05,8.39308E-05,-0.401210785,-0.991165161,-0.88369751
8.07,-0.731231689,-0.563735962,-0.395065308,-0.575531006,-0.319160461,-0.895782471,-0.310180664,-1.757049561,-1.02947998,-0.245138168,-1.91493988,-0.985694408,-0.612335205,-0.076965332,-0.638046265,-0.438293457,-1.71289E-05,-1.32711792,-0.822967529,-0.415222168,-1.341064453,-0.896850586,-0.742424011,-0.427429199,-0.001344986,-0.000969572,-0.199630737,-0.000860441,-1.046127319,-1.971191406,-0.262878418,-0.866645813,-1.721435547,-0.360931396,-0.000107586,-1.0021E-05,-1.81012E-05,-0.442584991,-1.025024414,-0.907958984
8.08,-0.774139404,-0.591712952,-0.457763672,-0.601364136,-0.334733963,-0.940917969,-0.335205078,-1.781341553,-1.069168091,-0.237884521,-1.890319824,-0.989376545,-0.602539063,-0.082946777,-0.653701782,-0.489715576,-1.52383E-05,-1.3956604,-0.847320557,-0.396965027,-1.356384277,-0.905639648,-0.744873047,-0.409011841,-0.001355488,-0.000952299,-0.203430176,-0.000852182,-1.084457397,-2.045623779,-0.255554199,-0.854446411,-1.717681885,-0.371185303,-2.04016E-05,-3.27863E-05,-9.55686E-05,-0.384906769,-1.055252075,-0.890441895
8.09,-0.772888184,-0.60874176,-0.469772339,-0.569366455,-0.357492447,-0.966491699,-0.363952637,-1.838439941,-1.064353943,-0.260854721,-1.916175842,-1.000422001,-0.632019043,-0.074523926,-0.623596191,-0.480133057,-1.14581E-05,-1.417663574,-0.919158936,-0.418876648,-1.444458008,-0.895629883,-0.770568848,-0.453201294,-0.001359239,-0.000959809,-0.19329834,-0.000864946,-1.062194824,-2.082839966,-0.289489746,-0.873970032,-1.776550293,-0.34942627,2.31937E-05,1.0848E-05,-4.2662E-05,-0.356071472,-1.025024414,-0.868896484
8.1,-0.756469727,-0.592933655,-0.463088989,-0.553405762,-0.387441635,-0.967712402,-0.397705078,-1.877311707,-1.052330017,-0.285032272,-1.981414795,-1.027423859,-0.657836914,-0.066162109,-0.597091675,-0.459838867,-5.78631E-06,-1.410308838,-0.931335449,-0.46635437,-1.448303223,-0.921630859,-0.798698425,-0.472839355,-0.001361489,-0.00097558,-0.224975586,-0.000866448,-1.060974121,-2.079238892,-0.325805664,-0.893493652,-1.853027344,-0.328948975,-2.98768E-05,-5.36442E-07,1.02408E-05,-0.411239624,-1.045578003,-0.875610352
8.11,-0.735015869,-0.580764771,-0.455078125,-0.550933838,-0.394630432,-0.979919434,-0.382751465,-1.905250549,-1.11605835,-0.27173233,-2.014656067,-1.02619648,-0.613586426,-0.070983887,-0.603103638,-0.487304688,-3.60329E-05,-1.39932251,-0.943511963,-0.415222168,-1.407409668,-0.974853516,-0.815826416,-0.424957275,-0.001354738,-0.000965817,-0.23890686,-0.000858189,-1.099273682,-2.158477783,-0.345214844,-0.849571228,-1.841705322,-0.371185303,9.71127E-05,3.25963E-06,6.12587E-05,-0.435062408,-1.133850098,-0.90524292
8.12,-0.72744751,-0.623344421,-0.484451294,-0.548477173,-0.368276596,-1.028717041,-0.36895752,-1.953842163,-1.153327942,-0.29470253,-2.038040161,-1.022514343,-0.596374512,-0.082946777,-0.632019043,-0.483734131,3.66475E-06,-1.438476563,-0.965423584,-0.399406433,-1.459777832,-0.961303711,-0.799919128,-0.402877808,-0.001356238,-0.00096056,-0.211044312,-0.000863445,-1.127716064,-2.226898193,-0.33795166,-0.847129822,-1.812896729,-0.419830322,0.000148285,2.22307E-05,4.99189E-05,-0.455123901,-1.13142395,-0.925445557
8.13,-0.759002686,-0.626991272,-0.521789551,-0.573074341,-0.347909927,-1.060394287,-0.377746582,-1.970848083,-1.159339905,-0.303165436,-2.060203552,-1.077744961,-0.67010498,-0.085327148,-0.687438965,-0.447875977,7.54995E-05,-1.498443604,-0.928894043,-0.472442627,-1.495544434,-0.895629883,-0.801147461,-0.449523926,-0.001372741,-0.000962813,-0.209777832,-0.000865697,-1.13760376,-2.210098267,-0.330688477,-0.870307922,-1.883087158,-0.421112061,-2.04016E-05,-2.33017E-05,-4.07733E-05,-0.468917847,-1.0625,-0.914672852
8.14,-0.801940918,-0.57711792,-0.463088989,-0.581680298,-0.356294632,-1.048187256,-0.36895752,-1.972061157,-1.174972534,-0.306791306,-2.092216492,-1.113337994,-0.681182861,-0.081726074,-0.674179077,-0.487304688,-1.15484E-07,-1.513092041,-0.899688721,-0.473655701,-1.481506348,-0.912963867,-0.821937561,-0.454437256,-0.00136749,-0.000958307,-0.232574463,-0.000859691,-1.128936768,-2.236495972,-0.335510254,-0.899597168,-1.973297119,-0.389129639,-7.9155E-05,-1.38152E-05,-8.04514E-05,-0.452617645,-1.069763184,-0.918701172
8.15,-0.819580078,-0.597793579,-0.456420898,-0.579238892,-0.375461578,-1.033569336,-0.386474609,-2.008506775,-1.14491272,-0.324924469,-2.10697937,-1.108428478,-0.613586426,-0.096130371,-0.62840271,-0.548248291,-6.06077E-05,-1.549804688,-0.926452637,-0.45904541,-1.495544434,-0.972412109,-0.829284668,-0.417617798,-0.001350237,-0.000956805,-0.23638916,-0.000853684,-1.168502808,-2.312133789,-0.345214844,-0.955718994,-1.998352051,-0.384002686,8.38432E-05,-2.14037E-05,-1.81012E-05,-0.447601318,-1.156829834,-0.983337402
8.16,-0.80569458,-0.626991272,-0.521789551,-0.585372925,-0.39103508,-1.04208374,-0.390197754,-2.038879395,-1.168960571,-0.303165436,-2.147605896,-1.12070179,-0.612335205,-0.096130371,-0.688644409,-0.511199951,-2.46903E-05,-1.608551025,-0.9921875,-0.468780518,-1.500671387,-0.96862793,-0.854980469,-0.411468506,-0.001350987,-0.000959809,-0.251586914,-0.000852933,-1.230300903,-2.374557495,-0.358520508,-0.98866272,-2.044708252,-0.384002686,0.000140706,-1.76094E-05,4.61414E-05,-0.450111389,-1.220916748,-1.008911133
8.17,-0.80569458,-0.618476868,-0.49911499,-0.549697876,-0.401819229,-1.062835693,-0.358947754,-2.03037262,-1.254325867,-0.324924469,-2.273178101,-1.172249794,-0.649230957,-0.065002441,-0.724777222,-0.490905762,-7.67689E-06,-1.647705078,-1.040893555,-0.435920715,-1.519836426,-0.984741211,-0.88066864,-0.401641846,-0.001357739,-0.000962813,-0.25920105,-0.000861192,-1.237716675,-2.434585571,-0.368225098,-0.976463318,-2.097351074,-0.381439209,-2.79807E-05,-1.0021E-05,1.40183E-05,-0.452617645,-1.199157715,-0.992797852
8.18,-0.832214355,-0.658622742,-0.487106323,-0.543563843,-0.424577713,-1.075012207,-0.378967285,-2.076530457,-1.259140015,-0.341848373,-2.327339172,-1.189432621,-0.657836914,-0.054199219,-0.698287964,-0.560211182,7.44592E-06,-1.664825439,-1.028747559,-0.452957153,-1.574707031,-1.01940918,-0.853752136,-0.402877808,-0.001353988,-0.000962813,-0.249053955,-0.000870202,-1.251327515,-2.471801758,-0.346435547,-0.98500061,-2.112365723,-0.42880249,-7.1574E-05,-5.93476E-05,-2.75485E-05,-0.458885193,-1.183441162,-1.033172607
8.19,-0.828430176,-0.690254211,-0.540481567,-0.597671509,-0.437755585,-1.101837158,-0.411437988,-2.166427612,-1.236289978,-0.291074753,-2.286712646,-1.146475792,-0.635681152,-0.068603516,-0.710327148,-0.585327148,-1.52383E-05,-1.655029297,-1.020202637,-0.5052948,-1.60534668,-1.007080078,-0.83417511,-0.417617798,-0.001346487,-0.000956054,-0.268051147,-0.000873956,-1.295806885,-2.515014648,-0.340393066,-1.03502655,-2.136199951,-0.455657959,7.4368E-05,-5.36442E-07,2.15769E-05,-0.481452942,-1.212463379,-1.023773193
8.2,-0.817077637,-0.67930603,-0.537796021,-0.616119385,-0.442546844,-1.132324219,-0.429016113,-2.188293457,-1.269958496,-0.327342987,-2.340881348,-1.200479031,-0.633239746,-0.065002441,-0.698287964,-0.572143555,1.12271E-05,-1.692962646,-1.054321289,-0.51259613,-1.628356934,-0.978515625,-0.869651794,-0.402877808,-0.001347987,-0.000955303,-0.28326416,-0.000873956,-1.344024658,-2.553436279,-0.382751465,-1.064315796,-2.158721924,-0.401916504,8.76356E-05,7.15572E-05,6.31474E-05,-0.495246887,-1.207626343,-0.979309082
8.21,-0.862518311,-0.7109375,-0.516464233,-0.576766968,-0.460515976,-1.118896484,-0.452758789,-2.190719604,-1.334884644,-0.379323959,-2.455368042,-1.292529583,-0.635681152,-0.075805664,-0.686248779,-0.585327148,8.49515E-05,-1.75289917,-1.057952881,-0.501647949,-1.676879883,-0.985961914,-0.881881714,-0.382019043,-0.001353988,-0.000959809,-0.287063599,-0.000869451,-1.3699646,-2.551040649,-0.382751465,-1.048446655,-2.206359863,-0.400634766,-3.36673E-05,6.7763E-05,-2.56598E-05,-0.478946686,-1.20640564,-1.026428223
8.22,-0.901641846,-0.706069946,-0.561813354,-0.542327881,-0.440151215,-1.145721436,-0.430236816,-2.232025146,-1.361335754,-0.326131821,-2.475067139,-1.258163452,-0.584075928,-0.097290039,-0.703094482,-0.602020264,-5.78631E-06,-1.748016357,-1.054321289,-0.491912842,-1.718994141,-1.054077148,-0.899009705,-0.368515015,-0.001356238,-0.00096056,-0.266784668,-0.00086795,-1.382339478,-2.57144165,-0.348815918,-1.03502655,-2.266479492,-0.478729248,-2.79807E-05,6.58669E-05,-0.000105016,-0.483963013,-1.247528076,-1.072235107
8.23,-0.913024902,-0.64037323,-0.609848022,-0.576766968,-0.425775528,-1.217651367,-0.411437988,-2.283042908,-1.345703125,-0.340639114,-2.461524963,-1.22870779,-0.56072998,-0.082946777,-0.707931519,-0.603240967,-4.35943E-05,-1.75289917,-1.109100342,-0.525993347,-1.749633789,-1.096069336,-0.950393677,-0.395507813,-0.001356989,-0.000962062,-0.254119873,-0.000867199,-1.407058716,-2.608642578,-0.369445801,-1.049667358,-2.316619873,-0.476165771,7.4368E-05,2.98191E-05,-2.75485E-05,-0.49023056,-1.282592773,-1.083007813
8.24,-0.954650879,-0.690254211,-0.625869751,-0.602600098,-0.461715698,-1.215240479,-0.467773438,-2.325561523,-1.374557495,-0.399875641,-2.516921997,-1.276574135,-0.587768555,-0.091369629,-0.723587036,-0.597259521,0.000118978,-1.807952881,-1.137084961,-0.544242859,-1.781555176,-1.058959961,-0.924713135,-0.412704468,-0.001361489,-0.000963564,-0.274383545,-0.000864946,-1.40953064,-2.669876099,-0.409423828,-1.072853088,-2.380523682,-0.464660645,4.78327E-05,-2.14037E-05,8.3521E-06,-0.49023056,-1.300735474,-1.091094971
8.25,-0.954650879,-0.765678406,-0.64453125,-0.555847168,-0.462913513,-1.204223633,-0.496520996,-2.343780518,-1.432273865,-0.361190796,-2.574775696,-1.312166691,-0.595123291,-0.097290039,-0.738037109,-0.636688232,8.11704E-05,-1.85446167,-1.11151123,-0.524772644,-1.799438477,-1.046630859,-0.89289856,-0.36114502,-0.001368991,-0.000959058,-0.250320435,-0.000872455,-1.421890259,-2.733505249,-0.421508789,-1.113113403,-2.406829834,-0.524810791,-6.77835E-05,-5.36442E-07,-8.04514E-05,-0.517814636,-1.31161499,-1.073577881
8.26,-0.911743164,-0.735267639,-0.648544312,-0.559539795,-0.470098495,-1.278594971,-0.48651123,-2.388725281,-1.45993042,-0.346683502,-2.583389282,-1.350214005,-0.604980469,-0.063781738,-0.745269775,-0.666564941,-9.84157E-05,-1.863006592,-1.107879639,-0.550323486,-1.82244873,-1.077514648,-0.957740784,-0.343963623,-0.00136449,-0.000954552,-0.21484375,-0.000873956,-1.471328735,-2.737106323,-0.405761719,-1.170463562,-2.410614014,-0.513275146,-8.67378E-05,0.000115193,-6.72266E-05,-0.540382385,-1.343048096,-1.072235107
8.27,-0.954650879,-0.732833862,-0.652542114,-0.611190796,-0.473693848,-1.312774658,-0.497741699,-2.467681885,-1.476760864,-0.42647171,-2.626487732,-1.389489174,-0.622192383,-0.07220459,-0.757324219,-0.630737305,-3.41423E-05,-1.867919922,-1.112731934,-0.567375183,-1.846679688,-1.097412109,-0.988319397,-0.347640991,-0.001342736,-0.000958307,-0.252853394,-0.000865697,-1.491104126,-2.783920288,-0.382751465,-1.172904968,-2.416870117,-0.467193604,-3.36673E-05,0.000156932,1.59107E-05,-0.562953949,-1.347885132,-1.100494385
8.28,-1.002655029,-0.760818481,-0.648544312,-0.637023926,-0.447340012,-1.260345459,-0.484008789,-2.53692627,-1.479171753,-0.442186356,-2.699111938,-1.391943932,-0.624633789,-0.102111816,-0.766952515,-0.636688232,3.76916E-05,-1.909515381,-1.143188477,-0.564933777,-1.853088379,-1.109741211,-0.956504822,-0.308349609,-0.001348737,-0.000957556,-0.290863037,-0.000862694,-1.477508545,-2.86555481,-0.396057129,-1.120437622,-2.429382324,-0.474884033,1.56127E-05,3.74094E-05,-5.02206E-05,-0.603076935,-1.309188843,-1.144958496
8.29,-0.966033936,-0.74256897,-0.60585022,-0.629638672,-0.497653961,-1.266448975,-0.474060059,-2.562431335,-1.506820679,-0.37207222,-2.73235321,-1.391943932,-0.606201172,-0.114074707,-0.770568848,-0.694030762,-5.78631E-06,-1.948669434,-1.184570313,-0.595367432,-1.88885498,-1.125854492,-0.987098694,-0.291168213,-0.001368991,-0.000959809,-0.266784668,-0.000869451,-1.472564697,-2.871566772,-0.42755127,-1.127761841,-2.495819092,-0.476165771,5.92042E-05,-4.60688E-05,-5.02206E-05,-0.601821899,-1.349105835,-1.173217773
8.3,-0.964782715,-0.730400085,-0.615188599,-0.598907471,-0.537183762,-1.331054688,-0.526550293,-2.569725037,-1.56212616,-0.374488831,-2.797592163,-1.406672001,-0.607421875,-0.112915039,-0.768157959,-0.725097656,5.47059E-05,-1.958465576,-1.173614502,-0.595367432,-1.939880371,-1.132080078,-0.994438171,-0.305908203,-0.001359989,-0.000967319,-0.260452271,-0.000876209,-1.515823364,-2.912368774,-0.429992676,-1.198532104,-2.564727783,-0.47744751,-3.34159E-06,3.93074E-05,7.0706E-05,-0.539131165,-1.404724121,-1.15032959
8.31,-1.00769043,-0.741348267,-0.663208008,-0.592758179,-0.501245499,-1.351776123,-0.551513672,-2.628036499,-1.571746826,-0.399875641,-2.855461121,-1.402989864,-0.600067139,-0.082946777,-0.799484253,-0.721496582,6.41569E-05,-1.98538208,-1.188232422,-0.56980896,-1.934814453,-1.104858398,-0.963851929,-0.303466797,-0.001355488,-0.000958307,-0.285797119,-0.00086795,-1.566497803,-3.02041626,-0.425170898,-1.231468201,-2.573486328,-0.504333496,-0.000164447,5.82784E-05,1.96882E-05,-0.534114838,-1.392623901,-1.11126709
8.32,-1.029144287,-0.791229248,-0.681900024,-0.574310303,-0.525205612,-1.342010498,-0.52154541,-2.666908264,-1.572952271,-0.367235184,-2.838218689,-1.421400547,-0.571777344,-0.063781738,-0.835632324,-0.729919434,-4.35943E-05,-2.013519287,-1.229614258,-0.588058472,-1.923278809,-1.104858398,-1.005447388,-0.275222778,-0.001359239,-0.000948544,-0.26171875,-0.000864946,-1.567733765,-3.046829224,-0.444519043,-1.224151611,-2.587280273,-0.503051758,-0.000209935,-5.17592E-05,-2.94372E-05,-0.608093262,-1.392623901,-1.108581543
8.33,-1.059448242,-0.835021973,-0.71257019,-0.528808594,-0.541976929,-1.356689453,-0.545288086,-2.655967712,-1.5885849,-0.395040512,-2.87638092,-1.495040417,-0.582855225,-0.069763184,-0.800689697,-0.76574707,-3.03611E-05,-1.989044189,-1.225952148,-0.609970093,-1.956542969,-1.169189453,-1.031135559,-0.289962769,-0.001350987,-0.000954552,-0.260452271,-0.000869451,-1.572692871,-3.037231445,-0.439697266,-1.215606689,-2.656188965,-0.476165771,-4.88292E-05,2.60249E-05,6.12587E-05,-0.594299316,-1.411972046,-1.155700684
8.34,-1.069519043,-0.788795471,-0.733917236,-0.517730713,-0.496456146,-1.38470459,-0.602844238,-2.706993103,-1.580162048,-0.432514191,-2.944099426,-1.529406071,-0.575469971,-0.067382813,-0.776596069,-0.756164551,5.47059E-05,-2.00982666,-1.229614258,-0.609970093,-1.980773926,-1.172851563,-1.00667572,-0.29977417,-0.001351738,-0.000961311,-0.293395996,-0.000857438,-1.60357666,-3.075637817,-0.431213379,-1.196083069,-2.720092773,-0.518432617,0.000100901,0.000105707,8.58195E-05,-0.537876129,-1.428909302,-1.188049316
8.35,-1.010223389,-0.753517151,-0.723251343,-0.511581421,-0.509632111,-1.376159668,-0.590332031,-2.779884338,-1.599403381,-0.397457123,-2.97240448,-1.454538345,-0.557037354,-0.066162109,-0.800689697,-0.743041992,2.82396E-05,-2.108947754,-1.260070801,-0.645271301,-2.007568359,-1.106079102,-1.026252747,-0.249435425,-0.001354738,-0.00096807,-0.257919312,-0.000855186,-1.628311157,-3.10446167,-0.48815918,-1.194862366,-2.726348877,-0.569610596,2.12993E-05,1.0848E-05,1.59107E-05,-0.57925415,-1.421646118,-1.139556885
8.36,-0.972351074,-0.800956726,-0.724578857,-0.50050354,-0.538381577,-1.372497559,-0.572814941,-2.761657715,-1.651107788,-0.387786865,-3.016723633,-1.436128139,-0.549682617,-0.057800293,-0.805511475,-0.774108887,-1.14581E-05,-2.132202148,-1.283203125,-0.657447815,-2.063781738,-1.112182617,-1.078849792,-0.264175415,-0.001354738,-0.000968821,-0.240188599,-0.000866448,-1.64932251,-3.144073486,-0.523254395,-1.237571716,-2.735137939,-0.526092529,-0.000103794,-2.43261E-06,-1.05426E-05,-0.641944885,-1.386581421,-1.112640381
8.37,-1.037994385,-0.80582428,-0.736587524,-0.511581421,-0.538381577,-1.41027832,-0.591552734,-2.717926025,-1.64629364,-0.403501511,-3.026565552,-1.54045248,-0.494384766,-0.033813477,-0.816345215,-0.769317627,5.55534E-06,-2.099151611,-1.31362915,-0.61971283,-2.077819824,-1.158081055,-1.078849792,-0.278915405,-0.001359239,-0.000959809,-0.28453064,-0.000853684,-1.651794434,-3.199295044,-0.47845459,-1.275398254,-2.785247803,-0.515838623,-7.53645E-05,1.0848E-05,5.74775E-05,-0.663261414,-1.405929565,-1.182647705
8.38,-1.097320557,-0.772979736,-0.736587524,-0.518966675,-0.579113007,-1.421295166,-0.577819824,-2.767730713,-1.627052307,-0.410755157,-3.024116516,-1.562543869,-0.475921631,-0.036254883,-0.803085327,-0.777679443,-3.98131E-05,-2.141998291,-1.35748291,-0.642837524,-2.042114258,-1.154296875,-1.04826355,-0.210174561,-0.001356238,-0.000956805,-0.279464722,-0.000844674,-1.651794434,-3.208892822,-0.471130371,-1.269294739,-2.804046631,-0.565765381,-7.34683E-05,-2.70959E-05,4.99189E-05,-0.658245087,-1.455505371,-1.221679688
8.39,-1.078369141,-0.788795471,-0.767272949,-0.507888794,-0.587497711,-1.421295166,-0.577819824,-2.818756104,-1.684768677,-0.418008804,-3.069656372,-1.514677525,-0.494384766,-0.043457031,-0.741653442,-0.84463501,-4.17037E-05,-2.210510254,-1.350158691,-0.679351807,-2.031860352,-1.114624023,-1.055603027,-0.170883179,-0.001353238,-0.000958307,-0.264251709,-0.000860441,-1.659194946,-3.218505859,-0.530517578,-1.246109009,-2.800292969,-0.569610596,-9.81074E-05,-4.41708E-05,-5.58905E-05,-0.643199921,-1.468811035,-1.174560547
8.4,-1.069519043,-0.800956726,-0.827301025,-0.495574951,-0.539581299,-1.435913086,-0.612792969,-2.799316406,-1.734062195,-0.424053192,-3.085662842,-1.564998627,-0.472259521,-0.003845215,-0.729614258,-0.887634277,4.71435E-05,-2.198272705,-1.319732666,-0.659873962,-2.068908691,-1.082519531,-1.067832947,-0.153701782,-0.001358489,-0.00096056,-0.278198242,-0.000869451,-1.667861938,-3.244903564,-0.558410645,-1.261978149,-2.84664917,-0.564483643,1.56127E-05,-3.08901E-05,-5.21094E-05,-0.638183594,-1.451873779,-1.163787842
8.41,-1.098571777,-0.800956726,-0.81930542,-0.50050354,-0.579113007,-1.428588867,-0.61529541,-2.816322327,-1.720840454,-0.46273613,-3.096740723,-1.616547108,-0.451385498,0.016479492,-0.772979736,-0.885223389,-5.49359E-05,-2.153015137,-1.339202881,-0.668395996,-2.091918945,-1.109741211,-1.08618927,-0.140197754,-0.00136374,-0.000968821,-0.278198242,-0.000865697,-1.72718811,-3.242507935,-0.547485352,-1.296134949,-2.860412598,-0.583679199,9.33222E-05,4.6894E-05,6.31474E-05,-0.693351746,-1.430114746,-1.206878662
8.42,-1.121307373,-0.817993164,-0.813980103,-0.510345459,-0.653385162,-1.438354492,-0.626586914,-2.866127014,-1.726852417,-0.489334106,-3.158302307,-1.598136902,-0.442779541,-0.002685547,-0.792251587,-0.882873535,-0.000141894,-2.176239014,-1.379394531,-0.718299866,-2.100830078,-1.149291992,-1.141242981,-0.158615112,-0.00136299,-0.000966568,-0.28453064,-0.000858189,-1.787750244,-3.247314453,-0.558410645,-1.302238464,-2.842895508,-0.584960938,5.92042E-05,0.000128474,7.82609E-05,-0.744758606,-1.46156311,-1.188049316
8.43,-1.096038818,-0.827720642,-0.907348633,-0.496810913,-0.624635696,-1.495666504,-0.635375977,-2.901351929,-1.770133972,-0.485706329,-3.189071655,-1.622684002,-0.440307617,-0.007446289,-0.786239624,-0.909118652,1.7751E-06,-2.221496582,-1.381835938,-0.758468628,-2.12512207,-1.125854492,-1.14490509,-0.158615112,-0.001362239,-0.000955303,-0.294677734,-0.000852182,-1.767990112,-3.272521973,-0.557189941,-1.304679871,-2.884246826,-0.577301025,9.14261E-05,0.000111399,-2.75485E-05,-0.703384399,-1.470016479,-1.158416748
8.44,-1.068267822,-0.810691833,-0.944717407,-0.470993042,-0.587497711,-1.526153564,-0.630371094,-2.919578552,-1.770133972,-0.501422882,-3.170608521,-1.622684002,-0.437835693,-0.036254883,-0.783813477,-0.936645508,4.14727E-05,-2.226409912,-1.353820801,-0.757240295,-2.086791992,-1.077514648,-1.078849792,-0.107055664,-0.00136449,-0.000959058,-0.270584106,-0.000855186,-1.756851196,-3.272521973,-0.523254395,-1.305900574,-2.905517578,-0.583679199,0.000117961,6.20726E-05,-3.1326E-05,-0.70463562,-1.421646118,-1.17590332
8.45,-1.116241455,-0.800956726,-0.911361694,-0.445159912,-0.601873398,-1.494415283,-0.671569824,-2.906211853,-1.707611084,-0.492959976,-3.160751343,-1.582181931,-0.414489746,-0.036254883,-0.788635254,-0.918701172,-2.09091E-05,-2.243560791,-1.356231689,-0.726821899,-2.040771484,-1.052856445,-1.059280396,-0.045700073,-0.001349487,-0.000965817,-0.23638916,-0.000854435,-1.782806396,-3.260513306,-0.524475098,-1.309555054,-2.903045654,-0.61315918,3.45651E-05,4.8792E-05,2.68593E-06,-0.761058807,-1.420440674,-1.148986816
8.46,-1.145263672,-0.839889526,-0.936706543,-0.399642944,-0.621040344,-1.493225098,-0.69909668,-2.900138855,-1.695594788,-0.467573166,-3.185379028,-1.630048275,-0.371490479,0.03918457,-0.768157959,-0.933044434,-4.92651E-05,-2.255767822,-1.380584717,-0.721946716,-2.084228516,-1.054077148,-1.087409973,-0.016220093,-0.001338985,-0.000959058,-0.271865845,-0.000860441,-1.761795044,-3.262924194,-0.558410645,-1.33518219,-2.926849365,-0.661773682,-6.3993E-05,-1.0021E-05,-6.53379E-05,-0.769836426,-1.416809082,-1.139556885
8.47,-1.101104736,-0.859352112,-0.963378906,-0.370132446,-0.641407013,-1.517578125,-0.66784668,-2.885559082,-1.764122009,-0.469989777,-3.226005554,-1.655822277,-0.324768066,0.053588867,-0.763336182,-0.989196777,-8.89637E-05,-2.231292725,-1.379394531,-0.743858337,-2.104614258,-1.076293945,-1.083747864,-0.02482605,-0.001356238,-0.000964315,-0.302261353,-0.000875458,-1.723480225,-3.248519897,-0.580200195,-1.344947815,-2.948120117,-0.660491943,-2.60845E-05,-3.65824E-05,-1.05426E-05,-0.76607132,-1.408355713,-1.169158936
8.48,-1.101104736,-0.816772461,-0.963378906,-0.381195068,-0.630622864,-1.477355957,-0.687866211,-2.86126709,-1.80380249,-0.469989777,-3.228462219,-1.639867306,-0.291625977,0.014099121,-0.757324219,-0.97845459,-7.76211E-05,-2.225189209,-1.375732422,-0.781585693,-2.056152344,-1.07019043,-1.071510315,-0.008850098,-0.001357739,-0.000969572,-0.26171875,-0.000869451,-1.743255615,-3.229293823,-0.58380127,-1.320541382,-2.969451904,-0.632354736,2.6986E-05,5.25862E-05,9.33781E-05,-0.7811203,-1.40713501,-1.120697021
8.49,-1.131378174,-0.804611206,-0.991409302,-0.352920532,-0.635416031,-1.468841553,-0.745422363,-2.851547241,-1.794189453,-0.492959976,-3.180450439,-1.696324348,-0.255981445,0.03326416,-0.712738037,-0.993988037,-2.28006E-05,-2.233764648,-1.406158447,-0.797409058,-2.028076172,-1.011962891,-1.073959351,0.047592163,-0.001348737,-0.000954552,-0.275665283,-0.000852933,-1.782806396,-3.224502563,-0.581420898,-1.298576355,-2.965698242,-0.651550293,-4.88292E-05,1.46423E-05,8.3521E-06,-0.796165466,-1.355148315,-1.077606201
8.5,-1.117492676,-0.833808899,-1.042098999,-0.247146606,-0.701301575,-1.526153564,-0.727905273,-2.839401245,-1.786972046,-0.541315079,-3.142288208,-1.712279797,-0.208068848,0.041625977,-0.729614258,-1.068054199,2.44593E-05,-2.232513428,-1.395202637,-0.770637512,-2.008911133,-0.978515625,-1.049491882,0.107757568,-0.001351738,-0.000950046,-0.308609009,-0.000851432,-1.774154663,-3.19569397,-0.59954834,-1.308334351,-2.933105469,-0.67074585,-5.64121E-05,-8.40109E-05,-7.28928E-05,-0.788642883,-1.320083618,-1.078948975
8.51,-1.130126953,-0.807044983,-1.100799561,-0.190567017,-0.731250763,-1.52734375,-0.737915039,-2.8175354,-1.800193787,-0.547359467,-3.118896484,-1.658276558,-0.166259766,0.035644531,-0.757324219,-1.083587646,1.50073E-05,-2.219055176,-1.340423584,-0.801055908,-1.998657227,-0.982299805,-1.039703369,0.167892456,-0.001344236,-0.000956805,-0.289596558,-0.000862694,-1.761795044,-3.158477783,-0.59954834,-1.314437866,-2.919311523,-0.668182373,8.02986E-06,-3.65824E-05,-6.76513E-06,-0.828765869,-1.289840698,-1.053375244
8.52,-1.152832031,-0.763252258,-1.116821289,-0.217636108,-0.686927795,-1.515136719,-0.792907715,-2.78352356,-1.807411194,-0.537689209,-3.090591431,-1.652140141,-0.104827881,0.058410645,-0.739242554,-1.106292725,-6.43879E-05,-2.211730957,-1.374511719,-0.832702637,-1.99230957,-0.935302734,-1.08618927,0.183868408,-0.001340486,-0.000957556,-0.311141968,-0.000871704,-1.760559082,-3.138061523,-0.570495605,-1.318099976,-2.943145752,-0.692504883,3.45651E-05,3.36152E-05,5.55888E-05,-0.885189056,-1.25718689,-1.027801514
8.53,-1.108673096,-0.77419281,-1.103469849,-0.204086304,-0.682134628,-1.52734375,-0.770385742,-2.778663635,-1.800193787,-0.549776077,-3.105354309,-1.669322968,-0.034759521,0.059631348,-0.724777222,-1.157684326,-0.000113538,-2.199493408,-1.447570801,-0.826629639,-1.951416016,-0.865966797,-1.095977783,0.205947876,-0.001346487,-0.000965066,-0.32635498,-0.000872455,-1.745727539,-3.114059448,-0.595947266,-1.316879272,-2.951904297,-0.715545654,5.35175E-05,7.05384E-06,1.77994E-05,-0.885189056,-1.23664856,-1.004882813
8.54,-1.08215332,-0.755950928,-1.159500122,-0.148727417,-0.756404877,-1.522491455,-0.78918457,-2.799316406,-1.780952454,-0.555822372,-3.109046936,-1.68405056,-0.000366211,0.07635498,-0.679016113,-1.17678833,-6.43879E-05,-2.143218994,-1.435394287,-0.892356873,-1.939880371,-0.847412109,-1.053153992,0.301712036,-0.001347987,-0.000965817,-0.288330078,-0.000872455,-1.776626587,-3.098449707,-0.64074707,-1.269294739,-2.914306641,-0.715545654,2.6986E-05,-5.55534E-05,-1.81012E-05,-0.890201569,-1.194320679,-0.952392578
8.55,-1.087219238,-0.709716797,-1.208862305,-0.095855713,-0.779167175,-1.533447266,-0.839233398,-2.794456482,-1.755706787,-0.571537018,-3.078269958,-1.701233864,0.051239014,0.071594238,-0.635635376,-1.205505371,3.76916E-05,-2.138305664,-1.373291016,-0.920333862,-1.969299316,-0.854858398,-1.039703369,0.365524292,-0.001356989,-0.000959058,-0.281997681,-0.000869451,-1.826065063,-3.08164978,-0.622619629,-1.242454529,-2.904296875,-0.730926514,-4.12501E-05,2.60249E-05,-3.1326E-05,-0.892711639,-1.193099976,-0.942932129
8.56,-1.070800781,-0.690254211,-1.231552124,-0.036819458,-0.756404877,-1.52734375,-0.804199219,-2.776237488,-1.770133972,-0.616266251,-3.074577332,-1.691414833,0.115142822,0.053588867,-0.62600708,-1.229370117,7.44592E-06,-2.179931641,-1.340423584,-0.880180359,-1.962890625,-0.858520508,-1.037254333,0.374130249,-0.001359239,-0.000962813,-0.309875488,-0.000861943,-1.827301025,-3.061233521,-0.629882813,-1.28515625,-2.955657959,-0.751403809,-0.000136016,0.000141755,-2.56598E-05,-0.921546936,-1.205200195,-0.973907471
8.57,-1.07711792,-0.682952881,-1.300918579,-0.001159668,-0.754013062,-1.505432129,-0.835449219,-2.781097412,-1.811019897,-0.647697449,-3.069656372,-1.660731316,0.127441406,0.108703613,-0.639251709,-1.256866455,-0.000113538,-2.156646729,-1.351379395,-0.922775269,-1.959106445,-0.825073242,-1.051933289,0.414627075,-0.001350237,-0.000966568,-0.309875488,-0.000861943,-1.84336853,-3.103256226,-0.696472168,-1.355926514,-3.010803223,-0.76675415,-8.10511E-05,6.7763E-05,5.37001E-05,-0.965435028,-1.181015015,-0.9012146
8.58,-1.099853516,-0.692687988,-1.342269897,0.034515381,-0.764793396,-1.529785156,-0.90423584,-2.844261169,-1.839874268,-0.665830612,-3.089355469,-1.681596756,0.150787354,0.126708984,-0.698287964,-1.317810059,-4.73754E-05,-2.14932251,-1.385467529,-0.99823761,-2.017822266,-0.773071289,-1.083747864,0.475997925,-0.001353238,-0.000967319,-0.287063599,-0.000866448,-1.877990723,-3.169281006,-0.736450195,-1.38520813,-3.003265381,-0.797485352,9.92604E-06,-4.32879E-06,6.88173E-05,-0.979225159,-1.144729614,-0.8230896
8.59,-1.102355957,-0.730400085,-1.350280762,0.089859009,-0.817502975,-1.561462402,-0.859191895,-2.900138855,-1.880752563,-0.668247223,-3.149673462,-1.76137352,0.171661377,0.088378906,-0.717559814,-1.36920166,6.22664E-05,-2.205596924,-1.423217773,-0.986061096,-2.072753906,-0.786743164,-1.073959351,0.50668335,-0.001360739,-0.000967319,-0.295928955,-0.000866448,-1.856964111,-3.205291748,-0.747314453,-1.373008728,-2.994506836,-0.811553955,-8.86321E-05,-8.123E-06,-8.65385E-06,-0.990509033,-1.104827881,-0.88369751
8.6,-1.084686279,-0.769325256,-1.390304565,0.137817383,-0.824689865,-1.590759277,-0.830383301,-2.895278931,-1.912010193,-0.644069672,-3.161994934,-1.788374901,0.16305542,0.102722168,-0.685028076,-1.377563477,-3.89665E-06,-2.248413086,-1.432952881,-0.967819214,-2.089355469,-0.8671875,-1.076408386,0.480926514,-0.00136299,-0.000963564,-0.297195435,-0.000861192,-1.861923218,-3.260513306,-0.742492676,-1.394973755,-3.077209473,-0.788513184,-0.000122748,-8.59089E-05,-2.18786E-05,-0.977973938,-1.122970581,-0.94430542
8.61,-1.079620361,-0.748649597,-1.412979126,0.177200317,-0.792345047,-1.616333008,-0.885437012,-2.954803467,-1.893974304,-0.658576965,-3.174301147,-1.766283035,0.204864502,0.121887207,-0.695877075,-1.347686768,-4.54839E-05,-2.281463623,-1.417144775,-1.00188446,-2.12121582,-0.924194336,-1.102088928,0.484573364,-0.001356989,-0.00095305,-0.256652832,-0.000859691,-1.929901123,-3.324142456,-0.734008789,-1.420593262,-3.149871826,-0.798736572,-3.17711E-05,-8.21147E-05,-5.9668E-05,-0.977973938,-1.168914795,-0.92276001
8.62,-1.101104736,-0.704856873,-1.419662476,0.196868896,-0.842658997,-1.611480713,-0.916687012,-3.051986694,-1.915618896,-0.693634033,-3.246925354,-1.795739174,0.245391846,0.120666504,-0.715148926,-1.347686768,-4.73754E-05,-2.31817627,-1.435394287,-1.015281677,-2.185058594,-0.877075195,-1.109428406,0.569290161,-0.001350237,-0.000944789,-0.250320435,-0.000866448,-1.963272095,-3.364959717,-0.731567383,-1.457199097,-3.208770752,-0.838439941,-2.04016E-05,-4.32879E-06,-0.000165481,-1.015586853,-1.176177979,-0.893127441
8.63,-1.103607178,-0.698768616,-1.471679688,0.204238892,-0.865421295,-1.657806396,-0.93170166,-3.079925537,-1.99256897,-0.693634033,-3.290023804,-1.866924763,0.223297119,0.120666504,-0.717559814,-1.383514404,-0.000147565,-2.351196289,-1.492614746,-1.0128479,-2.26171875,-0.815185547,-1.147354126,0.595046997,-0.001358489,-0.00095305,-0.281997681,-0.000864196,-1.994171143,-3.424987793,-0.721862793,-1.521865845,-3.325317383,-0.838439941,-0.000109481,-4.03766E-05,-0.000108793,-1.054454803,-1.184631348,-0.909301758
8.64,-1.121307373,-0.735267639,-1.526382446,0.220230103,-0.846252441,-1.724884033,-0.971740723,-3.154029846,-2.015419006,-0.715394974,-3.336791992,-1.912336349,0.224517822,0.108703613,-0.721176147,-1.400268555,-0.000181591,-2.436859131,-1.540100098,-1.017707825,-2.306396484,-0.854858398,-1.179161072,0.547180176,-0.00136749,-0.000959809,-0.294677734,-0.000862694,-2.054733276,-3.488601685,-0.74005127,-1.509666443,-3.411743164,-0.847412109,-0.000156865,-5.36442E-07,-1.432E-05,-1.108371735,-1.189483643,-0.9402771
8.65,-1.167999268,-0.754730225,-1.495697021,0.238677979,-0.87620163,-1.732177734,-0.977966309,-3.30708313,-2.023834229,-0.732320786,-3.414352417,-1.940565109,0.260162354,0.131469727,-0.715148926,-1.419403076,-9.46345E-05,-2.524932861,-1.571777344,-1.018936157,-2.361328125,-0.920410156,-1.169372559,0.586471558,-0.001360739,-0.00096056,-0.285797119,-0.000875458,-2.091827393,-3.551025391,-0.79699707,-1.499900818,-3.438079834,-0.867889404,-4.50406E-05,9.81186E-05,-8.42325E-05,-1.117149353,-1.182220459,-0.929473877
8.66,-1.15411377,-0.725532532,-1.454330444,0.249755859,-0.904951096,-1.762664795,-0.944274902,-3.413986206,-2.101989746,-0.715394974,-3.46975708,-1.961430073,0.261383057,0.197387695,-0.752502441,-1.436096191,-1.33486E-05,-2.524932861,-1.605834961,-1.039619446,-2.499206543,-0.938964844,-1.202400208,0.650299072,-0.001349487,-0.000965066,-0.28326416,-0.0008687,-2.117782593,-3.643478394,-0.840576172,-1.570671082,-3.505737305,-0.855072021,9.90089E-05,7.15572E-05,-3.1326E-05,-1.080787659,-1.177383423,-0.928131104
8.67,-1.118774414,-0.718238831,-1.489028931,0.2706604,-0.910942078,-1.828491211,-0.939208984,-3.483230591,-2.164505005,-0.710557938,-3.546073914,-1.968793869,0.26260376,0.232055664,-0.813949585,-1.459991455,9.62941E-05,-2.553070068,-1.610717773,-1.079788208,-2.632019043,-0.958740234,-1.240333557,0.619613647,-0.001356238,-0.000961311,-0.264251709,-0.000852933,-2.191940308,-3.737106323,-0.834533691,-1.617034912,-3.651092529,-0.874267578,0.000140706,0.000100017,9.14894E-05,-1.103355408,-1.191894531,-0.956420898
8.68,-1.149078369,-0.723106384,-1.491699219,0.285430908,-0.895368576,-1.869934082,-0.961730957,-3.569473267,-2.174125671,-0.692426682,-3.639633179,-2.042434216,0.279815674,0.21295166,-0.793457031,-1.474334717,0.000192703,-2.635040283,-1.611938477,-1.094390869,-2.707336426,-1.004516602,-1.202400208,0.613479614,-0.00136524,-0.00095305,-0.219909668,-0.000855186,-2.267333984,-3.853546143,-0.850280762,-1.66217804,-3.790161133,-0.920379639,7.4368E-05,0.000126576,-8.65385E-06,-1.15852356,-1.258407593,-0.953735352
8.69,-1.186950684,-0.735267639,-1.459686279,0.275588989,-0.906148911,-1.91506958,-0.996765137,-3.69216156,-2.204185486,-0.674293518,-3.724571228,-2.14675808,0.28225708,0.196166992,-0.789840698,-1.469573975,0.000100074,-2.682769775,-1.681335449,-1.102920532,-2.778869629,-1.003295898,-1.197517395,0.669952393,-0.001352488,-0.000957556,-0.219909668,-0.000859691,-2.274749756,-3.961593628,-0.897521973,-1.714645386,-3.882904053,-0.952362061,-3.74578E-05,6.58669E-05,3.29167E-05,-1.178585052,-1.305557251,-0.936218262
8.7,-1.2159729,-0.776626587,-1.510375977,0.266983032,-0.970838547,-1.977233887,-1.025512695,-3.867088318,-2.311195374,-0.739572525,-3.80090332,-2.204443455,0.266296387,0.205749512,-0.846466064,-1.489868164,-2.46903E-05,-2.750061035,-1.7215271,-1.113868713,-2.855529785,-0.982299805,-1.268470764,0.690811157,-0.001345737,-0.000961311,-0.245254517,-0.000862694,-2.295761108,-4.001220703,-0.909667969,-1.740264893,-3.959320068,-0.972839355,-1.85054E-05,0.000118988,0.000278544,-1.173568726,-1.298309326,-0.96585083
8.71,-1.280334473,-0.804611206,-1.56640625,0.246063232,-0.986410141,-2.017456055,-1.045532227,-4.015289307,-2.403778076,-0.80364418,-3.839065552,-2.252309799,0.245391846,0.203308105,-0.848876953,-1.518585205,6.41569E-05,-2.830810547,-1.728820801,-1.115089417,-2.930847168,-1.01940918,-1.343093872,0.698165894,-0.001360739,-0.000954552,-0.227523804,-0.000861192,-2.399597168,-4.042022705,-0.893920898,-1.767112732,-4.034515381,-0.965179443,6.6787E-05,0.000156932,0.000176515,-1.162284851,-1.295898438,-1.003540039
8.72,-1.310638428,-0.796089172,-1.555725098,0.247299194,-0.95646286,-2.0418396,-1.066772461,-4.089393616,-2.437446594,-0.802433014,-3.882141113,-2.26581049,0.276123047,0.229675293,-0.82598877,-1.530517578,0.000156785,-2.879760742,-1.795806885,-1.16985321,-3.011291504,-1.063964844,-1.37122345,0.710449219,-0.00136374,-0.000956054,-0.213577271,-0.000867199,-2.463867188,-4.103240967,-0.899963379,-1.793960571,-4.109680176,-0.988220215,8.02986E-06,3.93074E-05,-1.62125E-05,-1.162284851,-1.270492554,-0.980651855
8.73,-1.267730713,-0.731620789,-1.559738159,0.302658081,-0.979225159,-2.07598877,-1.054321289,-4.186569214,-2.486740112,-0.831447601,-3.972007751,-2.275629044,0.322814941,0.276428223,-0.827194214,-1.546051025,3.01311E-05,-2.879760742,-1.799438477,-1.195411682,-3.104492188,-1.125854492,-1.352882385,0.693267822,-0.001357739,-0.000966568,-0.216110229,-0.000875458,-2.467575073,-4.162078857,-0.949584961,-1.83177948,-4.164825439,-1.035583496,-5.2359E-06,-6.22682E-06,7.82609E-05,-1.178585052,-1.210037231,-0.964477539
8.74,-1.236175537,-0.717018127,-1.591751099,0.334609985,-0.99479866,-2.116210938,-1.06427002,-4.333557129,-2.481933594,-0.860460281,-4.011405945,-2.295266628,0.27734375,0.244018555,-0.84286499,-1.573547363,-1.14581E-05,-2.835723877,-1.760467529,-1.182029724,-3.163208008,-1.162963867,-1.38835144,0.705535889,-0.00136374,-0.000959809,-0.223724365,-0.000873205,-2.51701355,-4.214889526,-0.964172363,-1.873260498,-4.21496582,-1.063751221,0.000150181,5.82784E-05,7.63759E-05,-1.202407837,-1.207626343,-0.963134766
8.75,-1.263946533,-0.791229248,-1.590423584,0.344451904,-0.995996475,-2.151580811,-1.106811523,-4.416160583,-2.450668335,-0.856834412,-3.962165833,-2.313676834,0.255249023,0.199707031,-0.880203247,-1.592651367,0.000134101,-2.840606689,-1.820129395,-1.242881775,-3.144104004,-1.082519531,-1.438522339,0.736221313,-0.00136449,-0.000956805,-0.227523804,-0.000870202,-2.54296875,-4.204101563,-0.927856445,-1.906204224,-4.2550354,-1.077819824,0.000157762,-1.19172E-05,-1.62125E-05,-1.227485657,-1.228164673,-0.916015625
8.76,-1.304321289,-0.798522949,-1.595748901,0.373977661,-1.051099777,-2.150360107,-1.081787109,-4.427093506,-2.496360779,-0.879802704,-3.922767639,-2.394680977,0.337554932,0.216491699,-0.870559692,-1.583068848,0.000100074,-2.874847412,-1.900512695,-1.250190735,-3.115966797,-1.005737305,-1.418945313,0.752182007,-0.001356238,-0.000969572,-0.198379517,-0.000860441,-2.509597778,-4.11164856,-0.949584961,-1.907432556,-4.242523193,-1.058624268,1.7507E-05,-0.000116264,-1.62125E-05,-1.248802185,-1.174972534,-0.852722168
8.77,-1.304321289,-0.758384705,-1.65713501,0.409637451,-1.063077927,-2.108917236,-1.038024902,-4.429519653,-2.526420593,-0.88826561,-3.911689758,-2.411863804,0.403930664,0.25604248,-0.817565918,-1.562774658,-2.09091E-05,-2.845489502,-1.888305664,-1.210021973,-3.131286621,-0.966186523,-1.400588989,0.801269531,-0.001355488,-0.000962813,-0.164169312,-0.000857438,-2.477462769,-4.02041626,-0.981140137,-1.842758179,-4.197387695,-1.036865234,2.6986E-05,-7.64225E-05,-9.55686E-05,-1.253814697,-1.085479736,-0.821746826
8.78,-1.261413574,-0.709716797,-1.673141479,0.452697754,-1.028341293,-2.036987305,-1.059326172,-4.376075745,-2.487937927,-0.855625153,-3.891998291,-2.329632282,0.422363281,0.306335449,-0.788635254,-1.538879395,9.33651E-06,-2.776977539,-1.81161499,-1.210021973,-3.12109375,-0.859741211,-1.390800476,0.846694946,-0.001358489,-0.000953801,-0.162902832,-0.000867199,-2.430496216,-3.942382813,-0.964172363,-1.811035156,-4.164825439,-1.016387939,7.24737E-05,-3.27863E-05,-7.1004E-05,-1.241275787,-0.988754272,-0.773254395
8.79,-1.194519043,-0.624557495,-1.633117676,0.488372803,-1.039121628,-1.984527588,-1.061828613,-4.308052063,-2.42301178,-0.847162247,-3.793518066,-2.305085182,0.445709229,0.290771484,-0.764556885,-1.550811768,3.76916E-05,-2.710906982,-1.719085693,-1.197853088,-3.043212891,-0.771850586,-1.341873169,0.871246338,-0.001346487,-0.000959809,-0.161621094,-0.000858189,-2.411956787,-3.834350586,-0.949584961,-1.834213257,-4.112182617,-0.99206543,6.13369E-06,2.03345E-05,0.000106607,-1.241275787,-0.917404175,-0.684387207
8.8,-1.144012451,-0.60509491,-1.626434326,0.526489258,-1.041517258,-1.955291748,-1.038024902,-4.261886597,-2.36530304,-0.865297318,-3.60269928,-2.290357113,0.514526367,0.223693848,-0.745269775,-1.591461182,1.12271E-05,-2.632629395,-1.683776855,-1.20514679,-2.962768555,-0.763183594,-1.269699097,0.892105103,-0.001338235,-0.000956054,-0.100814819,-0.000841671,-2.397125244,-3.709487915,-0.96295166,-1.798835754,-3.96182251,-0.999755859,-6.3993E-05,4.49978E-05,9.33781E-05,-1.266353607,-0.87387085,-0.626495361
8.81,-1.142730713,-0.633071899,-1.651779175,0.586761475,-1.033130646,-1.900390625,-1.085510254,-4.174430847,-2.331634521,-0.88826561,-3.464820862,-2.236354351,0.60055542,0.258422852,-0.723587036,-1.597412109,-2.28006E-05,-2.53717041,-1.719085693,-1.225845337,-2.877197266,-0.722412109,-1.257461548,0.933853149,-0.001347987,-0.000958307,-0.033660889,-0.000845425,-2.314300537,-3.518615723,-0.985961914,-1.734169006,-3.776397705,-1.027893066,-7.53645E-05,-6.69379E-05,1.96882E-05,-1.251308441,-0.756576538,-0.559173584
8.82,-1.133911133,-0.609962463,-1.697143555,0.65071106,-1.065473557,-1.879669189,-1.133056641,-4.102752686,-2.281135559,-0.901563644,-3.363876343,-2.181123734,0.638641357,0.323120117,-0.692260742,-1.610595703,3.66475E-06,-2.420959473,-1.669158936,-1.240455627,-2.767333984,-0.602294922,-1.245231628,1.001342773,-0.001356238,-0.000968821,-0.05519104,-0.000858189,-2.195648193,-3.258117676,-0.983520508,-1.68170166,-3.615997314,-1.027893066,-3.9354E-05,-4.03766E-05,9.52668E-05,-1.201152802,-0.59211731,-0.447387695
8.83,-1.083435059,-0.567382813,-1.707824707,0.719589233,-1.076257706,-1.861419678,-1.134338379,-4.011642456,-2.184951782,-0.873760223,-3.157058716,-2.078027248,0.693939209,0.320739746,-0.674179077,-1.654785156,4.90341E-05,-2.258209229,-1.533996582,-1.235580444,-2.642211914,-0.477294922,-1.154693604,1.038192749,-0.001354738,-0.000959809,-0.072937012,-0.000856687,-2.06338501,-3.033615112,-0.961730957,-1.58164978,-3.416778564,-1.009979248,-6.3993E-05,5.82784E-05,8.20421E-05,-1.22246933,-0.482070923,-0.335632324
8.84,-1.00769043,-0.496826172,-1.665130615,0.790924072,-1.060684204,-1.769989014,-1.139282227,-3.802711487,-2.015419006,-0.837491989,-2.896087646,-1.947929382,0.80947876,0.314697266,-0.600708008,-1.633300781,7.73901E-05,-2.04776001,-1.437835693,-1.178382874,-2.446899414,-0.396850586,-1.07762146,1.083618164,-0.001349487,-0.00095305,-0.026062012,-0.000852182,-1.962036133,-2.798324585,-0.945983887,-1.455978394,-3.186218262,-0.989501953,-0.000137912,-7.83205E-05,-1.99899E-05,-1.247543335,-0.385345459,-0.226531982
8.85,-0.899139404,-0.365440369,-1.651779175,0.832748413,-1.066673279,-1.651702881,-1.109313965,-3.558540344,-1.843475342,-0.818149567,-2.644950867,-1.827649593,0.921295166,0.309936523,-0.485046387,-1.546051025,0.000115197,-1.837341309,-1.32824707,-1.145507813,-2.1953125,-0.270629883,-1.007888794,1.15234375,-0.001347987,-0.000966568,-0.014648438,-0.000859691,-1.842147827,-2.458602905,-0.94354248,-1.390083313,-2.933105469,-0.948516846,-7.72588E-05,-0.000182666,-2.37711E-05,-1.159778595,-0.23298645,-0.141723633
8.86,-0.785522461,-0.286361694,-1.641113281,0.883178711,-1.073862076,-1.493225098,-1.071777344,-3.319229126,-1.738876343,-0.798809052,-2.358108521,-1.681596756,1.010986328,0.325500488,-0.436843872,-1.531707764,4.71435E-05,-1.613433838,-1.20892334,-1.160118103,-1.959106445,-0.070068359,-0.927154541,1.187927246,-0.001351738,-0.00097558,-0.00831604,-0.000867199,-1.674041748,-2.076843262,-0.918151855,-1.343727112,-2.657440186,-0.933166504,7.05775E-05,-9.34973E-05,-2.56598E-05,-1.132194519,-0.03225708,-0.043426514
8.87,-0.735015869,-0.285140991,-1.607772827,0.982803345,-1.042715073,-1.342010498,-1.066772461,-3.043479919,-1.600601196,-0.783092499,-2.022041321,-1.551498413,1.088409424,0.349487305,-0.386245728,-1.554412842,6.79381E-05,-1.367523193,-1.14440918,-1.171066284,-1.743286133,0.075927734,-0.825614929,1.22354126,-0.001342736,-0.000966568,0.029693604,-0.000863445,-1.517059326,-1.699890137,-0.906005859,-1.222930908,-2.359222412,-0.951080322,3.83556E-05,-6.22682E-06,-1.09524E-06,-1.173568726,0.143096924,0.119537354
8.88,-0.714813232,-0.221885681,-1.595748901,1.076263428,-0.999588013,-1.277404785,-1.049316406,-2.72278595,-1.429870605,-0.781885147,-1.6798172,-1.436128139,1.158447266,0.342285156,-0.263366699,-1.5078125,0.000149224,-1.124023438,-1.034820557,-1.167419434,-1.50579834,0.179931641,-0.683708191,1.297164917,-0.001344986,-0.000955303,0.039840698,-0.000861943,-1.31312561,-1.303726196,-0.914489746,-1.065536499,-1.998352051,-0.908843994,-9.81074E-05,-1.38152E-05,5.55888E-05,-1.098339081,0.293029785,0.275726318
8.89,-0.58984375,-0.10144043,-1.573074341,1.116851807,-1.004379272,-1.151824951,-1.040527344,-2.391159058,-1.281982422,-0.762540817,-1.347427368,-1.259390831,1.28012085,0.338684082,-0.1537323,-1.473175049,6.98287E-05,-0.858520508,-0.886260986,-1.128479004,-1.235046387,0.337036133,-0.602958679,1.329086304,-0.00136374,-0.000955303,0.067703247,-0.000861192,-1.102996826,-0.883560181,-0.851501465,-0.902030945,-1.66003418,-0.864044189,-2.79807E-05,-1.76094E-05,3.85828E-05,-1.058216095,0.514328003,0.407684326
8.9,-0.387878418,-0.024803162,-1.533050537,1.139007568,-0.998390198,-0.949432373,-1.063049316,-2.057098389,-1.060745239,-0.703306198,-0.937492371,-1.056879997,1.412841797,0.329101563,-0.103149414,-1.483917236,6.60475E-05,-0.589355469,-0.757202148,-1.057876587,-0.950317383,0.515258789,-0.529556274,1.332778931,-0.001360739,-0.000958307,0.120925903,-0.000855186,-0.9559021,-0.452590942,-0.783691406,-0.722671509,-1.306671143,-0.880706787,6.29947E-05,6.01746E-05,7.82609E-05,-1.109622955,0.729568481,0.527526855
8.91,-0.289398193,0.036026001,-1.515716553,1.190673828,-0.934898376,-0.810455322,-1.055541992,-1.697525024,-0.815467834,-0.693634033,-0.485694885,-0.855596542,1.482879639,0.301574707,-0.053741455,-1.483917236,0.000105746,-0.298187256,-0.623291016,-1.025016785,-0.65020752,0.678588867,-0.358283997,1.424835205,-0.001350987,-0.000959809,0.117126465,-0.000861192,-0.758132935,0.003585815,-0.80670166,-0.594558716,-0.819274902,-0.838439941,2.34507E-06,2.41287E-05,0.000206746,-1.056964874,0.892822266,0.655456543
8.92,-0.256591797,0.106582642,-1.515716553,1.254623413,-0.901355743,-0.666564941,-1.000549316,-1.310012817,-0.650741577,-0.714185715,-0.09299469,-0.639584541,1.579956055,0.291992188,0.022155762,-1.469573975,0.000100074,0.022399902,-0.518585205,-1.018936157,-0.350158691,0.915039063,-0.213928223,1.509536743,-0.001354738,-0.000966568,0.104446411,-0.000872455,-0.517105103,0.49697876,-0.852722168,-0.501831055,-0.29800415,-0.782104492,-3.36673E-05,-3.46843E-05,0.00019541,-0.975463867,1.123779297,0.843994141
8.93,-0.130371094,0.163764954,-1.497024536,1.302581787,-0.912139893,-0.487335205,-0.955505371,-0.864204407,-0.458374023,-0.663412094,0.336647034,-0.454255581,1.733581543,0.280029297,0.114929199,-1.439697266,8.68421E-05,0.311126709,-0.381011963,-0.994590759,-0.04498291,1.18359375,-0.14175415,1.534088135,-0.001349487,-0.000966568,0.169067383,-0.000861192,-0.294616699,0.98197937,-0.828491211,-0.310264587,0.174407959,-0.764190674,-7.72588E-05,7.34553E-05,-4.87268E-06,-1.010574341,1.370452881,1.033874512
8.94,0.0362854,0.26108551,-1.465011597,1.399749756,-0.896566391,-0.316680908,-0.93548584,-0.403808594,-0.232322693,-0.636816025,0.822898865,-0.26647234,1.839263916,0.250061035,0.210098267,-1.40145874,5.55534E-06,0.618255615,-0.17767334,-0.989723206,0.275512695,1.343139648,-0.043891907,1.594223022,-0.001343486,-0.000957556,0.19694519,-0.000852933,-0.053604126,1.447753906,-0.784912109,-0.067459106,0.678100586,-0.736022949,2.34507E-06,9.62205E-05,-1.81012E-05,-1.046936035,1.573608398,1.181976318
8.95,0.156188965,0.390045166,-1.475692749,1.543655396,-0.879795074,-0.120391846,-0.924194336,0.003135681,-0.056777954,-0.652532578,1.295623779,-0.006277084,1.914215088,0.23449707,0.293228149,-1.395446777,2.44593E-05,0.997528076,-0.018157959,-0.971466064,0.592224121,1.501708984,0.107803345,1.644577026,-0.001347987,-0.00095305,0.193130493,-0.000865697,0.17755127,1.95916748,-0.77520752,0.132644653,1.256988525,-0.721954346,0.000106588,3.55113E-05,0.00012739,-0.974212646,1.836013794,1.358398438
8.96,0.284942627,0.518997192,-1.473007202,1.640823364,-0.863023758,0.105194092,-0.914245605,0.4453125,0.164451599,-0.633190155,1.801582336,0.287057877,2.057983398,0.242858887,0.369125366,-1.396697998,0.000100074,1.371887207,0.108459473,-0.922775269,0.907653809,1.754150391,0.243598938,1.672775269,-0.001348737,-0.000950797,0.261566162,-0.000870953,0.396316528,2.519790649,-0.748596191,0.332748413,1.878479004,-0.64642334,-8.29455E-05,-3.84785E-05,8.39308E-05,-0.937850952,2.129852295,1.580596924
8.97,0.469238281,0.644294739,-1.415649414,1.697387695,-0.816305161,0.325836182,-0.893005371,0.948219299,0.447006226,-0.615056992,2.372787476,0.516570091,2.231292725,0.248901367,0.448638916,-1.399047852,0.000132211,1.718170166,0.260650635,-0.915473938,1.251098633,1.955932617,0.334121704,1.768539429,-0.001348737,-0.000958307,0.29069519,-0.000863445,0.629928589,3.111618042,-0.742492676,0.520645142,2.550109863,-0.62210083,-0.000179609,-0.000213021,8.77082E-05,-0.979225159,2.382583618,1.797393799
8.98,0.662384033,0.705123901,-1.414306641,1.810546875,-0.807918549,0.52947998,-0.887939453,1.443840027,0.674247742,-0.584835052,2.964920044,0.681034088,2.313598633,0.253662109,0.542602539,-1.415802002,0.000130321,2.087646484,0.435974121,-0.931297302,1.616333008,2.083374023,0.485816956,1.86428833,-0.001346487,-0.000966568,0.304626465,-0.000851432,0.872192383,3.73828125,-0.769165039,0.679267883,3.254302979,-0.725799561,-2.2294E-05,-0.000222506,0.000151951,-0.964179993,2.651031494,1.967071533
8.99,0.778533936,0.767173767,-1.438323975,1.945846558,-0.819898605,0.72088623,-0.862915039,1.962547302,0.872634888,-0.549776077,3.581672668,0.926502228,2.400848389,0.264465332,0.640197754,-1.385925293,1.87885E-05,2.468170166,0.613739014,-0.908180237,1.990478516,2.307373047,0.660766602,1.937911987,-0.001348737,-0.000957556,0.355316162,-0.000843923,1.14906311,4.404541016,-0.777648926,0.895233154,3.97354126,-0.693786621,4.21479E-05,-4.60688E-05,5.55888E-05,-0.924057007,2.952133179,2.142120361
9,0.858032227,0.924110413,-1.449005127,2.025787354,-0.795938492,0.91595459,-0.817932129,2.493400574,1.137161255,-0.573955536,4.24520874,1.255429268,2.626953125,0.27520752,0.77633667,-1.354858398,1.87885E-05,2.875579834,0.791503906,-0.864356995,2.395263672,2.662597656,0.772094727,2.065582275,-0.00136299,-0.000956054,0.364196777,-0.000843923,1.458068848,5.140441895,-0.770385742,1.163665771,4.720336914,-0.601623535,-2.04016E-05,2.41287E-05,-1.05426E-05,-0.911518097,3.268951416,2.416809082
9.01,1.043609619,1.068878174,-1.5050354,2.166000366,-0.754013062,1.158599854,-0.84173584,3.035179138,1.454574585,-0.576372147,4.887809753,1.531581879,2.844482422,0.29675293,0.937759399,-1.384735107,0.000134101,3.323394775,1.000915527,-0.827842712,2.806396484,2.986816406,0.926231384,2.128189087,-0.00136449,-0.000962062,0.356582642,-0.000843172,1.770782471,5.864318848,-0.726745605,1.375961304,5.44833374,-0.590087891,-0.000103794,1.46423E-05,-2.18786E-05,-0.917785645,3.59664917,2.674041748
9.02,1.298614502,1.184448242,-1.52772522,2.357879639,-0.733646393,1.418304443,-0.830383301,3.644989014,1.763587952,-0.509883881,5.507026672,1.764775276,3.00793457,0.311096191,1.06427002,-1.384735107,0.000113307,3.77243042,1.255401611,-0.794975281,3.232910156,3.241821289,1.131759644,2.158874512,-0.001354738,-0.000955303,0.376861572,-0.000850681,2.046417236,6.546203613,-0.663757324,1.566307068,6.205169678,-0.547851563,-8.48416E-05,5.1558E-06,4.57093E-06,-0.912773132,3.894119263,2.881408691
9.03,1.498046875,1.357192993,-1.490356445,2.466110229,-0.752813339,1.640167236,-0.747924805,4.240219116,2.036514282,-0.451858521,6.186561584,1.980787277,3.219299316,0.319580078,1.206436157,-1.348876953,0.000100074,4.259368896,1.473358154,-0.774284363,3.721984863,3.543701172,1.279777527,2.339324951,-0.001353238,-0.000950797,0.414871216,-0.000861943,2.262741089,7.308502197,-0.637145996,1.799354553,7.017120361,-0.511993408,-3.34159E-06,-2.51997E-05,0.000112273,-0.855098724,4.190383911,3.139953613
9.04,1.621765137,1.511695862,-1.491699219,2.586639404,-0.760000229,1.840118408,-0.745422363,4.805084229,2.278190613,-0.431306839,6.90057373,2.17716217,3.415893555,0.331542969,1.337753296,-1.327392578,0.000151115,4.768341064,1.603607178,-0.7840271,4.202087402,3.876708984,1.407020569,2.506240845,-0.001350987,-0.000957556,0.460479736,-0.00085894,2.553192139,8.093612671,-0.617736816,2.027519226,7.772674561,-0.483856201,-1.47149E-05,-2.89921E-05,0.000102825,-0.837543488,4.542266846,3.395812988
9.05,1.75302124,1.577392578,-1.511703491,2.76499939,-0.744426727,2.065673828,-0.781677246,5.414894104,2.565551758,-0.445812225,7.59488678,2.416493416,3.55355835,0.294372559,1.42930603,-1.329742432,0.000122759,5.252838135,1.799621582,-0.78767395,4.668151855,4.191040039,1.590515137,2.570083618,-0.001349487,-0.000962813,0.522567749,-0.000860441,2.926483154,8.87272644,-0.61529541,2.252029419,8.540802002,-0.442901611,-5.64121E-05,5.44824E-05,-1.81012E-05,-0.852588654,4.928009033,3.65435791
9.06,1.985321045,1.680801392,-1.491699219,2.912567139,-0.728853226,2.36315918,-0.745422363,6.04535675,2.926261902,-0.43372345,8.302726746,2.68896389,3.718200684,0.288391113,1.564239502,-1.335754395,0.000124649,5.778961182,2.09552002,-0.740203857,5.17767334,4.515258789,1.792373657,2.660903931,-0.001359239,-0.000957556,0.593505859,-0.000859691,3.256500244,9.71546936,-0.654052734,2.475311279,9.352752686,-0.424957275,-3.74578E-05,0.000162624,9.52668E-05,-0.837543488,5.325836182,3.955993652
9.07,2.221374512,1.877876282,-1.502380371,3.067550659,-0.684530258,2.654541016,-0.684143066,6.717124939,3.250892639,-0.37207222,9.054901123,2.912339211,3.938171387,0.366210938,1.722061157,-1.291503906,0.000156785,6.346679688,2.340240479,-0.693954468,5.683349609,4.840698242,1.962417603,2.760345459,-0.00136299,-0.000954552,0.631530762,-0.000851432,3.601364136,10.57380676,-0.661376953,2.715682983,10.07699585,-0.409606934,3.64613E-05,0.000122782,0.000240758,-0.838794708,5.743026733,4.252258301
9.08,2.362731934,2.046981812,-1.511703491,3.255737305,-0.658178329,2.910583496,-0.694152832,7.439903259,3.533447266,-0.344266891,9.86000061,3.135715485,4.163085938,0.399780273,1.842544556,-1.271209717,5.55534E-06,6.951049805,2.56427002,-0.714645386,6.222167969,5.174926758,2.132469177,2.857299805,-0.001355488,-0.000962813,0.655609131,-0.00084993,3.980819702,11.47058105,-0.60559082,2.99143219,10.80374146,-0.391662598,1.37165E-05,-5.36442E-07,4.23603E-05,-0.788642883,6.158996582,4.547149658
9.09,2.58114624,2.168632507,-1.453018188,3.430389404,-0.650987625,3.212982178,-0.709106445,8.139602661,3.886936188,-0.340639114,10.68727112,3.436413765,4.390411377,0.384216309,1.988311768,-1.286743164,-0.00012488,7.595855713,2.84185791,-0.704910278,6.850402832,5.554931641,2.373466492,3.009521484,-0.001354738,-0.000962813,0.730361938,-0.000844674,4.33555603,12.3913269,-0.564453125,3.269622803,11.48162842,-0.326385498,-3.74578E-05,2.03345E-05,-6.91153E-05,-0.732219696,6.567718506,4.862243652
9.1,2.906799316,2.349899292,-1.450332642,3.576751709,-0.594686508,3.520233154,-0.622802734,8.849021912,4.318588257,-0.304372787,11.46651459,3.726066589,4.584564209,0.37701416,2.201553345,-1.24609375,-4.73754E-05,8.192932129,3.12677002,-0.602668762,7.496520996,5.95703125,2.6120224,3.151916504,-0.001362239,-0.000955303,0.817779541,-0.000842422,4.706375122,13.25326538,-0.577758789,3.56124115,12.01165771,-0.248291016,2.88785E-05,4.49978E-05,0.000112273,-0.738487244,6.97644043,5.165252686
9.11,3.136566162,2.549415588,-1.473007202,3.672683716,-0.551559448,3.814056396,-0.560302734,9.613105774,4.715358734,-0.230630875,12.22976685,3.960488319,4.72958374,0.380615234,2.349731445,-1.203094482,2.82396E-05,8.76675415,3.381256104,-0.575897217,8.108215332,6.351928711,2.784507751,3.226776123,-0.00136674,-0.000963564,0.867202759,-0.000850681,5.051223755,14.1116333,-0.564453125,3.804039001,12.65319824,-0.244445801,-5.64121E-05,-8.21147E-05,0.000146281,-0.685829163,7.365814209,5.392822266
9.12,3.280456543,2.675933838,-1.418319702,3.788299561,-0.588695526,4.099334717,-0.550292969,10.37111664,5.027973175,-0.171396255,13.02625275,4.197364807,4.94342041,0.406982422,2.452133179,-1.192321777,1.87885E-05,9.393188477,3.589447021,-0.61605072,8.704528809,6.70703125,2.992485046,3.323760986,-0.00136299,-0.000972576,0.921676636,-0.000856687,5.375061035,15.01438904,-0.507507324,4.000480652,13.4112854,-0.262359619,-0.00015497,-0.000131441,-2.37711E-05,-0.618122101,7.778152466,5.628479004
9.13,3.466033936,2.770828247,-1.399642944,3.970321655,-0.580308914,4.3565979,-0.484008789,11.13763428,5.346599579,-0.166561127,13.84120178,4.412149429,5.156005859,0.397399902,2.648513794,-1.173217773,-8.14013E-05,10.02450562,3.802490234,-0.574676514,9.336608887,7.00793457,3.215133667,3.463684082,-0.001358489,-0.000971825,0.995162964,-0.000856687,5.774307251,15.92314148,-0.523254395,4.265258789,14.09918213,-0.207336426,-4.88292E-05,-3.46843E-05,-6.91153E-05,-0.584270477,8.207443237,5.954376221
9.14,3.685699463,2.903427124,-1.419662476,4.125289917,-0.486869812,4.644317627,-0.42401123,11.93815613,5.712112427,-0.137546539,14.66230774,4.644116402,5.303466797,0.384216309,2.796691895,-1.148132324,-5.49359E-05,10.64605713,4.07522583,-0.5052948,10.00701904,7.334594727,3.41822052,3.539779663,-0.001356989,-0.00096056,1.059783936,-0.000855186,6.163650513,16.77067566,-0.557189941,4.553207397,14.81341553,-0.127960205,3.07746E-05,5.44824E-05,0.000165179,-0.546653748,8.607696533,6.25869751
9.15,3.953277588,3.119979858,-1.40763855,4.261825562,-0.446142197,4.967437744,-0.410217285,12.72775269,6.101673126,-0.071058273,15.43293762,4.914132118,5.53817749,0.456054688,2.897903442,-1.142150879,8.68421E-05,11.3421936,4.356506348,-0.473655701,10.67736816,7.735595703,3.649429321,3.603622437,-0.001356989,-0.00095305,1.124404907,-0.000867199,6.493667603,17.6242218,-0.522033691,4.82774353,15.57525635,-0.108764648,0.000121752,9.05301E-05,0.00029555,-0.525337219,8.983764648,6.480865479
9.16,4.249938965,3.371803284,-1.376968384,4.422943115,-0.450931549,5.291748047,-0.383972168,13.55743408,6.511676788,-0.046880722,16.21464539,5.171873093,5.760620117,0.498046875,3.112335205,-1.146942139,1.12271E-05,12.04818726,4.635314941,-0.45539093,11.37713623,8.131591797,3.880645752,3.727600098,-0.001359989,-0.000954552,1.178878784,-0.000870953,6.896621704,18.58700562,-0.495422363,5.110809326,16.27694702,-0.053710938,7.24737E-05,1.0848E-05,5.93662E-05,-0.495246887,9.327178955,6.703063965
9.17,4.497344971,3.504402161,-1.32093811,4.59022522,-0.4389534,5.635559082,-0.36895752,14.48429871,6.908454895,-0.006986618,17.06160736,5.455389023,5.879821777,0.453735352,3.32800293,-1.10748291,-0.000117319,12.6574707,4.920227051,-0.407928467,12.13183594,8.476928711,4.133880615,3.851577759,-0.00136599,-0.000950046,1.256164551,-0.000851432,7.344055176,19.50778198,-0.472412109,5.385345459,17.00869751,0.02947998,-0.000168236,-0.00015231,-8.23438E-05,-0.485214233,9.657302856,6.977783203
9.18,4.682922363,3.582267761,-1.298248291,4.746398926,-0.413797379,6.006195068,-0.357666016,15.42816925,7.307636261,0.089723587,17.84455872,5.736449242,6.08380127,0.438110352,3.511108398,-1.03817749,-4.54839E-05,13.25698853,5.163726807,-0.33732605,12.85961914,8.795043945,4.405456543,3.952209473,-0.001362239,-0.000950797,1.334732056,-0.000842422,7.733413696,20.25688171,-0.408203125,5.672080994,17.77554321,0.039733887,-0.000137912,-0.000131441,3.66941E-05,-0.478946686,9.99105835,7.236328125
9.19,4.91897583,3.758666992,-1.296920776,4.898925781,-0.373065948,6.354858398,-0.291442871,16.29308319,7.693595886,0.10544014,18.50070953,5.9696455,6.298858643,0.451293945,3.691833496,-1.003540039,6.41569E-05,13.87728882,5.374359131,-0.300819397,13.5223999,9.077148438,4.604873657,4.031997681,-0.001356238,-0.000961311,1.361343384,-0.000851432,8.064666748,20.95074463,-0.368225098,5.925865173,18.47598267,0.075561523,-2.60845E-05,4.12036E-05,9.52668E-05,-0.443840027,10.30302429,7.436950684
9.2,5.20803833,3.922897339,-1.292907715,5.032989502,-0.323949814,6.580444336,-0.243896484,17.11182404,7.994182587,0.087305069,19.13592529,6.168473244,6.382415771,0.436889648,3.778564453,-1.00112915,5.28144E-05,14.46582031,5.576477051,-0.286209106,14.17492676,9.359375,4.734550476,4.082351685,-0.001361489,-0.000962813,1.425949097,-0.000855936,8.334136963,21.67463684,-0.374267578,6.088142395,19.24786377,0.134460449,-8.48416E-05,5.1558E-06,7.44835E-05,-0.421268463,10.61257935,7.661865234
9.21,5.379730225,4.040901184,-1.32359314,5.136322021,-0.268846512,6.781616211,-0.230163574,17.92206955,8.289962769,0.1634655,19.8523941,6.326800346,6.475830078,0.417785645,3.833984375,-0.992767334,-5.30463E-05,15.0824585,5.773712158,-0.263092041,14.81713867,9.65637207,4.886245728,4.114242554,-0.001358489,-0.000956805,1.517181396,-0.000858189,8.627075195,22.35050964,-0.369445801,6.273605347,20.06732178,0.16519165,-5.2359E-06,-0.000114366,6.12587E-05,-0.397445679,10.95359802,7.890777588
9.22,5.527404785,4.183242798,-1.312927246,5.258056641,-0.240097046,7.065704346,-0.191345215,18.71773911,8.650665283,0.192480087,20.51223755,6.505992889,6.615905762,0.424926758,3.971328735,-0.965301514,-6.43879E-05,15.7333374,6.006286621,-0.247268677,15.49908447,9.920043945,5.090538025,4.182983398,-0.001350987,-0.000954552,1.55645752,-0.000870202,9.01890564,23.01077271,-0.334289551,6.548141479,20.7539978,0.23815918,0.000152076,-4.60688E-05,4.61414E-05,-0.381145477,11.26194763,8.064483643
9.23,5.729400635,4.30368042,-1.238220215,5.384750366,-0.242490768,7.309539795,-0.162658691,19.51340866,8.993339539,0.197315216,21.04772949,6.740414619,6.725280762,0.430969238,4.114700317,-0.946166992,3.76916E-05,16.31573486,6.246124268,-0.208312988,16.22686768,10.17004395,5.307067871,4.271377563,-0.001355488,-0.000956805,1.631210327,-0.000872455,9.409484863,23.70463562,-0.33190918,6.79094696,21.44564819,0.295776367,0.000100901,1.0848E-05,5.55888E-05,-0.349803925,11.49290466,8.230133057
9.24,5.908630371,4.442367554,-1.215545654,5.494216919,-0.216136932,7.546081543,-0.130065918,20.33337021,9.323982239,0.281936646,21.63494873,6.942925453,6.851867676,0.428527832,4.23034668,-0.921112061,-2.65809E-05,16.85162354,6.46282959,-0.166931152,16.9420166,10.43493652,5.496696472,4.309432983,-0.001356989,-0.00096056,1.711029053,-0.000855936,9.734558105,24.34570313,-0.359741211,6.964202881,22.23883057,0.331604004,-4.31444E-05,-0.000110572,3.29167E-05,-0.269557953,11.688797,8.399810791
9.25,6.158569336,4.609031677,-1.240890503,5.601226807,-0.176607132,7.846008301,-0.061340332,21.22500992,9.666656494,0.336336136,22.22460938,7.109844208,7.018981934,0.463256836,4.379730225,-0.884063721,-2.65809E-05,17.40097046,6.689331055,-0.147460938,17.68768311,10.68981934,5.680206299,4.352371216,-0.001357739,-0.000965066,1.695831299,-0.000852182,10.00895691,24.98435974,-0.325805664,7.176506042,22.99938965,0.384094238,-8.10511E-05,-0.000230094,6.88173E-05,-0.210624695,11.89195251,8.586975098
9.26,6.354248047,4.717300415,-1.226196289,5.643051147,-0.165822983,8.103240967,-0.032531738,22.17494965,9.976863861,0.37985611,22.74658203,7.286581039,7.133270264,0.453735352,4.52671814,-0.854156494,0.00012654,17.9234314,6.917022705,-0.082946777,18.43469238,10.92626953,5.917526245,4.422348022,-0.001355488,-0.000962813,1.712295532,-0.000853684,10.3278656,25.67582703,-0.270141602,7.41443634,23.77877808,0.426330566,-0.000118956,-0.000188358,0.00018407,-0.210624695,12.17733765,8.80645752
9.27,6.440093994,4.787864685,-1.186187744,5.677490234,-0.140666962,8.317810059,-0.040039063,23.09573364,10.3159256,0.456016541,23.30792236,7.444908142,7.258605957,0.397399902,4.659240723,-0.821929932,5.47059E-05,18.54986572,7.167816162,-0.01600647,19.18933105,11.18981934,6.142631531,4.489852905,-0.001348737,-0.000957556,1.798461914,-0.000846927,10.6999054,26.35050964,-0.257995605,7.599899292,24.70349121,0.503143311,-7.1574E-05,-0.000121957,0.000204857,-0.223163605,12.54373169,9.01651001
9.28,6.659729004,4.883972168,-1.163497925,5.794311523,-0.103530884,8.564086914,-0.005065918,24.00802231,10.71751404,0.495908737,23.91975403,7.626553535,7.44418335,0.411743164,4.80140686,-0.788452148,2.44593E-05,19.31942749,7.477081299,0.007110596,19.98614502,11.51159668,6.300437927,4.577011108,-0.001352488,-0.000961311,1.844070435,-0.000852182,11.07070923,27.05999756,-0.243469238,7.826843262,25.71218872,0.526184082,0.00013881,-3.27863E-05,0.00018407,-0.174263,12.90649414,9.250854492
9.29,6.946289063,5.037261963,-1.152832031,5.941925049,-0.090353012,8.861602783,0.033752441,24.97739792,11.11067963,0.505580902,24.55990601,7.845021248,7.533874512,0.452453613,4.938751221,-0.768157959,2.82396E-05,20.04498291,7.800933838,0.060668945,20.77276611,11.80126953,6.51574707,4.633483887,-0.001361489,-0.000964315,1.87828064,-0.000857438,11.52433777,27.83670044,-0.226501465,8.134315491,26.77600098,0.483947754,0.000167239,7.15572E-05,0.00015384,-0.104049683,13.29223633,9.522857666
9.3,7.18737793,5.23677063,-1.135482788,6.093200684,-0.067592621,9.177398682,0.049987793,26.0245285,11.52429199,0.550310135,25.20866394,8.05612278,7.608856201,0.448913574,5.097763062,-0.759735107,-8.89637E-05,20.78396606,8.095581055,0.125183105,21.66784668,12.02514648,6.805686951,4.648193359,-0.001361489,-0.000956054,1.941635132,-0.000855936,12.01008606,28.60499573,-0.218017578,8.427154541,27.8899231,0.562042236,4.02518E-05,-2.33017E-05,0.000104714,-0.102798462,13.64533997,9.759857178
9.31,7.479003906,5.441146851,-1.099472046,6.232177734,-0.031656265,9.455352783,0.113769531,27.16154099,12.01845932,0.65064621,25.85003662,8.306502342,7.819000244,0.442932129,5.277282715,-0.734680176,1.7751E-06,21.58779907,8.363433838,0.158050537,22.67279053,12.3347168,7.098075867,4.735351563,-0.001354738,-0.000951548,1.996109009,-0.000861943,12.4278717,29.42973328,-0.182922363,8.705345154,29.01889038,0.655487061,2.34507E-06,-9.34973E-05,0.000151951,-0.085243225,13.90170288,9.964569092
9.32,7.779418945,5.617546082,-1.087463379,6.35887146,0.024648666,9.723571777,0.225097656,28.3277092,12.50541306,0.748567581,26.5308075,8.586333275,8.024200439,0.490844727,5.462814331,-0.66897583,7.17184E-05,22.34515381,8.656890869,0.195777893,23.64709473,12.72570801,7.348861694,4.863021851,-0.001354738,-0.000962062,2.016387939,-0.000864946,12.86543274,30.33848572,-0.174438477,8.989639282,30.22180176,0.659332275,-4.50406E-05,1.0848E-05,0.000210527,-0.008758545,14.22938538,10.20153809
9.33,8.02053833,5.724601746,-1.104797363,6.474487305,0.079751968,10.02716064,0.271362305,29.52060699,12.94667816,0.83439827,27.2164917,8.806027412,8.18270874,0.494445801,5.63508606,-0.621154785,-2.84715E-05,23.08413696,8.973449707,0.24446106,24.65716553,13.05981445,7.605758667,4.941574097,-0.001353988,-0.000962813,2.045516968,-0.000861943,13.34378052,31.18722534,-0.199890137,9.286132813,31.51242065,0.723327637,-7.9155E-05,3.36152E-05,0.000136837,0.038887024,14.63568115,10.45874023
9.34,8.237670898,5.843826294,-1.094116211,6.587631226,0.056993484,10.32098389,0.246337891,30.85441208,13.40958023,0.927482605,27.89480591,9.012221336,8.35723877,0.434509277,5.797729492,-0.628326416,1.68979E-05,23.85983276,9.297302246,0.270019531,25.72210693,13.38537598,7.959320068,5.039779663,-0.001350987,-0.000958307,2.097473145,-0.000854435,13.80851746,32.02877808,-0.19744873,9.622894287,32.84936523,0.811645508,-1.66092E-05,2.22307E-05,5.37001E-05,0.040138245,14.97669983,10.71054077
9.35,8.530517578,6.062812805,-1.052764893,6.738922119,0.053398132,10.61727905,0.277587891,32.27082443,13.92178345,1.02781868,28.61003113,9.27487278,8.530517578,0.478820801,6.025421143,-0.622375488,8.11704E-05,24.69180298,9.675964355,0.30532074,26.78198242,13.73681641,8.309196472,5.163757324,-0.001350987,-0.000962062,2.13168335,-0.000851432,14.36227417,32.94473267,-0.182922363,9.942565918,34.19512939,0.8487854,-1.28187E-05,5.06882E-05,4.42527E-05,0.051425934,15.34188843,10.98660278
9.36,8.915527344,6.285430908,-1.027435303,6.906204224,0.100118637,10.98303223,0.337646484,33.66415405,14.48568726,1.146289825,29.35235596,9.578026772,8.749237061,0.541137695,6.309738159,-0.56854248,9.62941E-05,25.55804443,10.09356689,0.391731262,27.88391113,14.04626465,8.607696533,5.249679565,-0.001360739,-0.00095305,2.179824829,-0.000861192,15.01243591,33.80548096,-0.18170166,10.26834106,35.52960205,0.933258057,-4.50406E-05,-2.14037E-05,9.33781E-05,0.097816467,15.73487854,11.25592041
9.37,9.252563477,6.483734131,-1.027435303,7.078369141,0.107307434,11.35610962,0.367614746,35.10364532,15.05921555,1.23695755,30.06266785,9.920453072,8.95199585,0.505187988,6.522979736,-0.525543213,0.000109526,26.38882446,10.48443604,0.508575439,29.02935791,14.36804199,8.939216614,5.351547241,-0.00136524,-0.000944789,2.234313965,-0.000869451,15.56739807,34.6230011,-0.191345215,10.64048767,36.92419434,1.05871582,8.57394E-05,-9.16012E-05,0.000106607,0.149223328,16.03961182,11.50775146
9.38,9.560577393,6.713661194,-0.998077393,7.253051758,0.1755867,11.69873047,0.443908691,36.60873413,15.59425735,1.342130661,30.68681335,10.24815464,9.06137085,0.489624023,6.668762207,-0.516021729,-1.15484E-07,27.19265747,10.82531738,0.57673645,30.14923096,14.70214844,9.27809906,5.443603516,-0.001349487,-0.00095305,2.235580444,-0.000867199,16.06182861,35.44651794,-0.216796875,10.9357605,38.35516357,1.104797363,0.000133123,-8.78051E-05,9.9048E-05,0.203140259,16.35279846,11.74609375
9.39,9.883728027,6.904663086,-0.966049194,7.384628296,0.286998749,12.07058716,0.520202637,38.10774994,16.09684372,1.508956909,31.2961731,10.51448536,9.219909668,0.529174805,6.877182007,-0.489715576,4.33633E-05,28.01730347,11.17233276,0.575523376,31.27166748,14.96960449,9.632873535,5.487792969,-0.001344986,-0.000951548,2.227981567,-0.000864196,16.62049866,36.21363831,-0.245849609,11.1883316,39.76229858,1.126556396,-3.55635E-05,-0.000102984,0.00018407,0.210659027,16.69984436,11.98175049
9.4,10.14251709,7.031181335,-0.97807312,7.518707275,0.294183731,12.44854736,0.536499023,39.61162567,16.57898712,1.583908081,31.95478821,10.75504589,9.446014404,0.55670166,7.131378174,-0.464599609,0.00017758,28.84069824,11.54977417,0.593788147,32.42852783,15.25793457,10.00965881,5.595825195,-0.001353238,-0.000947042,2.231781006,-0.000861943,17.20019531,37.01437378,-0.234985352,11.5677948,41.25213623,1.220001221,-2.79807E-05,-4.7965E-05,0.000238869,0.210659027,17.01786804,12.28204346
9.41,10.43286133,7.179595947,-0.984741211,7.688446045,0.285800934,12.77160645,0.567687988,41.18352509,17.12004852,1.600831985,32.56785583,11.03365231,9.594726563,0.533935547,7.344619751,-0.455078125,0.000107636,29.64208984,11.94793701,0.69115448,33.5458374,15.5982666,10.37055206,5.735748291,-0.001341236,-0.000951548,2.231781006,-0.000859691,17.81822205,37.8270874,-0.198669434,12.01314545,42.77828979,1.344207764,6.48908E-05,4.30997E-05,0.00026343,0.309715271,17.37460327,12.5553894
9.42,10.79388428,7.388847351,-0.975402832,7.823730469,0.351686478,13.08740234,0.583984375,42.80765915,17.75008011,1.773702621,33.11811829,11.41044521,9.734802246,0.51361084,7.56388855,-0.401306152,0.000168128,30.46063232,12.39962769,0.811645508,34.62872314,15.88781738,10.7620163,5.810638428,-0.001338985,-0.000949295,2.240646362,-0.000853684,18.49061584,38.57017517,-0.215637207,12.38406372,44.265625,1.435089111,4.97289E-05,6.01746E-05,0.000289883,0.37115097,17.77485657,12.77087402
9.43,11.16375732,7.651618958,-0.952713013,7.965179443,0.443927765,13.48245239,0.586486816,44.39778137,18.36087799,1.953826904,33.69917297,11.78232861,9.973205566,0.533935547,7.836166382,-0.358276367,0.000221059,31.33544922,12.82696533,0.870071411,35.73071289,16.14904785,11.18652344,5.881820679,-0.00136524,-0.000953801,2.252059937,-0.000850681,19.17167664,39.30848694,-0.241027832,12.71716309,45.80935669,1.482452393,0.000116065,-4.03766E-05,0.000176515,0.348583221,18.12794495,13.04824829
9.44,11.57904053,7.897361755,-0.930023193,8.181625366,0.526584625,13.9347229,0.641540527,45.95389175,18.95964813,2.002182007,34.30607605,12.09530163,10.20178223,0.560302734,8.095184326,-0.34753418,6.98287E-05,32.21511841,13.25067139,0.913894653,36.8147583,16.42126465,11.59146881,5.995986938,-0.001371241,-0.000961311,2.252059937,-0.000856687,19.85150146,39.98435974,-0.216796875,13.09662628,47.29418945,1.54006958,0.000116065,-0.000192152,-2.98396E-06,0.376167297,18.39396667,13.33776855
9.45,11.96279907,8.037269592,-0.935379028,8.331680298,0.590076447,14.33221436,0.701538086,47.48934937,19.62695694,2.098894119,34.81573486,12.45982075,10.32589722,0.586669922,8.280731201,-0.296112061,1.12271E-05,33.00061035,13.75961304,0.999092102,37.79034424,16.67004395,11.98293304,6.097854614,-0.001359989,-0.000950797,2.234313965,-0.000860441,20.54862213,40.57019043,-0.202270508,13.53709412,48.54971313,1.602783203,-4.50406E-05,-4.41708E-05,-6.15604E-05,0.448886871,18.63702393,13.55728149
9.46,12.29226685,8.223396301,-0.955383301,8.430084229,0.649972916,14.71139526,0.731506348,48.93976974,20.27141953,2.260883331,35.18873596,12.8255682,10.42541504,0.579467773,8.465042114,-0.259094238,2.63499E-05,33.68823242,14.20037842,1.090370178,38.6842041,16.89770508,12.3719635,6.156768799,-0.00136749,-0.000953801,2.217849731,-0.000858189,21.22720337,41.11520386,-0.178039551,13.95316315,49.66867065,1.70135498,-6.3993E-05,0.00021195,6.50361E-05,0.516597748,18.90548706,13.70269775
9.47,12.66339111,8.516586304,-0.939361572,8.593658447,0.748203278,15.1600647,0.762817383,50.31366348,20.83291626,2.410785675,35.5383606,13.15449619,10.55322266,0.537536621,8.712020874,-0.23638916,0.000117088,34.29873657,14.55224609,1.167045593,39.52947998,17.1105957,12.76589203,6.21446228,-0.001371991,-0.000965817,2.205169678,-0.000861192,21.83904266,41.57258606,-0.155029297,14.26551819,50.7487793,1.835784912,1.18203E-05,0.000185391,0.000208635,0.532897949,19.15699768,13.84680176
9.48,13.01306152,8.679603577,-0.871337891,8.75479126,0.854818344,15.55996704,0.805358887,51.57701874,21.41726303,2.497825623,35.86581421,13.49446964,10.66137695,0.531555176,8.918029785,-0.171844482,0.000137881,34.84197998,14.93579102,1.218177795,40.22546387,17.30737305,13.15613556,6.275848389,-0.001356989,-0.000959809,2.20010376,-0.000861192,22.41503143,41.94352722,-0.182922363,14.56932831,51.72860718,1.843444824,2.34507E-06,0.000155035,9.9048E-05,0.489009857,19.37103271,14.05819702
9.49,13.30844116,8.765983582,-0.886016846,8.860565186,0.92429924,15.86355591,0.784057617,52.61077881,22.02445221,2.50387001,36.10710144,13.80253315,10.76953125,0.56628418,9.039703369,-0.112091064,-6.81691E-05,35.34729004,15.29373169,1.315544128,40.74768066,17.43615723,13.49745178,6.279541016,-0.001350237,-0.000958307,2.182373047,-0.000844674,23.00709534,42.21723938,-0.14654541,14.94879913,52.52178955,1.813995361,-4.50406E-05,0.000101913,-4.07733E-05,0.505313873,19.51130676,14.20904541
9.5,13.63916016,8.960632324,-0.955383301,8.947906494,0.992582321,16.21350098,0.770324707,53.42102051,22.58835602,2.627178192,36.25482178,14.10077572,10.86782837,0.589050293,9.225234985,-0.083435059,-0.000105976,35.71923828,15.61151123,1.461593628,41.09631348,17.4486084,13.82286072,6.266021729,-0.001359989,-0.000957556,2.107620239,-0.000844674,23.61399078,42.34568787,-0.046020508,15.26969147,53.1182251,1.885681152,-9.05283E-05,5.44824E-05,9.14894E-05,0.589317322,19.5838623,14.26290894
9.51,14.00146484,9.167434692,-0.899353027,9.029052734,1.086023331,16.59509277,0.850402832,54.02840424,23.15225983,2.812135696,36.29667664,14.38674641,10.88378906,0.560302734,9.463775635,-0.061920166,1.87885E-05,35.89907837,15.9475708,1.529762268,41.26483154,17.49438477,14.1837616,6.301620483,-0.001359239,-0.000950046,2.046798706,-0.000861192,24.17390442,42.36730957,-0.01574707,15.47956085,53.49789429,1.961212158,4.5076E-07,0.000414949,0.00018407,0.634456635,19.65882874,14.35043335
9.52,14.30822754,9.331672668,-0.83531189,9.085647583,1.178262711,16.92672729,0.87286377,54.36124802,23.66686249,2.868953705,36.24990845,14.63098621,10.88995361,0.538757324,9.587875366,-0.02130127,3.39113E-05,35.98104858,16.26898193,1.576011658,41.33123779,17.58959961,14.4871521,6.31880188,-0.001346487,-0.000956805,2.059463501,-0.000857438,24.65225983,42.36009216,-0.02545166,15.72724915,53.6194458,1.995788574,0.00013881,0.000652099,0.000125498,0.643234253,19.72169495,14.41641235
9.53,14.54678345,9.454544067,-0.847320557,9.140991211,1.268106461,17.23760986,0.829101563,54.44142151,24.09610748,2.942695618,36.16496277,14.92186642,10.92929077,0.57232666,9.6300354,0.028930664,-1.52383E-05,36.00918579,16.55148315,1.668510437,41.27124023,17.54626465,14.71224976,6.270935059,-0.001348737,-0.000966568,2.045516968,-0.000853684,25.09846497,42.3553009,-0.026672363,16.00177765,53.50540161,1.993225098,5.92042E-05,0.000232819,9.52668E-05,0.658279419,19.72775269,14.40429688
9.54,14.78030396,9.51171875,-0.824630737,9.160675049,1.36154747,17.53875732,0.842834473,54.36610413,24.58185959,3.030944824,36.0344696,15.22379208,10.94277954,0.574645996,9.745697021,0.059997559,-9.08533E-05,35.91375732,16.84609985,1.761016846,41.05163574,17.47570801,15.00707245,6.243927002,-0.001354738,-0.000969572,1.960632324,-0.000865697,25.60153198,42.27125549,0.003601074,16.23604584,53.14328003,2.038024902,6.13369E-06,-0.000102984,0.000131167,0.664546967,19.69268799,14.40563965
9.55,15.05300903,9.601745605,-0.776611328,9.115158081,1.410665512,17.85452271,0.889099121,54.073349,25.09646225,3.075674057,35.796875,15.4901247,10.95877075,0.551940918,9.946884155,0.091033936,9.44035E-05,35.67272949,17.18093872,1.852302551,40.69152832,17.49438477,15.41200256,6.28074646,-0.001353988,-0.000963564,1.901077271,-0.000871704,26.18618011,42.10679626,0.101745605,16.53253937,52.52304077,2.163482666,5.54137E-05,2.98191E-05,0.000199188,0.644485474,19.67697144,14.41506958
9.56,15.36605835,9.764762878,-0.765930176,9.134841919,1.466966629,18.22518921,0.892883301,53.50119781,25.55696487,3.173593521,35.48912048,15.81536961,10.96984863,0.559082031,10.13241577,0.134063721,0.000398754,35.40844727,17.49627686,1.927764893,40.21398926,17.48327637,15.78390503,6.26725769,-0.001357739,-0.000954552,1.883346558,-0.000863445,26.758461,41.96394348,0.163513184,16.8546524,51.7875061,2.196777344,-2.98768E-05,1.84365E-05,0.000199188,0.616901398,19.6902771,14.42718506
9.57,15.63366699,9.876686096,-0.771286011,9.200027466,1.561601639,18.58117676,0.866638184,52.80513763,26.05714798,3.283601761,35.20228577,16.13325119,10.95999146,0.547119141,10.26495361,0.173461914,0.000260756,35.18457031,17.81283569,1.992279053,39.69171143,17.40393066,16.09341431,6.203430176,-0.001351738,-0.000956054,1.874481201,-0.000849179,27.32950592,41.83666992,0.170776367,17.08404541,51.03695679,2.159637451,-9.02824E-06,-0.000158003,0.000293661,0.614395142,19.74830627,14.49853516
9.58,15.8760376,9.954551697,-0.75793457,9.230773926,1.608320236,18.89697266,0.860351563,52.08357239,26.64870071,3.34283638,34.94129944,16.39221954,10.9513855,0.521972656,10.38180542,0.221282959,-1.52383E-05,34.93740845,18.23168945,2.090858459,39.10174561,17.3605957,16.46408844,6.246383667,-0.001347237,-0.000961311,1.87701416,-0.000846927,27.99201965,41.74064636,0.237426758,17.35613251,50.16485596,2.242858887,0.000121752,-0.000108674,0.00033145,0.646995544,19.87043762,14.57531738
9.59,16.23831177,10.13459778,-0.741912842,9.291046143,1.661031723,19.27005005,0.855407715,51.25753784,27.30278397,3.406908035,34.7049408,16.78251648,10.9821167,0.543518066,10.52636719,0.263122559,2.25687E-05,34.64868164,18.70288086,2.225959778,38.4440918,17.42260742,16.89227295,6.332305908,-0.001356238,-0.000962062,1.83013916,-0.000863445,28.70892334,41.69143677,0.320983887,17.76976013,49.09353638,2.359344482,0.000169136,-8.59089E-05,0.000284214,0.725986481,19.93574524,14.62918091
9.6,16.68518066,10.40345001,-0.707244873,9.394378662,1.772439957,19.73577881,0.831604004,50.35982513,28.00375748,3.570108414,34.40457153,17.31518173,11.06936646,0.562683105,10.73840332,0.322845459,0.000219168,34.29385376,19.15093994,2.368377686,37.84014893,17.4510498,17.34980774,6.339675903,-0.001353238,-0.000954552,1.771850586,-0.000869451,29.43323517,41.64221191,0.383972168,18.17118073,47.99963379,2.382385254,0.000260113,-0.000207329,0.000467494,0.807483673,19.95025635,14.72479248
9.61,17.07525635,10.6710968,-0.649871826,9.496444702,1.855096817,20.24908447,0.840332031,49.54714966,28.68909836,3.730890274,34.04017639,17.80979919,11.15414429,0.520812988,11.01670837,0.430389404,0.000302345,33.92190552,19.60021973,2.448699951,37.27575684,17.4486084,17.89541626,6.367904663,-0.001349487,-0.000941784,1.757919312,-0.000856687,30.15631866,41.57498169,0.442138672,18.56163025,46.98718262,2.400299072,0.000129333,-0.000279423,0.000322003,0.807483673,20.01795959,14.78540039
9.62,17.43249512,10.82073212,-0.653869629,9.557937622,1.930566788,20.73556519,0.866638184,48.74176788,29.35881042,3.781663895,33.78904724,18.27986908,11.20455933,0.511169434,11.31307983,0.486572266,0.000149224,33.58544922,20.03973389,2.504692078,36.63220215,17.52282715,18.47773743,6.448913574,-0.001353988,-0.000948544,1.726242065,-0.000855186,30.87815857,41.46572876,0.505065918,18.9984436,45.92712402,2.480957031,-0.000211831,-0.00030788,-8.801E-05,0.791187286,20.0687561,14.78134155
9.63,17.80740356,10.90102386,-0.676544189,9.632965088,2.046766281,21.19400024,0.864135742,47.76388168,30.08383179,3.883211136,33.54406738,18.79535294,11.24508667,0.548339844,11.52149963,0.528381348,2.06791E-05,33.21472168,20.49026489,2.633705139,35.86859131,17.51782227,18.97686768,6.462417603,-0.001354738,-0.000957556,1.67048645,-0.000861192,31.60742188,41.31086731,0.627441406,19.36569977,44.81573486,2.602600098,-0.000134122,-0.000205431,-4.87268E-06,0.848861694,20.10261536,14.83792114
9.64,18.21389771,11.09323883,-0.619186401,9.725219727,2.14739418,21.71334839,0.87286377,46.72040558,30.80764389,4.03553009,33.16120911,19.30715179,11.26229858,0.554321289,11.64920044,0.632354736,1.68979E-05,32.78771973,21.00405884,2.734725952,35.05133057,17.43615723,19.36589813,6.417022705,-0.001354738,-0.000950797,1.600814819,-0.000859691,32.30207062,41.0947876,0.732788086,19.70733643,43.72561646,2.702423096,0.000254426,2.41287E-05,0.000221863,0.926597595,20.1219635,14.92004395
9.65,18.67715454,11.3779068,-0.564483643,9.810089111,2.209688187,22.22790527,0.879089355,45.69271469,31.46894073,4.126195908,32.76235962,19.8115921,11.27090454,0.553100586,11.80581665,0.67175293,1.7751E-06,32.29589844,21.49957275,2.789505005,34.25195313,17.41394043,19.75247192,6.418228149,-0.001361489,-0.000950046,1.543792725,-0.000855936,32.96953583,40.81866455,0.783691406,20.13561249,42.6053772,2.73828125,0.000335926,8.10437E-05,0.000365462,0.95293045,20.03248596,14.91333008
9.66,19.09875488,11.62608337,-0.553817749,9.909713745,2.280363083,22.69360352,0.860351563,44.58728409,32.11340332,4.237413406,32.35610962,20.34916687,11.31637573,0.561523438,11.99737549,0.700469971,0.000105746,31.75875854,21.90991211,2.905128479,33.50878906,17.37304688,20.24549103,6.441543579,-0.001356989,-0.00094554,1.545043945,-0.000846176,33.6493454,40.54856873,0.827270508,20.57363892,41.4927063,2.768981934,0.000100901,-0.000362899,0.000340898,0.974246979,19.91519165,14.86618042
9.67,19.37521362,11.76477051,-0.500457764,9.929382324,2.41932869,23.19348145,0.849121094,43.52072525,32.75666046,4.366765976,31.91539001,20.85728455,11.33355713,0.557922363,12.22506714,0.796051025,0.000103855,31.26446533,22.31292725,2.948951721,32.78094482,17.29760742,20.78009796,6.456283569,-0.001342736,-0.000937278,1.531112671,-0.00084092,34.3266983,40.31806946,0.882995605,20.99459076,40.49279785,2.86114502,-0.000113273,-0.000757515,-4.64432E-05,1.023143768,19.86076355,14.84329224
9.68,19.6390686,11.82073212,-0.469772339,9.906021118,2.535524368,23.75796509,0.84161377,42.56106186,33.40713501,4.453805923,31.52392578,21.30280685,11.28686523,0.533935547,12.43830872,0.836700439,-0.000117319,30.75057983,22.77679443,2.956245422,31.98797607,17.22192383,21.26699066,6.475906372,-0.001351738,-0.000950046,1.477890015,-0.000853684,35.02011871,39.99635315,1.016235352,21.45579529,39.58435059,2.966156006,-0.000122748,-0.0002263,-1.62125E-05,1.063266754,19.82569885,14.8500061
9.69,20.04931641,11.91318512,-0.517791748,9.946594238,2.558286667,24.36636353,0.845397949,41.53337479,34.10931015,4.584363937,31.11274719,21.79865265,11.28564453,0.548339844,12.59854126,0.878479004,2.44593E-05,30.18655396,23.29180908,3.09866333,31.20526123,17.1105957,21.70372772,6.43788147,-0.001369741,-0.000959809,1.456359863,-0.000858189,35.73453522,39.55937195,1.136169434,21.94873428,38.72103882,3.044219971,0.000225995,0.000466174,0.000461824,1.147274017,19.78459167,14.84329224
9.7,20.5151062,12.18569946,-0.485778809,9.984741211,2.630163193,24.97473145,0.890380859,40.4510231,34.81388855,4.728221893,30.61172485,22.40496063,11.32376099,0.586669922,12.7901001,0.986083984,0.000366617,29.65679932,23.79953003,3.227676392,30.48504639,16.98693848,22.14292145,6.407180786,-0.001358489,-0.000951548,1.431030273,-0.000855186,36.46380615,39.20884705,1.176086426,22.47705841,37.88024902,3.110778809,0.000476182,0.000456689,0.000488278,1.245075226,19.72169495,14.78942871
9.71,20.91906738,12.52024841,-0.363037109,10.03884888,2.753549576,25.56240845,0.919128418,39.43305588,35.5160675,4.824932098,30.09960938,23.00758362,11.30407715,0.557922363,12.99130249,1.075683594,0.000325029,29.10498047,24.29507446,3.260528564,29.79040527,16.90405273,22.68119049,6.434204102,-0.001347987,-0.000949295,1.394271851,-0.000856687,37.2783432,38.9183197,1.283935547,23.03588104,36.9392395,3.190155029,7.24737E-05,0.000179699,0.000255872,1.261371613,19.62376404,14.75576782
9.72,21.29776001,12.65528107,-0.294998169,10.10650635,2.830217361,26.20373535,0.906677246,38.45274353,36.27835846,4.976043701,29.61949158,23.60161972,11.29672241,0.530334473,13.19970703,1.156921387,0.000181361,28.51159668,24.84298706,3.306785583,29.13275146,16.87915039,23.31122589,6.440338135,-0.001356989,-0.000941784,1.384140015,-0.000852933,38.15222168,38.56057739,1.409912109,23.65327072,35.9944458,3.288757324,-0.000335027,8.95187E-06,0.000102825,1.282688141,19.54396057,14.75845337
9.73,21.684021,12.71246338,-0.311004639,10.10403442,2.909280777,26.93893433,0.965454102,37.45056534,37.0658989,5.159793854,29.18247986,24.27910995,11.37780762,0.55670166,13.51777649,1.247741699,2.63499E-05,27.9977417,25.43835449,3.382247925,28.46496582,16.81726074,23.93269348,6.469787598,-0.001352488,-0.000932021,1.334732056,-0.000843923,39.00631714,38.2280426,1.523742676,24.37559128,35.22384644,3.366821289,-0.000190979,-6.69379E-05,7.44835E-05,1.40681839,19.54637146,14.7571106
9.74,22.14859009,12.92778778,-0.333679199,10.15322876,3.039857864,27.7265625,1.052978516,36.47389603,37.88951111,5.28068161,28.74421692,24.98360062,11.43066406,0.573486328,13.79847717,1.309875488,-7.19503E-05,27.57318115,26.06173706,3.508827209,27.74859619,16.64282227,24.51745605,6.486968994,-0.001342736,-0.000942535,1.259963989,-0.000849179,39.85176849,37.92672729,1.705444336,25.10279846,34.3742981,3.467956543,0.000106588,1.36159E-06,0.000293661,1.54598999,19.55845642,14.78540039
9.75,22.69515991,13.30005646,-0.24697876,10.27375793,3.181215286,28.55194092,1.092956543,35.53245926,38.76843262,5.422122955,28.2727356,25.72491837,11.40975952,0.583068848,13.91532898,1.374420166,0.000204044,27.1204834,26.73016357,3.647590637,27.03735352,16.49682617,25.08876038,6.463653564,-0.001347237,-0.000948544,1.238433838,-0.000869451,40.70092773,37.57858276,1.856811523,25.79949188,33.39822388,3.562683105,0.000292331,0.000168314,0.00040514,1.593639374,19.48348999,14.80963135
9.76,23.21652222,13.65285492,-0.132247925,10.31066895,3.274652481,29.36029053,1.168029785,34.53271103,39.60166168,5.609500885,27.85540771,26.53005219,11.40606689,0.587890625,14.07316589,1.466430664,0.000291002,26.61273193,27.38644409,3.720611572,26.35675049,16.43981934,25.66618347,6.507827759,-0.001350237,-0.00094554,1.208023071,-0.00086795,41.53648376,37.21244812,1.984008789,26.51571655,32.56494141,3.60748291,0.000167239,4.49978E-05,0.000221863,1.638778687,19.35289001,14.7571106
9.77,23.69998169,13.86209869,-0.130905151,10.34754944,3.330957413,30.13082886,1.255554199,33.54996872,40.36515808,5.749731064,27.43807983,27.33150482,11.38272095,0.574645996,14.32615662,1.540496826,2.44593E-05,26.07070923,27.97207642,3.807037354,25.68762207,16.34082031,26.26318359,6.537307739,-0.001352488,-0.000955303,1.144668579,-0.000849179,42.33372498,36.79467773,2.160888672,27.21485901,31.75799561,3.711181641,-0.000209935,-0.000262348,2.72468E-05,1.712753296,19.18238831,14.68572998
9.78,24.13171387,13.98253632,-0.11088562,10.42752075,3.439970016,30.94772339,1.353088379,32.60731506,41.14548492,5.911722183,26.91981506,28.12682343,11.35076904,0.584289551,14.51651001,1.62298584,-3.22517E-05,25.49197388,28.53579712,3.916564941,24.99810791,16.17126465,26.80390167,6.469787598,-0.001354738,-0.000959058,1.111724854,-0.000858189,43.09264374,36.31086731,2.323181152,27.85786819,30.82574463,3.819976807,-0.000196666,-0.0002263,0.000168957,1.784221649,18.99253845,14.61978149
9.79,24.49398804,14.09202576,-0.012161255,10.43612671,3.618463516,31.78778076,1.446899414,31.60877991,41.9306221,6.103935242,26.36584473,28.85709,11.41101074,0.60345459,14.65505981,1.735290527,4.71435E-05,24.91818237,29.11413574,3.964042664,24.27667236,16.00305176,27.25777435,6.434204102,-0.001350237,-0.000950046,1.082595825,-0.000864196,43.76258087,35.83309937,2.455200195,28.45207977,29.95489502,3.881439209,0.000121752,3.36152E-05,0.000454266,1.898319244,18.82809448,14.51339722
9.8,24.83480835,14.27329254,0.0025177,10.43243408,3.735860825,32.56317139,1.489440918,30.64547348,42.61837006,6.203063965,25.8069458,29.53580856,11.41467285,0.586669922,14.79841614,1.808166504,0.000156785,24.38473511,29.68518066,3.994468689,23.55773926,15.85070801,27.66882324,6.442779541,-0.001348737,-0.000951548,1.050918579,-0.000848428,44.347229,35.33610535,2.544799805,29.08410645,29.1867981,3.96081543,0.000224099,0.000120884,0.000359792,1.947219849,18.67572021,14.3921814
9.81,25.1529541,14.47888947,-0.036178589,10.45088196,3.795755386,33.26300049,1.548217773,29.73075867,43.21593857,6.309446335,25.20375061,30.27098465,11.29547119,0.574645996,14.9357605,1.836883545,0.000251304,23.83291626,30.24404907,4.076011658,22.86566162,15.66625977,28.05662537,6.382644653,-0.001345737,-0.000957556,1.040786743,-0.000850681,44.98873138,34.80667114,2.636901855,29.7661705,28.37860107,4.036346436,0.00013881,5.1558E-06,0.000172738,1.986087799,18.49676514,14.30194092
9.82,25.50384521,14.54458618,0.029190063,10.42260742,3.923936844,34.00915527,1.609436035,28.78445816,43.89045715,6.507703781,24.58328247,31.03193665,11.21069336,0.562683105,15.05142212,1.897827148,0.000156785,23.20526123,30.77365112,4.187995911,22.19781494,15.42626953,28.50437164,6.30406189,-0.001342736,-0.000951548,1.030639648,-0.000864946,45.654953,34.27246094,2.859741211,30.38478088,27.53030396,4.12210083,9.92604E-06,-0.000118161,0.000261541,2.125263214,18.26338196,14.19961548
9.83,25.89770508,14.60784149,0.105224609,10.35862732,4.072481155,34.85409546,1.679504395,27.84545135,44.65635681,6.697498322,24.03302002,31.78184128,11.13818359,0.559082031,15.1441803,2.028076172,6.60475E-05,22.5788269,31.3081665,4.271980286,21.53503418,15.18237305,28.9655838,6.275848389,-0.001352488,-0.000950797,1.009109497,-0.000860441,46.2754364,33.70103455,3.117797852,30.97776413,26.70831299,4.225799561,6.11003E-05,-8.59089E-05,0.000401363,2.181686401,18.04934692,14.06091309
9.84,26.23474121,14.81100464,0.142593384,10.33650208,4.176698685,35.60876465,1.807067871,26.9574585,45.31765747,6.858280182,23.49012756,32.58329391,11.05462646,0.591491699,15.21284485,2.149963379,0.000224839,22.02337646,31.90234375,4.324317932,20.84936523,15.00537109,29.32769775,6.226745605,-0.00136449,-0.000962062,0.969833374,-0.000852182,46.90705109,33.1308136,3.261901855,31.63542175,25.96279907,4.324371338,0.000292331,0.000141755,0.00043726,2.225566864,17.86190796,13.94644165
9.85,26.55160522,14.97280884,0.230636597,10.34017944,4.237794876,36.3427124,1.874572754,26.08647537,45.92243958,6.997303009,22.84875488,33.38965988,11.01898193,0.589050293,15.24539185,2.18460083,0.00038174,21.47891235,32.48187256,4.385169983,20.18536377,14.81237793,29.67390442,6.146957397,-0.001361489,-0.000961311,0.933074951,-0.00085894,47.54237366,32.63261414,3.355163574,32.29917908,25.27487183,4.470306396,0.000298018,0.000318192,0.000286102,2.378540039,17.62127686,13.82391357
9.86,26.87979126,15.04945374,0.281341553,10.27868652,4.284517288,37.21691895,1.868347168,25.20577621,46.63543701,7.145996094,22.19259644,34.16165543,10.94894409,0.57232666,15.32730103,2.232391357,0.000205936,20.9234314,33.05169678,4.454551697,19.62097168,14.54626465,30.12532043,6.089279175,-0.001356238,-0.000953801,0.924209595,-0.000867199,48.20983124,32.10441589,3.515014648,33.03491974,24.56567383,4.639282227,7.81566E-05,0.000204362,0.00012739,2.471321106,17.38064575,13.66098022
9.87,27.17770386,15.16259003,0.308013916,10.22949219,4.415090561,38.14352417,1.942138672,24.38460159,47.42297363,7.340625763,21.63494873,35.05025101,10.87518311,0.555480957,15.52970886,2.342346191,5.28144E-05,20.38143921,33.715271,4.543395996,19.08081055,14.359375,30.68684387,6.040161133,-0.00136674,-0.000951548,0.896347046,-0.000862694,48.92179108,31.49095154,3.747619629,33.89268112,23.83139038,4.732727051,2.12993E-05,-4.32879E-06,0.000276659,2.546550751,17.17749023,13.54516602
9.88,27.5425415,15.30127716,0.376052856,10.22088623,4.617544174,39.16278076,2.073425293,23.63630295,48.22374344,7.565477371,21.10929108,36.07139587,10.86291504,0.531555176,15.720047,2.454650879,0.000171909,19.88589478,34.38247681,4.684585571,18.48449707,14.18115234,31.19820404,5.981246948,-0.001372741,-0.000948544,0.822845459,-0.000851432,49.56700134,30.92674255,3.978942871,34.66136551,23.11090088,4.804412842,8.76356E-05,-6.12456E-05,0.000322003,2.679454803,16.95378113,13.4737854
9.89,27.92373657,15.46307373,0.426757813,10.16921997,4.768480301,40.17962646,2.143432617,22.87708282,48.99205017,7.781869888,20.50854492,37.06799698,10.80023193,0.547119141,15.78631592,2.561004639,0.00017758,19.45404053,34.98760986,4.794128418,17.90222168,13.88537598,31.54930878,5.96282959,-0.001358489,-0.000951548,0.806381226,-0.000843923,50.12445068,30.41772461,4.142456055,35.33610535,22.4493103,4.93371582,0.000165345,3.93074E-05,0.000229418,2.768482208,16.75909424,13.34719849
9.9,28.25827026,15.63703918,0.480117798,10.1519928,4.818796158,41.08670044,2.208557129,22.09841537,49.70023346,7.936605453,19.89424896,38.02900696,10.67736816,0.517211914,15.78390503,2.650604248,0.000151115,18.99765015,35.65359497,4.81603241,17.36334229,13.63171387,31.85270691,5.951797485,-0.001354738,-0.000952299,0.830444336,-0.000848428,50.72516632,29.85229492,4.278137207,36.11455154,21.81027222,5.041229248,0.000267694,0.000145549,0.000427812,2.865024567,16.58859253,13.1762085
9.91,28.63446045,15.77816772,0.533477783,10.15446472,4.849943161,42.05233765,2.324829102,21.36713409,50.39279175,8.107059479,19.3550415,39.05383301,10.57904053,0.481262207,15.7983551,2.702026367,0.000279659,18.53759766,36.37927246,4.8878479,16.8347168,13.41259766,32.21359253,5.872009277,-0.00136524,-0.000953801,0.79624939,-0.000866448,51.38272858,29.27127075,4.494934082,36.9491272,21.1524353,5.143676758,0.00017482,0.000118988,0.000416476,2.989154816,16.33465576,13.05633545
9.92,28.96389771,15.89495087,0.576171875,10.11878967,4.972131729,43.08139038,2.393615723,20.66257095,51.14666748,8.341583252,18.82200623,40.15476227,10.51760864,0.530334473,15.90557861,2.778503418,0.000221059,18.09347534,37.06594849,5.035118103,16.35455322,13.16137695,32.68703461,5.800827026,-0.001359239,-0.000961311,0.779769897,-0.000867199,52.0131073,28.73826599,4.761413574,37.74344254,20.53720093,5.333129883,2.50898E-05,3.25963E-06,0.000167068,3.073162079,16.06983948,12.96612549
9.93,29.2428894,16.01052094,0.636199951,10.09051514,5.126665115,44.14450073,2.439880371,19.93978882,51.95104218,8.549510956,18.25202942,41.29618835,10.45736694,0.531555176,16.09231567,2.918273926,2.25687E-05,17.60287476,37.74655151,5.117897034,15.92297363,12.92871094,33.22408295,5.76890564,-0.001348737,-0.000952299,0.75062561,-0.000845425,52.62989807,28.1872406,4.980651855,38.56337357,19.96206665,5.47265625,2.88785E-05,-5.93476E-05,0.000218082,3.212333679,15.84129333,12.82473755
9.94,29.56985474,16.12366486,0.676239014,10.03024292,5.218904495,45.28451538,2.533691406,19.29232025,52.6820755,8.748977661,17.70175934,42.44374847,10.36889648,0.489624023,16.19473267,3.012695313,-1.14581E-05,17.18075562,38.49902344,5.192131042,15.46459961,12.68359375,33.63513184,5.711212158,-0.001355488,-0.000943286,0.679672241,-0.000843172,53.26521301,27.6374054,5.16595459,39.41259003,19.38568115,5.530273438,-9.62131E-05,-9.16012E-05,0.000231311,3.3552742,15.57888794,12.65103149
9.95,29.84881592,16.21125793,0.698913574,9.944152832,5.323129654,46.42080688,2.614929199,18.70680618,53.39867401,8.970205307,17.15639496,43.59008408,10.28164673,0.510009766,16.21038818,3.06048584,2.63499E-05,16.81494141,39.27700806,5.32358551,15.00488281,12.41760254,33.97032928,5.633865356,-0.001369741,-0.000954552,0.672073364,-0.000855936,53.86469269,27.08760071,5.381591797,40.19348145,18.78048706,5.651855469,-0.000175819,-0.000142824,7.82609E-05,3.45432663,15.32131958,12.46789551
9.96,30.13156128,16.29641724,0.762954712,9.869125366,5.446516037,47.56686401,2.702514648,18.07148743,54.19583893,9.202310562,16.57041931,44.82847214,10.19564819,0.515991211,16.27905273,3.182373047,3.39113E-05,16.37692261,40.05627441,5.424606323,14.58990479,12.11193848,34.30797577,5.55531311,-0.001376492,-0.000962813,0.639129639,-0.000860441,54.37517548,26.47416687,5.646850586,40.93410492,18.16775513,5.761962891,0.000123646,-7.64225E-05,0.000199188,3.611053467,15.09277344,12.32513428
9.97,30.48883057,16.441185,0.852340698,9.808853149,5.548341751,48.74459839,2.797546387,17.45803452,54.94971466,9.429580688,15.99305725,46.17240906,10.07519531,0.446533203,16.31158447,3.309020996,8.68421E-05,15.96337891,40.86105347,5.529281616,14.18127441,11.80236816,34.57466888,5.473083496,-0.001369741,-0.000958307,0.559310913,-0.000859691,54.90914154,25.87150574,5.864898682,41.71987152,17.62268066,5.820861816,0.000409845,5.44824E-05,0.000459936,3.761512756,14.85820007,12.22683716
9.98,30.79556274,16.60055542,0.91104126,9.7940979,5.664541245,49.91262817,2.848815918,16.87494659,55.64467239,9.626628876,15.45018005,47.478302,9.942504883,0.426147461,16.2766571,3.356842041,0.000221059,15.57064819,41.64028931,5.66317749,13.74456787,11.58581543,34.91109467,5.390838623,-0.001357739,-0.000956805,0.575775146,-0.000843172,55.51726532,25.30969238,6.045349121,42.56542969,17.10140991,5.936065674,0.000290439,3.17171E-05,0.000514731,3.874359131,14.58007813,12.05178833
9.99,31.03289795,16.7039566,0.944396973,9.763336182,5.774751663,51.20257568,2.883850098,16.29064941,56.37690735,9.84664917,14.92082977,48.78173447,9.86138916,0.495605469,16.39350891,3.421356201,0.000188922,15.14361572,42.39028931,5.754455566,13.35510254,11.38903809,35.41511536,5.338058472,-0.001360739,-0.000962062,0.578323364,-0.000834913,56.16866302,24.76947021,6.338470459,43.48419571,16.57266235,6.116577148,-0.000160657,-4.60688E-05,0.000305001,4.022312164,14.28138733,11.86190796
10,31.25881958,16.76965332,0.967071533,9.667404175,5.883764267,52.70706177,2.950134277,15.75614929,57.15122223,10.13557243,14.40870667,50.24595261,9.806091309,0.507568359,16.64289856,3.546844482,-3.22517E-05,14.76678467,43.16589355,5.842094421,13.05889893,11.14770508,35.93015289,5.279129028,-0.001359989,-0.000959058,0.494689941,-0.000853684,56.86825562,24.27368164,6.678833008,44.41272354,16.05764771,6.30090332,-0.00039947,-4.03766E-05,1.02408E-05,4.199100494,14.07824707,11.72454834
10.01,31.54159546,16.82196045,1.028442383,9.581298828,6.019132614,54.28961182,3.090148926,15.25324249,58.00970459,10.42570496,13.92490387,51.82553864,9.736022949,0.448913574,16.80552673,3.669921875,-6.62785E-05,14.42541504,44.01815796,5.993019104,12.72680664,10.88415527,36.35588074,5.226333618,-0.001351738,-0.000952299,0.475692749,-0.000862694,57.52829742,23.77546692,6.934387207,45.23509216,15.54391479,6.454498291,-7.53645E-05,-4.7965E-05,0.000119831,4.355831146,13.91740417,11.57373047
10.02,31.90515137,16.92536926,1.143173218,9.557937622,6.192831039,55.89901733,3.247741699,14.75519562,58.88140869,10.67352676,13.45342255,53.41862488,9.677032471,0.451293945,16.8513031,3.778656006,0.000122759,14.07675171,44.91915894,6.176795959,12.32458496,10.6217041,36.71677399,5.20425415,-0.001360739,-0.000959809,0.49848938,-0.000859691,58.11293793,23.26167297,7.205718994,46.01354599,15.06402588,6.631195068,0.000267694,5.1558E-06,0.000516616,4.483722687,13.71789551,11.49429321
10.03,32.27502441,17.14434814,1.217880249,9.539505005,6.368928909,57.52175903,3.359069824,14.27900696,59.60282135,10.9515686,12.95362091,55.05344391,9.595947266,0.459655762,16.86094666,3.873046875,0.0002324,13.75128174,45.7203064,6.324073792,11.97729492,10.40881348,37.06787872,5.135528564,-0.00136599,-0.000965817,0.468078613,-0.000862694,58.68521881,22.72506714,7.518218994,46.8151741,14.60290527,6.816802979,0.000208937,0.000147445,0.000380579,4.651737213,13.51594543,11.42156982
10.04,32.56030273,17.33048248,1.273925781,9.489074707,6.499505997,59.12994385,3.465393066,13.81253815,60.28575897,11.26225471,12.46858215,56.75086212,9.487792969,0.411743164,16.8910675,3.966278076,0.00012654,13.42218018,46.43865967,6.451873779,11.66192627,10.19482422,37.444664,5.077835083,-0.001359239,-0.00095305,0.42880249,-0.000864196,59.24761963,22.1728363,7.781066895,47.58630371,14.14807129,6.928161621,-3.74578E-05,6.7763E-05,3.29167E-05,4.857364655,13.26080322,11.21282959
10.05,32.75598145,17.34020996,1.344619751,9.437408447,6.618097305,60.79046631,3.600402832,13.33877563,61.01558685,11.47864532,12.04878998,58.48017883,9.410369873,0.393798828,16.9717865,4.125213623,-2.84715E-05,13.07833862,47.17285156,6.612533569,11.31585693,9.898925781,37.83002472,5.036102295,-0.001359239,-0.000941033,0.412338257,-0.000858189,59.70124054,21.65783691,8.048736572,48.32082748,13.71954346,7.04977417,-0.000172026,-0.000116264,0.000123609,5.009078979,12.96817017,11.05123901
10.06,32.95162964,17.34507751,1.400650024,9.359909058,6.735498428,62.46325684,3.717956543,12.87109375,61.64081192,11.67327499,11.5908432,60.17881775,9.324371338,0.401000977,17.10069275,4.298461914,-5.68265E-05,12.7590332,47.80230713,6.803627014,10.95831299,9.593261719,38.17134857,4.953857422,-0.001355488,-0.000941033,0.399658203,-0.000853684,60.04856873,21.11401367,8.320098877,49.01752472,13.28222656,7.191894531,4.40422E-05,-3.46843E-05,0.000267208,5.119415283,12.7093811,10.94354248
10.07,33.09805298,17.42050171,1.487380981,9.275054932,6.855287552,64.02630615,3.78302002,12.40583801,62.1482048,11.98033142,11.108284,61.75595856,9.202697754,0.40222168,17.19828796,4.366577148,4.33633E-05,12.40911865,48.29541016,6.986206055,10.59057617,9.327148438,38.48329926,4.903518677,-0.001354738,-0.000948544,0.374328613,-0.000856687,60.40454865,20.5317688,8.580505371,49.68616104,12.8298645,7.285339355,0.000263903,6.58669E-05,0.00034279,5.257335663,12.43972778,10.71054077
10.08,33.13339233,17.42172241,1.555404663,9.177902222,6.979875565,65.56738281,3.878051758,11.93694305,62.62193298,12.27892685,10.63803101,63.27539825,9.079803467,0.417785645,17.17538452,4.395263672,0.000164347,12.00411987,48.75808716,7.078704834,10.2713623,9.105712891,38.75366211,4.838470459,-0.00136524,-0.000954552,0.341384888,-0.0008687,60.71973419,19.98196411,8.882110596,50.33649826,12.40258789,7.400543213,-3.36673E-05,-4.60688E-05,0.000240758,5.373943329,12.15435791,10.48971558
10.09,33.14477539,17.33412933,1.559417725,9.045059204,7.081701279,67.13531494,4.020629883,11.48505402,63.04035187,12.48202133,10.1259079,64.8341217,8.991333008,0.422546387,17.159729,4.490844727,9.06223E-05,11.63708496,49.20248413,7.144424438,9.972473145,8.915039063,38.94205475,4.761123657,-0.001374992,-0.00094554,0.284362793,-0.000880714,60.91873932,19.41653442,9.163116455,50.84773636,12.03170776,7.513214111,-0.000329342,-0.000129543,-5.58905E-05,5.501834869,11.90162659,10.38467407
10.1,33.13339233,17.21733856,1.600769043,8.925750732,7.188318253,68.49353027,4.120666504,11.01979828,63.3938446,12.69599342,9.663040161,66.36338806,8.93359375,0.406982422,17.22477722,4.604370117,-0.000115428,11.30429077,49.57873535,7.311172485,9.614990234,8.658935547,39.01912689,4.713256836,-0.001368991,-0.000946291,0.210876465,-0.000876959,61.00402069,18.85353088,9.415008545,51.15643311,11.64828491,7.606658936,2.6986E-05,-3.65824E-05,0.000197299,5.689907074,11.68275452,10.21502686
10.11,33.13845825,17.15408325,1.670135498,8.815063477,7.32008934,69.54931641,4.195678711,10.55455017,63.68481445,12.95348549,9.246940613,67.77360535,8.81439209,0.401000977,17.15008545,4.670074463,5.55534E-06,10.98495483,49.87945557,7.529045105,9.265075684,8.371826172,38.97509003,4.597885132,-0.001350237,-0.000963564,0.19694519,-0.000865697,61.00402069,18.30368042,9.666992188,51.44682312,11.21472168,7.719299316,0.000544414,0.000187287,0.000733908,5.812786102,11.44573975,9.960510254
10.12,33.16751099,17.19787598,1.704833984,8.738800049,7.414728165,70.48687744,4.268249512,10.15489197,63.89162064,13.15053749,8.753288269,69.0328598,8.628814697,0.392578125,16.97058105,4.729858398,0.000374178,10.68029785,50.14852905,7.692146301,8.91394043,8.124267578,38.955513,4.461624146,-0.001354738,-0.000967319,0.17666626,-0.000860441,61.0534668,17.69384766,9.903167725,51.85190964,10.79873657,7.783325195,0.000529252,0.000268865,0.000639435,5.906822205,11.13618469,9.801605225
10.13,33.12329102,17.1954422,1.740859985,8.668685913,7.449464798,71.40740967,4.384521484,9.758880615,64.07798767,13.33065605,8.270729065,70.17060089,8.47644043,0.332702637,16.9223938,4.802734375,0.00038174,10.34384155,50.37744141,7.780990601,8.576843262,7.868041992,39.11821747,4.412536621,-0.001369741,-0.00096056,0.093032837,-0.000852933,61.26112366,17.12962341,10.19995117,52.29481888,10.43411255,7.904907227,0.000121752,8.8634E-05,0.000136837,6.073581696,10.84114075,9.669616699
10.14,33.04504395,17.0640564,1.780883789,8.516189575,7.563272476,72.31695557,4.558349609,9.337356567,64.34610748,13.60144997,7.868164063,71.2273407,8.384277344,0.323120117,16.99829102,4.860107422,8.49515E-05,10.02084351,50.58563232,7.894187927,8.323974609,7.646484375,39.40693665,4.411300659,-0.001356238,-0.000958307,0.053771973,-0.000850681,61.54169464,16.70225525,10.57177734,52.71332932,10.10455322,8.127685547,-7.53645E-05,-0.000127647,0.000138726,6.24786377,10.61863708,9.448791504
10.15,33.02862549,16.97647095,1.827575684,8.367355347,7.76452446,73.16186523,4.735961914,8.987510681,64.65391541,13.89037514,7.455780029,72.08525085,8.317901611,0.399780273,17.16815186,4.996307373,-4.73754E-05,9.7394104,50.79138184,8.136390686,8.058410645,7.473266602,39.65405273,4.374481201,-0.001347987,-0.00095305,0.057571411,-0.000864196,61.71721649,16.25447083,10.93151855,53.07814789,9.777526855,8.306884766,6.13369E-06,-0.000211123,0.000696119,6.407104492,10.37316895,9.27911377
10.16,33.03366089,16.98741913,1.916946411,8.314468384,7.913072586,73.79345703,4.937316895,8.705680847,64.88356018,14.16962624,7.024909973,72.63264465,8.229431152,0.398620605,17.31393433,5.19229126,7.73901E-05,9.495941162,50.97280884,8.406608582,7.753234863,7.28515625,39.78617096,4.31187439,-0.00136299,-0.000948544,0.044891357,-0.000865697,61.80373383,15.72987366,11.30825806,53.30753708,9.442962646,8.429779053,4.02518E-05,-0.000129543,0.000815153,6.606460571,10.09986877,9.141784668
10.17,33.02990723,16.99227905,1.992996216,8.252975464,8.049634933,74.16894531,5.156188965,8.388633728,65.08795929,14.43799782,6.616203308,73.04871368,8.113922119,0.368652344,17.251297,5.255615234,0.00022862,9.259796143,51.23092651,8.585525513,7.449279785,7.056152344,39.85468292,4.252960205,-0.001362239,-0.000947042,0.044891357,-0.000850681,62.01139069,15.25567627,11.69342041,53.37708282,9.100891113,8.584686279,8.57394E-05,1.27461E-05,0.000382464,6.840927124,9.913665771,8.977508545
10.18,33.11700439,17.03850555,2.038360596,8.144744873,8.232919693,74.38232422,5.372497559,8.01084137,65.43424225,14.72571373,6.207489014,73.49791718,8.015594482,0.406982422,17.13201904,5.304626465,0.000168128,8.931915283,51.58035278,8.791213989,7.155639648,6.802368164,39.91951752,4.191589355,-0.001354738,-0.000947793,0.055023193,-0.000855186,62.34017944,14.86912537,12.05194092,53.4563942,8.796417236,8.854797363,0.000165345,0.000103811,1.02408E-05,7.049060822,9.793945313,8.880523682
10.19,33.31140137,17.19908905,2.122406006,8.077087402,8.423391342,74.4786377,5.602600098,7.675567627,65.90074921,15.09926033,5.817253113,73.8145752,7.941864014,0.41418457,17.17056274,5.44442749,-4.35943E-05,8.656616211,51.8677063,9.082115173,6.928344727,6.6328125,40.06999207,4.153533936,-0.001359989,-0.000950046,0.044891357,-0.000870953,62.61210632,14.51138306,12.49404907,53.63575745,8.574615479,9.181213379,0.000218416,7.53514E-05,0.000108492,7.286037445,9.651245117,8.805114746
10.2,33.5222168,17.43145752,2.24647522,8.061096191,8.654592514,74.43963623,5.862731934,7.421684265,66.26626587,15.44621086,5.523033142,73.78388977,7.913604736,0.367431641,17.33201599,5.557952881,-1.33486E-05,8.50491333,52.02600098,9.371803284,6.743164063,6.506591797,40.36115265,4.122848511,-0.00136524,-0.000950046,0.008163452,-0.00086795,62.79009247,14.1260376,12.9906311,53.74068451,8.291442871,9.453887939,0.000199459,2.41287E-05,0.000633765,7.56313324,9.47227478,8.691986084
10.21,33.69259644,17.641922,2.35987854,8.051254272,8.956476212,74.28112793,6.150390625,7.165367126,66.4225769,15.76656532,5.242355347,73.34204865,7.909912109,0.329101563,17.48260498,5.672668457,0.00022862,8.283477783,52.04669189,9.624954224,6.528625488,6.299926758,40.59358978,4.086029053,-0.00136299,-0.000954552,-0.034927368,-0.000870202,62.89021301,13.72387695,13.39038086,53.68090057,7.914306641,9.681762695,-1.85054E-05,-3.84785E-05,0.000552516,7.756225586,9.240112305,8.511566162
10.22,33.72293091,17.67962646,2.397247314,7.968856812,9.209238052,74.0043335,6.400512695,6.856819153,66.50072479,16.12439537,4.87550354,72.60318756,7.832489014,0.321899414,17.55006409,5.798126221,0.000141663,8.058319092,51.98580933,9.824569702,6.243896484,6.127929688,40.60949707,4.074981689,-0.001347987,-0.000957556,-0.05519104,-0.000878461,62.95819855,13.37452698,13.75857544,53.51740265,7.636108398,9.921142578,-0.000113273,-8.21147E-05,-6.76513E-06,7.911701202,9.028503418,8.296081543
10.23,33.65600586,17.54702759,2.390563965,7.822494507,9.375749588,73.53125,6.619384766,6.557983398,66.60894012,16.44112587,4.491416931,71.82382202,7.725585938,0.347106934,17.58259583,5.915222168,-0.000117319,7.84664917,51.93710327,10.01931,5.943847656,5.995483398,40.61316681,4.047973633,-0.001347237,-0.000957556,-0.053939819,-0.000869451,63.01752472,13.02398682,14.19708252,53.26239014,7.404296875,10.19381714,0.000220308,6.01746E-05,0.000212412,8.149929047,8.910003662,8.19644165
10.24,33.68884277,17.5263443,2.463928223,7.735168457,9.561433792,72.86437988,6.885742188,6.315032959,66.65342712,16.75180626,4.166419983,70.97205353,7.670288086,0.368652344,17.59825134,6.051452637,-2.00607E-06,7.581176758,51.85186768,10.29560089,5.754821777,5.765258789,40.7244873,3.980453491,-0.00136449,-0.000965817,-0.033660889,-0.000867199,63.04471588,12.61102295,14.64279175,53.01958466,7.089813232,10.46902466,0.000459123,0.000174006,0.000603534,8.447086334,8.778198242,8.166809082
10.25,33.8112793,17.79520416,2.609359741,7.7056427,9.810602188,72.1182251,7.224609375,6.080581665,66.63779449,17.15557671,3.882041931,69.86130524,7.608856201,0.348266602,17.61753845,6.156616211,0.000251304,7.409881592,51.63879395,10.64128113,5.581176758,5.573486328,40.77342224,3.921524048,-0.001362239,-0.000964315,0.006881714,-0.000874707,63.0212326,12.26527405,15.08978271,52.79263687,6.796600342,10.81338501,0.000214623,0.000109503,0.000322003,8.660240173,8.594390869,8.077941895
10.26,33.88323975,18.03972626,2.766784668,7.645370483,10.10409737,71.31109619,7.569824219,5.866783142,66.61013794,17.55692863,3.592750549,68.56278229,7.504394531,0.325500488,17.67897034,6.219940186,0.000162457,7.288757324,51.27719116,10.92730713,5.304077148,5.475708008,40.75629425,3.892074585,-0.001357739,-0.000956805,-0.012130737,-0.00086795,62.85684204,11.96156311,15.52334595,52.4473381,6.555999756,11.17825317,-0.0001019,-2.43261E-06,0.000208635,8.748008728,8.41178894,7.917694092
10.27,33.82644653,17.95335388,2.844161987,7.550674438,10.36165428,70.39306641,7.852416992,5.702796936,66.4225769,17.85068703,3.28868103,67.14888763,7.418365479,0.353088379,17.68499756,6.313171387,9.33651E-06,7.100311279,50.77923584,11.11595917,5.05255127,5.292480469,40.70980835,3.842971802,-0.00136524,-0.000967319,-0.057739258,-0.000866448,62.54535675,11.54980469,15.92672729,52.00564957,6.285339355,11.42019653,-0.000137912,-4.60688E-05,0.000323892,8.895957947,8.214691162,7.735900879
10.28,33.62573242,17.76721954,2.805480957,7.431381226,10.53894997,69.32623291,8.14630127,5.516937256,66.06547546,18.10334587,2.977226257,65.64294434,7.361846924,0.374633789,17.62837219,6.425476074,9.06223E-05,6.899688721,50.23620605,11.34113312,4.862243652,5.083374023,40.51407623,3.800018311,-0.001368991,-0.000969572,-0.027313232,-0.000875458,62.20174408,11.14402771,16.32641602,51.48098755,6.010925293,11.65316772,7.24737E-05,5.25862E-05,0.00029555,9.155502319,8.023635864,7.603942871
10.29,33.41491699,17.73558807,2.837493896,7.317001343,10.76535988,68.11553955,8.515258789,5.293418884,65.68432617,18.412817,2.667015076,64.14190674,7.279510498,0.350646973,17.5657196,6.511505127,0.000215387,6.7137146,49.72238159,11.62350464,4.63494873,4.932373047,40.26573181,3.79019165,-0.00136524,-0.000957556,-0.037460327,-0.000865697,61.85070801,10.85231018,16.70678711,50.90752411,5.786682129,11.99752808,0.000315078,0.000172108,0.000592198,9.351100922,7.884567261,7.506988525
10.3,33.35430908,17.80493927,2.962905884,7.245651245,11.03369713,66.8560791,8.849121094,5.090553284,65.31761169,18.77427864,2.361709595,62.66786194,7.175048828,0.331542969,17.49586487,6.591583252,0.000311797,6.543640137,49.20248413,11.89614868,4.389770508,4.770263672,40.10179901,3.731292725,-0.001356238,-0.00096056,-0.12109375,-0.000858189,61.48484039,10.55819702,17.16342163,50.37065887,5.589935303,12.39694214,0.00031697,0.000219539,0.000588417,9.514099121,7.727371216,7.39251709
10.31,33.31771851,17.84265137,3.046936035,7.184158325,11.22416878,65.62835693,9.120544434,4.939926147,64.94969177,19.13210487,2.092102051,61.21960449,7.11730957,0.313537598,17.44766235,6.658477783,0.000302345,6.38458252,48.61322021,12.1712265,4.193115234,4.621704102,39.97212219,3.653945923,-0.001353238,-0.000963564,-0.128692627,-0.00086795,61.09301758,10.21366882,17.67211914,49.83135986,5.40322876,12.76434326,4.23938E-06,7.15572E-05,2.68593E-06,9.725997925,7.513336182,7.245758057
10.32,33.09680176,17.79033661,3.069625854,7.109130859,11.43740273,64.47375488,9.485717773,4.820877075,64.52526093,19.49839973,1.869293213,59.79343414,7.084106445,0.327941895,17.44163513,6.709869385,8.68421E-05,6.236541748,47.91067505,12.46942139,4.043762207,4.489257813,39.82042694,3.645370483,-0.001358489,-0.00095305,-0.065338135,-0.000861192,60.60725403,9.869125366,18.11181641,49.22616959,5.210266113,13.06643677,-0.000283854,-0.000194049,0.00018974,9.883979797,7.344055176,7.078796387
10.33,32.81530762,17.66989899,3.064285278,7.014419556,11.72610664,63.33251953,9.923400879,4.684822083,63.92408371,19.85381126,1.618156433,58.31571198,6.991943359,0.362670898,17.48260498,6.807861328,3.95821E-05,6.077484131,47.06936646,12.7164917,3.867553711,4.356811523,39.57820129,3.645370483,-0.001359989,-0.000950797,-0.060272217,-0.000851432,59.92743683,9.534194946,18.49942017,48.46114349,4.967163086,13.32119751,-0.000122748,-0.000137134,0.000796258,10.00936127,7.155410767,6.905059814
10.34,32.52874756,17.52025604,3.081634521,6.902496338,11.93694496,61.99993896,10.2510376,4.541488647,63.14976501,20.10405159,1.299316406,56.76681519,6.89730835,0.331542969,17.43562317,6.881958008,0.000306125,5.876831055,46.21463013,12.89298248,3.603210449,4.209594727,39.19161987,3.58644104,-0.001359989,-0.000957556,-0.112213135,-0.000865697,59.13884735,9.169250488,18.83856201,47.51675797,4.704040527,13.54907227,0.000294227,0.000141755,0.000646994,10.19242096,6.865188599,6.729980469
10.35,32.16644287,17.35237885,3.129653931,6.80657959,12.0651226,60.4576416,10.5211792,4.373847961,62.36102295,20.33615685,0.91645813,55.25350571,6.810058594,0.31829834,17.17056274,6.872406006,0.000292893,5.673736572,45.5255127,13.13031769,3.337585449,4.0078125,38.70227814,3.52015686,-0.001360739,-0.000953801,-0.12361145,-0.000869451,58.463974,8.765884399,19.24554443,46.59188843,4.499786377,13.83197021,0.000485657,0.000295427,0.000454266,10.41059113,6.704360962,6.622283936
10.36,31.91650391,17.23194122,3.159011841,6.711868286,12.23044014,58.9909668,10.85510254,4.144256592,61.67207336,20.63233376,0.576698303,53.90956497,6.682281494,0.348266602,16.89830017,6.871185303,0.000145444,5.508575439,44.93255615,13.45165253,3.175476074,3.853149414,38.28633881,3.46736145,-0.001361489,-0.000947042,-0.108413696,-0.00085894,57.92012024,8.433364868,19.7772522,45.83174133,4.39956665,14.22241211,0.000576636,0.000323884,0.000391912,10.66762543,6.692276001,6.591308594
10.37,31.83447266,17.31832123,3.215042114,6.607315063,12.48919487,57.73876953,11.24530029,3.974189758,61.12620544,20.95752525,0.358802795,52.73009109,6.613433838,0.335144043,16.85011292,6.930938721,0.000236182,5.42779541,44.30429077,13.80583954,3.051574707,3.782592773,38.0490036,3.425628662,-0.001359239,-0.000950046,-0.091934204,-0.000856687,57.39727783,8.192062378,20.29446411,45.18872833,4.346923828,14.6192627,0.00044775,0.000115193,0.000206746,10.89833069,6.552001953,6.510498047
10.38,31.73980713,17.49593353,3.328445435,6.60118103,12.79347038,56.57687378,11.68798828,3.930458069,60.55147934,21.3637104,0.155670166,51.49661636,6.619598389,0.336303711,16.93684387,7.040893555,0.000147333,5.383758545,43.54940796,14.1563797,2.913635254,3.65637207,37.83981323,3.426864624,-0.001356989,-0.000947793,-0.088134766,-0.000858189,56.74217987,7.878738403,20.72085571,44.47738647,4.191558838,14.89831543,-0.000132225,-0.000158003,0.000374909,11.01117706,6.256958008,6.332763672
10.39,31.45828247,17.46794891,3.351119995,6.620849609,13.05581474,55.42468262,12.09942627,3.853927612,59.70862961,21.75901604,-0.079452515,50.0581665,6.606079102,0.372253418,16.96455383,7.152008057,-5.78631E-06,5.196563721,42.53274536,14.39128876,2.752746582,3.496704102,37.4887085,3.419494629,-0.001359239,-0.000942535,-0.113479614,-0.000861943,55.8744812,7.426147461,21.10601807,43.53910065,3.920928955,15.13644409,-0.000367248,-0.000156105,0.000459936,11.10019684,5.99937439,6.093048096
10.4,30.95968628,17.18449402,3.313766479,6.491699219,13.28701973,54.17498779,12.43212891,3.601257324,58.68663025,22.0056324,-0.404449463,48.5853653,6.509002686,0.366210938,16.78263855,7.192626953,-1.90195E-05,4.861328125,41.51004028,14.55802917,2.45526123,3.322265625,36.9565506,3.380233765,-0.001356989,-0.000951548,-0.117279053,-0.000862694,54.97218323,6.921951294,21.47665405,42.54712677,3.64276123,15.42959595,4.78327E-05,-6.50398E-05,0.000416476,11.27322769,5.848236084,5.899139404
10.41,30.48883057,16.83047485,3.324432373,6.304763794,13.50025368,52.771698,12.75726318,3.27570343,57.73075867,22.24740791,-0.842704773,47.28070068,6.319763184,0.344665527,16.41157532,7.154388428,-1.71289E-05,4.600708008,40.81356812,14.77589417,2.115600586,3.104370117,36.38646698,3.320068359,-0.001351738,-0.000962062,-0.103347778,-0.000851432,54.22932434,6.477767944,21.86907959,41.70645142,3.398406982,15.777771,0.000263903,3.17171E-05,0.000575192,11.49766159,5.699493408,5.821044922
10.42,30.2489624,16.74653625,3.33644104,6.212509155,13.6967144,51.45736694,13.09362793,3.02545929,56.98649979,22.60523796,-1.234176636,46.204319,6.152618408,0.33392334,16.15255737,7.093444824,0.000105746,4.49307251,40.30584717,15.09235382,1.93170166,2.93359375,36.0316925,3.245193481,-0.001358489,-0.000955303,-0.118545532,-0.000845425,53.70523834,6.168045044,22.39361572,40.96704865,3.248046875,16.24890137,0.000116065,0.000103811,0.000465602,11.74592209,5.55921936,5.79006958
10.43,30.17953491,16.95213318,3.428512573,6.186676025,14.00338554,50.42593384,13.53265381,2.835952759,56.44423676,22.99570656,-1.502532959,45.29117966,6.07522583,0.321899414,16.18508911,7.102996826,0.000132211,4.424530029,39.78839111,15.54026031,1.830810547,2.818481445,35.85675049,3.202224731,-0.001361489,-0.000943286,-0.150222778,-0.000858189,53.2590332,5.919540405,22.99194336,40.32037354,3.15032959,16.8019104,-2.2294E-05,-7.07321E-05,0.00018974,12.00170517,5.487884521,5.703887939
10.44,30.07730103,17.05797577,3.575256348,6.15838623,14.4813633,49.56759644,14.10791016,2.697471619,55.92361832,23.41760826,-1.736442566,44.33753586,6.049407959,0.337524414,16.29350281,7.226104736,-0.00012299,4.303405762,39.18084717,15.99060822,1.700561523,2.718261719,35.62064362,3.201019287,-0.001351738,-0.000951548,-0.156570435,-0.000867199,52.65955353,5.584609985,23.52490234,39.68834305,2.92477417,17.31140137,-0.000117064,-0.000296498,0.000185963,12.22363281,5.328262329,5.512664795
10.45,29.81851196,16.92293549,3.57925415,6.112884521,14.95215416,48.67514038,14.60437012,2.563850403,55.31883621,23.87940407,-2.041732788,43.2955246,5.994110107,0.354248047,16.25375366,7.338409424,-0.000206166,4.090515137,38.49172974,16.35939026,1.48223877,2.606933594,35.25485992,3.23046875,-0.001354738,-0.00096056,-0.128692627,-0.000865697,51.99827576,5.194458008,24.02880859,38.92331314,2.593963623,17.79528809,-7.1574E-05,-0.000224404,0.000388134,12.451828,5.080368042,5.302581787
10.46,29.50546265,16.75261688,3.545898438,6.031707764,15.32351494,47.67782593,15.01330566,2.330619812,54.65513611,24.31823158,-2.403671265,42.27192307,5.852783203,0.329101563,16.08509827,7.350372314,0.000101965,3.853149414,37.86221313,16.75497437,1.239624023,2.454711914,34.82423401,3.226776123,-0.001361489,-0.000949295,-0.140090942,-0.000865697,51.39756012,4.833114624,24.57263184,38.13754272,2.307006836,18.34191895,0.000104692,5.1558E-06,0.000505283,12.75650787,4.924377441,5.198913574
10.47,29.29086304,16.69908905,3.635284424,5.941925049,15.74638557,46.73291016,15.5123291,2.046363831,54.02029419,24.74496651,-2.750816345,41.32686996,5.743408203,0.289611816,15.92605591,7.385040283,0.000264537,3.687988281,37.33502197,17.24303436,1.044250488,2.229370117,34.44989014,3.142089844,-0.001353238,-0.000950797,-0.167953491,-0.00086795,50.84381866,4.47177124,25.12252808,37.451828,2.070220947,18.99862671,0.000244947,9.24282E-05,0.000365462,13.06244659,4.816757202,5.158508301
10.48,29.18484497,16.74897003,3.739349365,5.871810913,16.2531147,45.90505981,16.06628418,1.796127319,53.50207901,25.1813755,-3.081970215,40.51927948,5.697937012,0.28717041,15.86824036,7.474639893,0.000168128,3.538726807,36.86138916,17.79319,0.856506348,2.021484375,34.16239929,3.084381104,-0.001359989,-0.000964315,-0.14642334,-0.000870953,50.3691864,4.108032227,25.69180298,36.83687592,1.833374023,19.70910645,0.000201356,2.22307E-05,0.000246424,13.31070328,4.674072266,5.062896729
10.49,29.07498169,16.83169556,3.762023926,5.78817749,16.77182198,45.07965088,16.57281494,1.562889099,53.00911331,25.67097282,-3.389724731,39.75341797,5.648803711,0.319580078,15.85256958,7.528411865,0.00012654,3.347869873,36.38049316,18.3555069,0.713562012,1.944824219,33.85655975,3.095443726,-0.001371991,-0.000959058,-0.140090942,-0.000867199,49.81049347,3.757492065,26.30108643,36.22436523,1.587799072,20.35559082,7.05775E-05,-0.000112468,0.000357904,13.560215,4.521713257,4.924194336
10.5,28.86416626,16.826828,3.784698486,5.714370728,17.29292107,44.26766968,17.09558105,1.341804504,52.43198395,26.19804955,-3.696258545,38.93109894,5.614379883,0.341064453,15.79473877,7.595336914,3.58019E-05,3.179016113,35.84475708,18.9044342,0.564147949,1.813476563,33.50056458,3.077041626,-0.001358489,-0.000944789,-0.147689819,-0.000852933,49.11831665,3.434555054,26.8921814,35.5410881,1.33215332,20.97003174,0.000100901,-0.000142824,0.000367351,13.83731461,4.383850098,4.813781738
10.51,28.59909058,16.76965332,3.844741821,5.682403564,17.77209663,43.4861145,17.67456055,1.141372681,51.84764099,26.65138054,-4.011405945,38.13455582,5.545562744,0.363891602,15.70439148,7.687347412,-1.33486E-05,3.029754639,35.29684448,19.4095459,0.36114502,1.596923828,33.1470108,3.031616211,-0.001350237,-0.000939531,-0.119812012,-0.000852933,48.46199036,3.127227783,27.42996216,34.87611008,1.106628418,21.62164307,0.000169136,4.6894E-05,0.000303108,14.10187149,4.266571045,4.711425781
10.52,28.35925293,16.73802185,3.886108398,5.644256592,18.24648094,42.64849854,18.24859619,0.894767761,51.24165344,27.09141731,-4.289627075,37.36133194,5.441101074,0.375854492,15.61643982,7.711242676,0.000171909,2.879272461,34.73193359,19.8842392,0.210449219,1.485595703,32.81059265,3.023010254,-0.001358489,-0.00094554,-0.126144409,-0.000861943,47.85385132,2.80430603,27.95202637,34.29776764,0.921173096,22.22842407,0.000161553,0.00016452,0.000357904,14.32254791,4.132324219,4.610443115
10.53,28.11688232,16.64678192,3.916778564,5.569244385,18.80471992,41.78778076,18.80883789,0.625091553,50.56713104,27.58584785,-4.541984558,36.56233215,5.382141113,0.342285156,15.53091431,7.725585938,0.000188922,2.759368896,34.14263916,20.40517426,0.082702637,1.349487305,32.47661591,2.981277466,-0.001357739,-0.000953801,-0.147689819,-0.000856687,47.18144989,2.511383057,28.46557617,33.65963364,0.711914063,22.77505493,6.86813E-05,3.25963E-06,0.000229418,14.48805618,4.002944946,4.522918701
10.54,27.80508423,16.52268982,3.932785034,5.481933594,19.40249062,40.9513855,19.36413574,0.399147034,49.91184998,28.0524807,-4.780815125,35.78051758,5.29977417,0.31237793,15.42970276,7.817596436,-5.11557E-05,2.616210938,33.54968262,20.89202881,-0.083251953,1.164916992,32.06189728,2.916229248,-0.001353238,-0.000951548,-0.148956299,-0.000848428,46.3706131,2.213668823,28.90286255,32.86532211,0.475128174,23.33447266,-7.13207E-06,-0.000120059,0.000106607,14.66860199,3.859054565,4.39364624
10.55,27.43395996,16.41806793,3.89944458,5.429031372,19.92000008,40.07232666,19.91442871,0.174423218,49.20366287,28.43086052,-5.039329529,35.00852203,5.169525146,0.308776855,15.25260925,7.86895752,-7.38399E-05,2.453491211,32.86785889,21.28881836,-0.262023926,1.05859375,31.48936462,2.896591187,-0.00136599,-0.00095305,-0.167953491,-0.000850681,45.50539398,1.834320068,29.35220337,32.04782486,0.22076416,23.88235474,0.000163449,6.01746E-05,0.000397582,14.90808868,3.648635864,4.211853027
10.56,27.07546997,16.26357269,3.888778687,5.38722229,20.40157127,39.11279297,20.48339844,-0.114692688,48.34638214,28.80078316,-5.32862854,34.16534042,5.054016113,0.28717041,14.95744324,7.84866333,0.000139772,2.288330078,32.1373291,21.75254822,-0.438232422,0.938476563,30.90827179,2.81803894,-0.00136749,-0.000958307,-0.159088135,-0.000862694,44.65499878,1.459777832,29.87426758,31.33404541,-0.053649902,24.46099854,0.000237368,0.000208156,0.000444818,15.08612823,3.484191895,4.071807861
10.57,26.69927979,16.07378387,3.943466187,5.281448364,21.02330208,38.14840698,21.04614258,-0.422027588,47.47948456,29.23235512,-5.576065063,33.28778839,4.944641113,0.264465332,14.69480896,7.873748779,0.000207826,2.087646484,31.49200439,22.31486511,-0.579956055,0.811035156,30.450737,2.70880127,-0.001349487,-0.00095305,-0.135025024,-0.000870202,43.83179474,1.222076416,30.34664917,30.64955139,-0.221588135,25.11004639,0.000136914,9.05301E-05,0.000172738,15.21903992,3.388656616,4.000427246
10.58,26.2802124,15.91563416,3.998168945,5.168273926,21.71211815,37.32540894,21.59521484,-0.626106262,46.7171936,29.66755486,-5.785339355,32.55506897,4.873352051,0.308776855,14.59602356,7.883331299,0.000166237,1.992218018,30.87594604,22.82485199,-0.702575684,0.679931641,30.03479004,2.694061279,-0.001348737,-0.000951548,-0.137557983,-0.000866448,43.10623932,1.062408447,30.82266235,30.0211792,-0.250396729,25.75265503,0.000328343,8.48379E-05,0.000594087,15.41588974,3.278625488,3.935791016
10.59,25.94696045,15.78546906,4.000839233,5.122772217,22.3386364,36.60974121,22.24047852,-0.771881104,45.97173309,30.09428978,-5.97492218,31.92667007,4.820526123,0.327941895,14.54904175,7.877349854,0.000321249,1.992218018,30.20263672,23.27518463,-0.774047852,0.530151367,29.66778564,2.701431274,-0.001359239,-0.000944037,-0.128692627,-0.000862694,42.40047455,0.847518921,31.39682007,29.51848221,-0.320556641,26.43112183,0.000407949,0.00019867,0.000924744,15.61775589,3.184295654,3.86038208
10.6,25.65408325,15.64556122,3.982147217,5.132614136,23.0621891,35.8465271,22.98583984,-0.958953857,45.22988129,30.54157829,-6.080795288,31.20131302,4.751708984,0.295593262,14.48036194,7.968170166,0.000389302,1.889434814,29.49035645,23.79490662,-0.781799316,0.473144531,29.29956055,2.676879883,-0.001355488,-0.000937278,-0.133758545,-0.000858189,41.64772797,0.660247803,31.95516968,28.97063446,-0.443359375,27.19155884,-4.69331E-05,3.55113E-05,0.000246424,15.78075409,3.12020874,3.797119141
10.61,25.20339966,15.45942688,3.963470459,5.085891724,23.89236641,35.06500244,23.70117188,-1.069496155,44.53612518,31.01909065,-6.141120911,30.43913269,4.723449707,0.290771484,14.39120483,8.018341064,7.73901E-05,1.775665283,28.81341553,24.41199493,-0.83026123,0.464599609,28.81999969,2.642501831,-0.001351738,-0.000959809,-0.124893188,-0.000855186,40.92958832,0.588226318,32.40454102,28.3544693,-0.516021729,27.96472168,-0.00030091,-0.000159899,1.40183E-05,15.9562912,3.053710938,3.753997803
10.62,24.69470215,15.21125031,3.906112671,4.964111328,24.65904427,34.39199829,24.371521,-1.076782227,43.79306793,31.49176216,-6.207588196,29.76900482,4.697631836,0.260864258,14.2394104,7.981292725,-0.000119209,1.748748779,28.21801758,25.02664948,-0.846862793,0.403930664,28.33187866,2.615509033,-0.001358489,-0.000965066,-0.072937012,-0.000860441,40.20898438,0.514984131,32.84667969,27.75049973,-0.528564453,28.71105957,0.000148285,-8.123E-06,0.000601646,16.16442871,3.022262573,3.696105957
10.63,24.37030029,15.08108521,3.906112671,4.907531738,25.41853523,33.72628784,25.06304932,-1.142379761,43.01394653,31.86652184,-6.254371643,29.1307869,4.616516113,0.258422852,14.05628967,8.021942139,7.54995E-05,1.720611572,27.68716431,25.5901947,-0.781799316,0.322143555,27.87924194,2.597091675,-0.001362239,-0.000950797,-0.071670532,-0.000859691,39.45376587,0.434570313,33.36630249,27.13798523,-0.502258301,29.45608521,0.000504611,0.000115193,0.00068856,16.3675499,3.013809204,3.609924316
10.64,24.1708374,15.15042114,3.980819702,4.9087677,26.21636009,32.98138428,25.75836182,-1.212837219,42.31417465,32.20137787,-6.281455994,28.50975037,4.539093018,0.284790039,13.87919617,8.066131592,0.000238072,1.698577881,27.16241455,26.14885712,-0.780456543,0.283813477,27.43638611,2.563949585,-0.001356989,-0.000952299,-0.109680176,-0.000861943,38.78755188,0.439361572,33.89196777,26.60478973,-0.492248535,30.26004028,0.000309391,8.48379E-05,0.000390023,16.55561829,2.896514893,3.541229248
10.65,23.8918457,15.08351898,3.986160278,4.894012451,27.03215981,32.32785034,26.48999023,-1.188545227,41.68053436,32.63778687,-6.272834778,27.9464035,4.504699707,0.270385742,13.74667358,8.0362854,0.000219168,1.70715332,26.57553101,26.76229858,-0.77923584,0.293701172,27.06448364,2.561477661,-0.001353238,-0.000956805,-0.110946655,-0.000861943,38.24615479,0.511398315,34.36798096,26.18506241,-0.462158203,31.07421875,3.07746E-05,5.82784E-05,0.00025776,16.72739792,2.779220581,3.510253906
10.66,23.50430298,14.82804108,3.990158081,4.832504272,27.95217323,31.80725098,27.33538818,-1.132659912,41.09017563,33.10804749,-6.202667236,27.36096191,4.50100708,0.265625,13.67678833,8.038665771,0.000145444,1.753662109,26.02157593,27.4122467,-0.636169434,0.307373047,26.77577209,2.605667114,-0.001353988,-0.000957556,-0.094467163,-0.000854435,37.72826385,0.635040283,34.79193115,25.8190155,-0.316802979,31.76931763,-0.000153074,-0.000169385,7.82609E-05,16.85027313,2.845718384,3.517028809
10.67,23.15716553,14.64069366,4.016845703,4.773468018,28.90812874,31.30130005,28.12701416,-1.011192322,40.54911804,33.4888382,-6.059860229,26.82706833,4.532958984,0.259643555,13.6237793,8.08883667,-3.22517E-05,1.847839355,25.61856079,27.99526215,-0.438232422,0.360595703,26.47115326,2.621643066,-0.001360739,-0.000952299,-0.081802368,-0.00085894,37.15598297,0.810302734,35.16015625,25.43711472,-0.11630249,32.39276123,-7.9155E-05,-0.000249067,0.000235088,16.96687698,2.915847778,3.525054932
10.68,22.9413147,14.60054016,3.980819702,4.777160645,29.78022575,30.80383301,28.77355957,-0.833839417,40.00565338,33.81765747,-5.853050232,26.46377563,4.572296143,0.242858887,13.5358429,8.090057373,-4.54839E-05,1.948181152,25.21554565,28.54297638,-0.306762695,0.426147461,26.05154419,2.598327637,-0.00136599,-0.00095305,-0.064071655,-0.000855936,36.49222565,0.972381592,35.52960205,24.94784164,0.036529541,33.09555054,0.000303704,0.000115193,0.000663996,17.12110519,2.873535156,3.481994629
10.69,22.72042847,14.61148834,3.979492188,4.772232056,30.66670418,30.26861572,29.4576416,-0.660118103,39.40327454,34.12109375,-5.622848511,26.08084488,4.542785645,0.220092773,13.33705139,8.037445068,0.000222948,2.025238037,24.68225098,29.17954254,-0.214782715,0.445922852,25.60501862,2.619186401,-0.001360739,-0.000969572,-0.038726807,-0.000840169,35.7988205,1.123626709,35.93417358,24.46588516,0.171875,33.85464478,0.000371937,0.000213848,0.000439152,17.28409576,2.854187012,3.465820313
10.7,22.39474487,14.46186066,4.024841309,4.736572266,31.62265968,29.67727661,30.2154541,-0.488838196,38.7828598,34.42089081,-5.412338257,25.57149887,4.478881836,0.194946289,13.11418152,8.012359619,0.000289111,2.151275635,24.18063354,29.81732178,-0.065429688,0.488037109,25.25758362,2.619186401,-0.001349487,-0.000967319,-0.032394409,-0.000847677,35.25990295,1.391342163,36.29510498,24.1340065,0.433746338,34.56643677,-1.47149E-05,-0.000102984,-1.05426E-05,17.39569092,2.911010742,3.525054932
10.71,22.03244019,14.21733093,4.024841309,4.672622681,32.63730621,29.21032715,30.99462891,-0.278686523,38.23819733,34.75454712,-5.199363708,25.16156769,4.50100708,0.194946289,13.04670715,8.030303955,2.63499E-05,2.316467285,23.79833984,30.40885162,0.168273926,0.599487305,24.97866058,2.574981689,-0.001350987,-0.000951548,-0.047607422,-0.000864946,34.87302399,1.798294067,36.62213135,23.87656021,0.787109375,35.25,-0.000266794,-0.000158003,0.000102825,17.47593689,3.029510498,3.580291748
10.72,21.73959351,14.0798645,3.994171143,4.614822388,33.70946503,28.9128418,31.76873779,0.088172913,37.76927567,35.06039429,-4.870681763,24.89523697,4.588256836,0.158996582,13.06838989,8.06854248,-6.06077E-05,2.43145752,23.41720581,31.01498413,0.424987793,0.747924805,24.68260956,2.644958496,-0.001361489,-0.00096056,-0.033660889,-0.000867199,34.39838409,2.198059082,36.9576416,23.60690308,1.055267334,35.9553833,1.37165E-05,5.63804E-05,0.000424035,17.62263107,3.163742065,3.617980957
10.73,21.53253174,13.97645569,3.952804565,4.638183594,34.77323151,28.60070801,32.53662109,0.51940918,37.32681274,35.34811401,-4.43119812,24.60066986,4.648468018,0.129089355,13.00814819,8.084075928,0.000139772,2.612548828,23.02880859,31.61869049,0.604980469,0.858154297,24.32905579,2.695266724,-0.001356989,-0.000970323,0.018295288,-0.000855936,33.84711456,2.532989502,37.28225708,23.29088974,1.310882568,36.72476196,0.000341611,0.000162624,0.000539292,17.81948471,3.216949463,3.643585205
10.74,21.30282593,13.85237122,3.927459717,4.664016724,35.91486359,28.21057129,33.35449219,0.877761841,36.8578949,35.6563797,-4.033569336,24.28279114,4.657073975,0.158996582,12.83106995,8.020751953,0.000221059,2.858459473,22.650177,32.24672699,0.768432617,0.93359375,23.94491577,2.6277771,-0.001355488,-0.000961311,0.030960083,-0.000851432,33.40584564,2.91835022,37.64929199,22.97121429,1.676757813,37.56707764,0.000205146,0.000101913,0.000352234,17.98749542,3.238723755,3.669189453
10.75,21.00616455,13.70881653,3.955474854,4.618499756,37.17150116,27.83013916,34.16864014,1.242195129,36.33486557,35.96343231,-3.643325806,23.98700333,4.648468018,0.131469727,12.64431763,7.952636719,0.000153005,3.044433594,22.28979492,32.91980743,1.059570313,1.051147461,23.6158371,2.637588501,-0.001360739,-0.000967319,-0.024795532,-0.000864196,33.07211304,3.423751831,38.02841187,22.73816681,2.11529541,38.44909668,7.81566E-05,3.55113E-05,0.000242647,18.15551376,3.380203247,3.759399414
10.76,20.73727417,13.57256317,3.980819702,4.568069458,38.4389267,27.53875732,34.98651123,1.685577393,35.88759232,36.3285141,-3.125061035,23.76362991,4.698852539,0.093139648,12.60456848,7.962188721,0.000122759,3.267120361,22.03530884,33.65252686,1.41583252,1.233154297,23.42622375,2.718612671,-0.001353988,-0.000974078,-0.022262573,-0.000864946,32.81749725,4.020385742,38.3711853,22.60273361,2.629058838,39.35415649,0.000150181,9.05301E-05,0.000388134,18.34609222,3.624450684,3.890014648
10.77,20.55044556,13.5409317,3.98348999,4.588989258,39.76623535,27.38027954,35.9006958,2.222503662,35.61706543,36.74075317,-2.540313721,23.66053009,4.788574219,0.132629395,12.68408203,7.986083984,0.000107636,3.581542969,21.86849976,34.40958405,1.71081543,1.439819336,23.28430939,2.778747559,-0.001356238,-0.000956805,0.06010437,-0.000853684,32.61726379,4.67225647,38.70547485,22.49047852,3.187896729,40.26049805,0.000161553,0.000194876,0.00033712,18.4827652,3.759902954,3.988311768
10.78,20.44442749,13.59202576,4.04486084,4.660324097,41.14146423,27.28271484,36.78985596,2.789794922,35.37057877,37.0840683,-1.921096802,23.57952499,4.889343262,0.155456543,12.6804657,7.980102539,0.000154895,3.891082764,21.72241211,35.10457611,1.991699219,1.584594727,23.02128601,2.802062988,-0.00136449,-0.000954552,0.067703247,-0.000861192,32.29959869,5.302505493,39.02163696,22.27817154,3.674072266,41.19244385,0.0003056,0.000229025,0.000395693,18.62194061,3.83366394,4.061035156
10.79,20.39266968,13.59445953,4.100891113,4.704605103,42.52867889,27.087677,37.59899902,3.308502197,35.03031158,37.39596558,-1.23664093,23.44574356,4.983978271,0.135070801,12.52264404,7.984893799,0.000289111,4.16394043,21.50567627,35.772789,2.279052734,1.695922852,22.70198822,2.804534912,-0.001357739,-0.000968821,0.03855896,-0.000866448,31.90407562,5.908737183,39.34625244,22.04146576,4.180267334,42.24087524,0.000406053,3.36152E-05,0.00065266,18.79120255,4.01625061,4.149902344
10.8,20.21972656,13.52024841,4.060882568,4.66645813,44.01532745,26.79260254,38.44812012,3.853927612,34.64916611,37.73928833,-0.553413391,23.29846573,5.033111572,0.137451172,12.39012146,7.981292725,0.000287222,4.446563721,21.20126343,36.43369293,2.548461914,1.898925781,22.49034882,2.858535767,-0.001354738,-0.000963564,0.058837891,-0.000860441,31.65810394,6.605026245,39.65875244,21.92555237,4.848144531,43.37637329,9.33222E-05,-0.000167489,0.000367351,18.87270737,4.197631836,4.269744873
10.81,19.97610474,13.38034821,4.043533325,4.638183594,45.52592468,26.59631348,39.30352783,4.433372498,34.29447174,38.0451355,0.119979858,23.17573166,5.120361328,0.162597656,12.42504883,7.932312012,0.000117088,4.784240723,21.00405884,37.05809021,2.922607422,2.17980957,22.34966278,2.977600098,-0.001361489,-0.000958307,0.093032837,-0.000866448,31.50730133,7.409347534,39.8888855,21.85478592,5.552337646,44.51184082,-0.000177713,-0.00013903,-4.07733E-05,18.92787552,4.394744873,4.41116333
10.82,19.86755371,13.23800659,4.060882568,4.725524902,46.9095459,26.55487061,40.05761719,5.023742676,34.02033615,38.28449249,0.890609741,23.14013672,5.287475586,0.151855469,12.45637512,7.900054932,-2.09091E-05,5.163513184,20.96264648,37.65935516,3.365661621,2.465820313,22.16127014,3.065994263,-0.00136299,-0.000963564,0.139923096,-0.000867199,31.30953217,8.283294678,40.08874512,21.75961685,6.210174561,45.71646118,8.19489E-05,-4.41708E-05,0.000259653,19.03570557,4.666809082,4.572753906
10.83,19.8119812,13.2939682,4.034194946,4.831298828,48.18534851,26.48535156,40.69793701,5.685791016,33.80751801,38.5214386,1.758506775,23.18677902,5.415283203,0.137451172,12.37687683,7.891693115,4.90341E-05,5.545288086,20.90054321,38.24601746,3.742431641,2.733032227,21.93983459,3.083175659,-0.001359989,-0.00095305,0.172866821,-0.000854435,31.067276,9.169250488,40.29101563,21.58757401,6.885559082,46.97866821,0.000455333,0.000170212,0.000616763,19.15983582,4.895355225,4.719512939
10.84,19.73876953,13.47280121,4.008834839,4.918609619,49.41442871,26.31832886,41.24572754,6.322319031,33.55502319,38.74145508,2.542663574,23.18800354,5.497650146,0.167419434,12.29133606,7.835510254,0.000207826,5.893981934,20.73861694,38.79129791,4.162475586,2.954711914,21.70862579,3.143310547,-0.001359989,-0.000947042,0.161468506,-0.000857438,30.811409,9.983169556,40.42425537,21.39601898,7.562194824,48.1321106,0.000320762,0.000261277,0.000374909,19.21374893,5.070709229,4.833984375
10.85,19.63150024,13.46915436,4.018173218,5.018234253,50.53090668,26.14276123,41.7097168,6.8592453,33.24602127,38.86234283,3.250518799,23.08245468,5.6328125,0.179382324,12.2033844,7.773376465,0.000115197,6.205932617,20.53894043,39.18930054,4.636291504,3.173706055,21.51533508,3.280776978,-0.00136824,-0.000953801,0.163986206,-0.000866448,30.5605011,10.78749084,40.4642334,21.29718018,8.22253418,49.15875244,-5.64121E-05,-6.12456E-05,5.74775E-05,19.13851929,5.265380859,4.990203857
10.86,19.45727539,13.2866745,3.994171143,5.0625,51.44134521,25.98916626,42.06738281,7.425323486,32.91657639,38.93488312,4.033470154,22.92412949,5.793792725,0.167419434,12.18049622,7.750701904,-0.000126771,6.552215576,20.35266113,39.4010849,5.047424316,3.434814453,21.37342834,3.386367798,-0.001378742,-0.000953801,0.209609985,-0.000863445,30.29104614,11.62663269,40.44967651,21.16662598,8.919219971,50.0138855,-0.000151178,-0.000102984,0.000157621,19.0745697,5.50843811,5.143676758
10.87,19.26287842,13.14555359,3.904785156,5.106796265,52.17327881,25.85137939,42.34246826,8.050926208,32.55947495,38.98927307,4.855804443,22.77807236,5.901916504,0.158996582,12.22145081,7.696899414,-0.000104086,6.93762207,20.16027832,39.54956818,5.43560791,3.670043945,21.16545105,3.428100586,-0.00136674,-0.000950797,0.241287231,-0.000859691,29.98697662,12.42494202,40.45574951,20.97750854,9.592071533,50.66674805,-3.55635E-05,0.000259381,0.000390023,19.06705093,5.751495361,5.250061035
10.88,19.05712891,13.11513519,3.850082397,5.168273926,52.76147461,25.68313599,42.56384277,8.626724243,32.16390228,38.95663452,5.652290344,22.66515732,5.978118896,0.176940918,12.11543274,7.621612549,4.71435E-05,7.29977417,19.97155762,39.70293427,5.865966797,3.912597656,20.91099548,3.48210144,-0.001351738,-0.000952299,0.255218506,-0.000862694,29.69650269,13.17404175,40.51144409,20.82132721,10.16094971,51.25946045,4.97289E-05,0.000225231,0.00033712,19.05827332,5.952224731,5.406280518
10.89,18.89300537,13.0859375,3.8540802,5.218704224,53.19033051,25.47463989,42.66265869,9.167289734,31.81401443,38.92399597,6.413078308,22.55224228,6.10836792,0.20690918,11.98773193,7.567840576,5.84861E-05,7.669250488,19.8571167,39.83682251,6.349853516,4.198486328,20.73483276,3.575393677,-0.00136674,-0.000958307,0.283096313,-0.000861192,29.49133301,13.90032959,40.54418945,20.72127533,10.70599365,51.70626831,1.18203E-05,3.93074E-05,0.000151951,19.06454086,6.144500732,5.555755615
10.9,18.82989502,12.99591827,3.843414307,5.3097229,53.42153168,25.29299927,42.61633301,9.805038452,31.57114029,38.9578476,7.171401978,22.43687439,6.269378662,0.197387695,12.01544189,7.50213623,4.14727E-05,8.095031738,19.80596924,39.93175507,6.855529785,4.497924805,20.65653229,3.677261353,-0.001371991,-0.000965066,0.329971313,-0.000858189,29.33435822,14.69384766,40.46786499,20.64074707,11.29742432,51.79327393,-6.02026E-05,5.25862E-05,0.000114162,19.01062775,6.373031616,5.670227051
10.91,18.80084229,12.96549988,3.851409912,5.397064209,53.37002563,25.18450928,42.47375488,10.50352478,31.33788681,38.93608856,7.991271973,22.36077881,6.419281006,0.20690918,12.05400085,7.439971924,3.95821E-05,8.558746338,19.71466064,39.90984344,7.363769531,4.816040039,20.57823944,3.815979004,-0.001359239,-0.000971074,0.399658203,-0.00085894,29.1081543,15.55218506,40.30316162,20.48944855,11.87634277,51.61535645,-4.69331E-05,-3.65824E-05,0.000219971,18.86768723,6.675338745,5.860107422
10.92,18.72387695,12.98861694,3.822067261,5.45362854,53.02261353,25.10766602,42.20739746,11.15950012,31.09741211,38.77167511,8.777915955,22.29695511,6.606079102,0.239257813,12.02870178,7.38861084,-5.78631E-06,8.9894104,19.54055786,39.69441223,7.897521973,5.074707031,20.38250732,3.946075439,-0.00136449,-0.000971825,0.436401367,-0.000848428,28.8139801,16.32051086,40.12142944,20.28691101,12.42263794,51.3157959,6.11003E-05,-5.55534E-05,0.000374909,18.73728943,6.965560913,6.044586182
10.93,18.57867432,12.90710449,3.704666138,5.528640747,52.4835434,24.94796753,41.82476807,11.77902985,30.82327652,38.55044556,9.520233154,22.12267303,6.773193359,0.23449707,11.93954468,7.290618896,6.60475E-05,9.384613037,19.37011719,39.40351105,8.398071289,5.299926758,20.13049316,4.028320313,-0.00136524,-0.000965066,0.432601929,-0.000837917,28.50992584,17.0191803,39.95791626,20.11975098,12.9276123,50.82553101,0.000212729,0.000170212,0.000395693,18.64074707,7.148147583,6.171173096
10.94,18.4095459,12.81708527,3.661972046,5.618453979,51.86780548,24.75161743,41.42828369,12.40462494,30.44934464,38.34977722,10.31671906,21.89807129,6.872741699,0.239257813,11.81907654,7.167541504,0.000170019,9.812835693,19.23736572,39.14913177,8.887084961,5.566040039,19.96044922,4.110565186,-0.001353988,-0.00096056,0.440216064,-0.000849179,28.26023102,17.79469299,39.75201416,20.01481628,13.37243652,50.12271118,0.000189984,0.000227127,0.000335231,18.52915192,7.340408325,6.336791992
10.95,18.26565552,12.81587219,3.659301758,5.686096191,51.16821289,24.60897827,40.98187256,13.05330658,30.15596771,38.10195923,11.07257843,21.77779007,6.999328613,0.290771484,11.79016113,7.087463379,8.30609E-05,10.23983765,19.13024902,38.77547455,9.482177734,5.851928711,19.88092804,4.187896729,-0.001353238,-0.000957556,0.479492188,-0.000856687,28.08719635,18.64944458,39.44796753,19.92453003,13.85736084,49.33029175,1.18203E-05,-6.22682E-06,0.000318225,18.36615753,7.635467529,6.498382568
10.96,18.16464233,12.75868988,3.560577393,5.742675781,50.23262024,24.45904541,40.42156982,13.72750092,29.9659996,37.77676392,11.80873871,21.69310379,7.172607422,0.33392334,11.85279846,7.024139404,2.44593E-05,10.64849854,19.04864502,38.2168045,10.10406494,6.202148438,19.80997467,4.298370361,-0.001353988,-0.00095305,0.530166626,-0.000857438,27.89437103,19.4909668,39.07250977,19.81105804,14.43374634,48.41369629,-6.58892E-05,-9.91896E-05,0.000206746,18.15551376,7.913589478,6.641113281
10.97,18.10784912,12.64189911,3.484542847,5.836135864,49.07540894,24.32006836,39.80249023,14.4308548,29.71831131,37.40563965,12.67786407,21.58264542,7.342163086,0.321899414,11.90341187,6.907043457,9.33651E-06,11.12075806,18.94274902,37.65570068,10.66967773,6.547485352,19.66194916,4.451797485,-0.001356238,-0.000953801,0.579574585,-0.000864946,27.63356781,20.30729675,38.66915894,19.70124054,15.02142334,47.34738159,7.62623E-05,4.12036E-05,0.000248313,17.969944,8.15423584,6.804077148
10.98,18.03842163,12.58472443,3.431167603,5.949310303,47.8595047,24.21640015,39.09472656,15.14147949,29.45740128,37.00307465,13.55436707,21.45622635,7.538787842,0.327941895,11.85040283,6.781555176,5.47059E-05,11.64196777,18.80151367,37.1384201,11.26348877,6.833374023,19.45397949,4.585586548,-0.001355488,-0.00096056,0.621398926,-0.000858189,27.32579803,21.16442871,38.25491333,19.54384613,15.60531616,46.32070923,0.00033403,0.000101913,0.000408921,17.83453369,8.445648193,6.961608887
10.99,17.90335083,12.53119659,3.351119995,6.031707764,46.58010864,24.034729,38.28051758,15.87155914,29.18206406,36.57029724,14.33608246,21.31876373,7.723144531,0.384216309,11.72991943,6.658477783,0.00022862,12.16073608,18.66757202,36.54811096,11.91345215,7.172485352,19.27781677,4.655563354,-0.001346487,-0.000963564,0.650527954,-0.000853684,27.06251526,22.10079956,37.75830078,19.36447906,16.28445435,45.31195068,0.000298018,1.27461E-05,0.000278544,17.64144135,8.731033325,7.148773193
11,17.76828003,12.43143463,3.331115723,6.101806641,45.25279236,23.82748413,37.43389893,16.66357803,28.91754532,36.04563904,15.17072296,21.22426224,7.855865479,0.395019531,11.66726685,6.5234375,0.000135992,12.70028687,18.5664978,35.86042023,12.5736084,7.525146484,19.18239594,4.7059021,-0.001356238,-0.00095305,0.737960815,-0.000870953,26.90306854,23.0743866,37.22537231,19.2937088,17.02124023,44.13934326,5.54137E-05,-3.46843E-05,0.000252094,17.34553528,8.976501465,7.342712402
11.01,17.71273804,12.39372253,3.287078857,6.201431274,43.98537445,23.72262573,36.5960083,17.45682144,28.7648468,35.49438477,16.09647369,21.14816666,8.03036499,0.351867676,11.66485596,6.457733154,1.50073E-05,13.23495483,18.46179199,35.11917877,13.25292969,7.845825195,19.11388397,4.839706421,-0.00136374,-0.000944789,0.817779541,-0.000874707,26.73003387,24.01557922,36.78323364,19.24368286,17.70288086,42.9552002,0.000108484,6.39707E-05,0.00036924,17.05088806,9.242523193,7.484100342
11.02,17.66098022,12.37669373,3.179016113,6.329360962,42.75029755,23.62994385,35.77813721,18.22454834,28.6085434,35.01083374,17.00990295,21.09539032,8.224517822,0.359069824,11.66607666,6.395599365,0.00017947,13.75497437,18.36193848,34.39011383,13.94122314,8.191040039,19.02213287,4.984542847,-0.001344236,-0.000951548,0.821578979,-0.00086795,26.53845215,24.90994263,36.35446167,19.14241791,18.35443115,41.8862915,0.000244947,0.000156932,0.000233199,16.86532211,9.501312256,7.597198486
11.03,17.55239868,12.27450562,3.144332886,6.452331543,41.52840424,23.51046753,34.99023438,19.05301666,28.40053177,34.51277161,17.85809326,21.04261398,8.340026855,0.417785645,11.66004944,6.280883789,0.000198374,14.24191284,18.34124756,33.71946716,14.59625244,8.502929688,18.92916107,5.047119141,-0.001336735,-0.000954552,0.8646698,-0.000870953,26.39505768,25.77186584,35.92202759,19.12045288,18.99850464,40.81735229,9.71127E-05,8.29417E-05,0.000229418,16.70608521,9.702041626,7.711669922
11.04,17.45394897,12.16988373,3.110977173,6.508926392,40.37718201,23.42880249,34.22113037,19.92035294,28.26105881,34.02317047,18.64104462,20.95301819,8.437133789,0.426147461,11.63716125,6.200836182,0.000213496,14.66891479,18.33273315,33.0500412,15.2666626,8.746826172,18.87288666,5.109725952,-0.001347237,-0.000950797,0.922943115,-0.000864196,26.26774597,26.68902588,35.48840332,19.14363861,19.73278809,39.79324341,-2.2294E-05,-4.60688E-05,0.000289883,16.44779587,9.932998657,7.86920166
11.05,17.37820435,12.10418701,3.017593384,6.521224976,39.2331543,23.34957886,33.43078613,20.75975418,28.15645599,33.58071899,19.42275238,20.90146637,8.583343506,0.403381348,11.647995,6.135101318,0.000173799,15.19622803,18.26455688,32.37818146,15.99957275,9.054931641,18.84107208,5.225128174,-0.001343486,-0.000953801,0.954620361,-0.000856687,26.20347595,27.72143555,34.95062256,19.05821991,20.62615967,38.8369751,0.000210833,7.05384E-06,0.000274766,16.20329666,10.26191711,8.092773438
11.06,17.32015991,12.04943848,2.985580444,6.609786987,38.03401947,23.29711914,32.55908203,21.6550293,28.02178955,33.09111786,20.3361969,20.87569427,8.735748291,0.403381348,11.66485596,6.025177002,-3.41423E-05,15.85202026,18.24749756,31.72823334,16.74023438,9.438598633,18.77990723,5.349105835,-0.001347237,-0.000954552,1.023040771,-0.000863445,26.2084198,28.7850647,34.41162109,18.99356079,21.53460693,37.86407471,0.000398472,0.000204362,0.000435371,16.03026962,10.61138916,8.309539795
11.07,17.32015991,12.06647491,2.974899292,6.788116455,36.86843109,23.28491211,31.67492676,22.65234756,27.95085144,32.59668732,21.38504028,20.84869385,8.872131348,0.401000977,11.60583496,5.88772583,0.000137881,16.48580933,18.33395386,31.07218933,17.52172852,9.801147461,18.70161438,5.415374756,-0.00136524,-0.000952299,1.083847046,-0.000863445,26.20966339,29.86790466,33.94165039,19.08750916,22.4430542,36.91677856,0.000351088,0.000289734,0.000482608,15.79956436,10.87741089,8.487304688
11.08,17.39208984,12.15893555,2.928207397,6.924636841,35.78069305,23.25079346,30.85455322,23.71769333,27.97249603,32.14214325,22.40557861,20.86219406,9.042938232,0.387817383,11.58172607,5.79095459,0.000372289,17.05718994,18.42041016,30.42224121,18.42706299,10.15136719,18.71018219,5.468154907,-0.00136374,-0.000954552,1.130737305,-0.000863445,26.21089172,30.97715759,33.4753418,19.19122314,23.37780762,36.03091431,0.000275275,0.000242304,0.000367351,15.54001999,11.10957336,8.64352417
11.09,17.44384766,12.21367645,2.890853882,6.993515015,34.74448395,23.22396851,30.05413818,24.85228348,27.99774551,31.69727135,23.35348511,20.88428497,9.232208252,0.392578125,11.67329407,5.767059326,0.000200264,17.61141968,18.49346924,29.77106476,19.32214355,10.48193359,18.79459381,5.572494507,-0.001357739,-0.000959809,1.180145264,-0.000867199,26.27146149,32.08158875,32.98358154,19.24368286,24.35263062,35.14889526,1.18203E-05,0.000132268,0.000210527,15.31808853,11.43608093,8.822631836
11.1,17.38705444,12.13825226,2.852157593,7.080841064,33.81847382,23.27761841,29.27380371,25.97107697,28.02780533,31.25240135,24.34939575,20.91006088,9.39932251,0.42376709,11.77571106,5.743164063,-6.81691E-05,18.23297119,18.59695435,29.06025696,20.12921143,10.84448242,18.84963989,5.673156738,-0.001372741,-0.000956805,1.242233276,-0.000864196,26.40618896,33.26046753,32.43243408,19.31567383,25.40396118,34.3001709,-0.000257319,1.27461E-05,0.000125498,15.0723381,11.80368042,9.079833984
11.11,17.37442017,12.03119659,2.809463501,7.18661499,32.9152298,23.36904907,28.5222168,27.11416245,28.10836029,30.72290993,25.42778015,20.99720001,9.588562012,0.450134277,11.82872009,5.666687012,-7.19503E-05,18.90588379,18.70043945,28.3433609,20.98852539,11.26037598,18.83985138,5.749267578,-0.001378742,-0.000956805,1.354995728,-0.000857438,26.51371765,34.48135376,31.82681274,19.3791275,26.47650146,33.55386353,-0.000143597,-5.93476E-05,0.000219971,14.77643204,12.1229248,9.319519043
11.12,17.47164917,12.08229065,2.78012085,7.289932251,31.92094612,23.3739624,27.74060059,28.36051178,28.18531036,30.14627266,26.545578,21.06348038,9.73727417,0.452453613,11.80702209,5.569885254,8.49515E-05,19.54943848,18.80026245,27.7213974,21.90667725,11.5970459,18.80804443,5.846221924,-0.00136449,-0.000965066,1.428497314,-0.00085894,26.53720856,35.66983032,31.18603516,19.42182922,27.63305664,32.85232544,0.0001426,-0.00010488,0.000310667,14.50936508,12.45425415,9.529602051
11.13,17.50952148,12.17596436,2.716094971,7.371109009,30.93623924,23.35076904,26.92773438,29.6068573,28.21537018,29.63370323,27.68060303,21.04384232,9.815917969,0.43572998,11.74195862,5.492218018,0.000122759,20.21746826,18.9256897,27.08727264,22.78009033,11.88903809,18.80926514,5.943191528,-0.001361489,-0.000962813,1.482971191,-0.000866448,26.6039505,36.90270996,30.57919312,19.5072403,28.847229,32.17126465,0.000201356,-3.65824E-05,0.000223752,14.27239227,12.8170166,9.751800537
11.14,17.53979492,12.11392212,2.657394409,7.460891724,30.00424004,23.39953613,26.12231445,30.87627792,28.29111862,29.13322639,28.7749939,21.10398102,9.975646973,0.447692871,11.78894043,5.408569336,0.000115197,20.9246521,19.08276367,26.34116364,23.6854248,12.28259277,18.85330963,6.007034302,-0.00136299,-0.000953801,1.575469971,-0.000856687,26.80789948,38.15962219,30.03048706,19.65853882,29.99124146,31.53378296,8.76356E-05,0.000117091,0.000172738,13.96896362,13.16285706,9.947052002
11.15,17.63320923,12.07620239,2.661376953,7.590026855,29.08063316,23.48364258,25.32196045,32.27082443,28.49191284,28.60856819,29.87554932,21.27458191,10.19564819,0.482421875,11.9250946,5.315368652,0.000109526,21.59759521,19.26538086,25.59627533,24.71075439,12.68981934,18.96218872,6.100326538,-0.001354738,-0.000959809,1.622329712,-0.000848428,27.06251526,39.43452454,29.37887573,19.84156036,31.18161011,30.86425781,8.38432E-05,6.58669E-05,0.000346567,13.60535431,13.46273804,10.1786499
11.16,17.69885254,12.14676666,2.617370605,7.672439575,28.17978477,23.55557251,24.5690918,33.75404739,28.69631195,28.04522896,31.06843567,21.39731598,10.35415649,0.442932129,12.00218201,5.236480713,0.000101965,22.2387085,19.43826294,24.88911438,25.76171875,13.03259277,19.08574677,6.226745605,-0.001356238,-0.000965817,1.689483643,-0.000858189,27.2578125,40.80787659,28.63272095,19.99163055,32.50479126,30.1652832,8.00528E-05,-7.45263E-05,0.000397582,13.23797989,13.7880249,10.42373657
11.17,17.74679565,12.11756897,2.503967285,7.732711792,27.30049324,23.5909729,23.83874512,35.27249908,28.82857132,27.40330696,32.26008606,21.46850204,10.52252197,0.391418457,12.03953552,5.160003662,0.000158676,22.91409302,19.56976318,24.16735077,26.75006104,13.37548828,19.15180969,6.29057312,-0.00136599,-0.000956054,1.799728394,-0.000855186,27.38512421,42.1572113,27.93865967,20.10754395,33.89440918,29.50091553,-1.66092E-05,-7.07321E-05,0.000165179,12.88816452,14.18586731,10.65402222
11.18,17.75692749,11.99591827,2.422576904,7.868011475,26.46792793,23.64337158,23.06213379,36.81402969,28.99689865,26.79403114,33.48251343,21.51882172,10.69946289,0.430969238,12.05158997,5.095489502,7.17184E-05,23.70077515,19.70614624,23.47723389,27.73327637,13.70715332,19.21542358,6.315124512,-0.001371241,-0.000951548,1.861816406,-0.00084993,27.56188202,43.42251587,27.23254395,20.26738739,35.37295532,28.88388062,2.50898E-05,6.7763E-05,0.000157621,12.60479736,14.57281494,10.92736816
11.19,17.75942993,11.94360352,2.37588501,8.00453186,25.64974022,23.71899414,22.31427002,38.40172195,29.22174072,26.24882317,34.834198,21.60719299,10.8248291,0.441711426,12.05400085,4.999908447,7.44592E-06,24.54376221,19.94110107,22.80538177,28.77655029,14.07849121,19.33653259,6.391220093,-0.001369741,-0.000959809,1.922622681,-0.000861943,27.88696289,44.78265381,26.45129395,20.46870422,36.89038086,28.33084106,0.000235472,0.000265071,0.000422146,12.36280441,14.94525146,11.2020874
11.2,17.88946533,12.0032196,2.341201782,8.107833862,24.8027935,23.81161499,21.57513428,40.03557587,29.47904587,25.67943382,36.15386963,21.79374695,10.9833374,0.40814209,12.12869263,4.870849609,0.000204044,25.30725098,20.25161743,22.13350677,29.87854004,14.52893066,19.48455811,6.507827759,-0.001358489,-0.000965066,1.99357605,-0.000859691,28.26271057,46.27366638,25.64941406,20.70297241,38.35891724,27.7394104,0.000390889,0.000308707,0.00047316,12.05311203,15.35638428,11.48620605
11.21,18.10153198,12.14189911,2.323867798,8.254211426,24.0468998,23.98965454,20.7822876,41.790905,29.84335709,25.08466148,37.429245,22.03185272,11.21685791,0.429748535,12.23953247,4.772857666,0.000321249,26.03765869,20.52554321,21.49329376,31.04180908,14.97570801,19.6203537,6.607254028,-0.001357739,-0.000966568,2.074661255,-0.000856687,28.59767914,47.7910614,24.86456299,20.95676422,39.88757324,27.06735229,0.000193775,0.000156932,0.000278544,11.66818237,15.78204346,11.78515625
11.22,18.25552368,12.20638275,2.282501221,8.403030396,23.3329258,24.16030884,20.03692627,43.74423981,30.22330093,24.44516182,38.77723694,22.24663544,11.4380188,0.418945313,12.32145691,4.689208984,0.000205936,26.84396362,20.73983765,20.81169891,32.17700195,15.40393066,19.7842865,6.695648193,-0.00136599,-0.000967319,2.167160034,-0.000864196,28.94870758,49.26045227,24.10751343,21.19347382,41.51525879,26.39529419,-6.77835E-05,-4.03766E-05,9.71593E-05,11.29077911,16.19076538,12.0975647
11.23,18.32498169,12.15284729,2.173110962,8.508804321,22.56145287,24.27493286,19.37536621,45.7109375,30.50465393,23.80566216,40.13876343,22.42337418,11.58425903,0.380615234,12.41059875,4.593597412,5.09247E-05,27.66125488,20.96749878,20.09723663,33.21258545,15.83703613,20.00081635,6.811019897,-0.00136524,-0.000961311,2.217849731,-0.000854435,29.32817078,50.67581177,23.32382202,21.46800232,43.16424561,25.71295166,2.31937E-05,-8.21147E-05,0.000265319,10.92465973,16.58377075,12.45037842
11.24,18.4284668,12.10054016,2.065032959,8.60105896,21.84987831,24.43832397,18.69628906,47.59381485,30.81485748,23.19275475,41.51385498,22.64060974,11.74649048,0.429748535,12.53829956,4.501586914,6.98287E-05,28.45407104,21.2487793,19.45580292,34.2723999,16.26037598,20.20022583,6.939926147,-0.001361489,-0.000954552,2.29006958,-0.000843923,29.69898224,52.10800171,22.5062561,21.78035736,44.84829712,25.04345703,0.000133123,2.98191E-05,0.000408921,10.53973389,17.04568481,12.78567505
11.25,18.63928223,12.11148834,2.018356323,8.73387146,21.19101524,24.59683228,17.94342041,49.5325737,31.21404266,22.52061653,42.9332428,22.88117218,11.97259521,0.494445801,12.64071655,4.39642334,0.000107636,29.28482056,21.57629395,18.83506012,35.37310791,16.66381836,20.39596558,7.018478394,-0.001348737,-0.000949295,2.416763306,-0.000852933,30.10687256,53.55096436,21.67050171,22.05122757,46.53610229,24.43026733,0.000150181,8.29417E-05,0.000252094,10.18364334,17.59104919,13.10211182
11.26,18.85388184,12.23678589,1.983657837,8.947906494,20.49261284,24.79553223,17.18811035,51.57215881,31.64688873,21.84605598,44.30215454,23.1389122,12.17779541,0.472839355,12.6804657,4.254241943,9.81838E-05,30.11560059,21.91113281,18.16928864,36.44830322,17.09448242,20.6198349,7.074951172,-0.001336735,-0.00094554,2.52192688,-0.000849179,30.52835846,54.96273804,20.77780151,22.30013275,48.17633057,23.75180054,0.000265799,9.24282E-05,0.000384357,9.868934631,18.08200073,13.41317749
11.27,19.05331421,12.36453247,1.918289185,9.152069092,19.74151039,25.10641479,16.50531006,53.64696503,32.07131958,21.21622658,45.60461426,23.48747635,12.39779663,0.424926758,12.75395203,4.086975098,0.000243743,30.88519287,22.21063232,17.51932526,37.52856445,17.57104492,20.82902527,7.221008301,-0.001346487,-0.000948544,2.594146729,-0.000843172,30.92389679,56.34329224,19.89959717,22.62835312,49.81402588,22.99395752,0.000216519,0.000126576,0.000595976,9.480243683,18.49313354,13.72695923
11.28,19.2338562,12.33533478,1.830245972,9.313186646,18.98680687,25.3649292,15.80993652,55.71813583,32.45847702,20.54892159,46.90582275,23.80781174,12.6312561,0.438110352,12.87805176,3.953125,0.000302345,31.62173462,22.53695679,16.92415619,38.58587646,18.02648926,21.09082794,7.406341553,-0.001357739,-0.000952299,2.649902344,-0.000857438,31.37627411,57.70701599,19.06750488,23.00172043,51.44418335,22.32827759,4.5076E-07,2.41287E-05,0.000333339,9.04265976,18.93328857,14.07843018
11.29,19.39038086,12.30857086,1.747528076,9.458328247,18.31955528,25.62216187,15.05334473,57.7783699,32.89733887,19.85502052,48.21195984,24.11587524,12.84387207,0.47644043,13.03466797,3.871856689,0.000101965,32.38763428,22.92657471,16.33261871,39.58184814,18.46960449,21.41990662,7.507003784,-0.001354738,-0.000949295,2.723388672,-0.000861192,31.87811279,59.07556152,18.18325806,23.35067368,53.0317688,21.63061523,6.11003E-05,-2.70959E-05,0.000114162,8.67653656,19.43511963,14.4473877
11.3,19.62896729,12.42414093,1.648803711,9.569015503,17.65829659,26.00744629,14.35424805,59.7693634,33.41915894,19.13936043,49.51933289,24.53071594,13.09823608,0.484863281,13.20814514,3.764312744,3.01311E-05,33.17434692,23.31738281,15.71188354,40.5357666,18.92004395,21.71718597,7.612564087,-0.001347987,-0.000947793,2.826019287,-0.000857438,32.36634064,60.39128113,17.26031494,23.73135757,54.58050537,20.83306885,0.000275275,8.8634E-05,0.000316333,8.326721191,19.94178772,14.82577515
11.31,19.94076538,12.55673981,1.535400391,9.789169312,16.95510292,26.3963623,13.75024414,61.64495087,33.9518013,18.38984871,50.75653076,24.92959976,13.334198,0.494445801,13.31175232,3.616149902,0.000200264,33.89990234,23.70211792,15.10817719,41.46661377,19.34570313,21.98387909,7.769699097,-0.001346487,-0.000953801,2.889373779,-0.000856687,32.84963226,61.61578369,16.3979187,24.11692429,56.03649902,20.14819336,0.000326449,0.000210054,0.000554409,7.971885681,20.40249634,15.17858887
11.32,20.23614502,12.62730408,1.446014404,10.08435059,16.29384422,26.73162842,13.14239502,63.43550873,34.45438766,17.66209984,51.8324585,25.29043961,13.53817749,0.520812988,13.38523865,3.489501953,0.000296674,34.56427002,24.05886841,14.51421356,42.33496094,19.78393555,22.2946167,7.932937622,-0.001350987,-0.000959809,2.952713013,-0.00084993,33.3650589,62.79945374,15.57666016,24.47442627,57.36346436,19.5055542,0.000235472,0.000265071,0.000482608,7.66469574,20.83540344,15.50717163
11.33,20.48101807,12.68691254,1.361968994,10.2245636,15.65893745,27.0852356,12.53588867,65.14953613,34.94253922,16.97182655,52.84315491,25.67582321,13.79257202,0.550720215,13.54426575,3.383117676,0.000132211,35.22982788,24.39004517,13.92755127,43.14324951,20.25671387,22.65795135,8.07901001,-0.001352488,-0.000953801,3.051544189,-0.000853684,33.93363953,63.96151733,14.7215271,24.90635681,58.60644531,18.81427002,9.33222E-05,0.000141755,0.000259653,7.347473145,21.27677917,15.85324097
11.34,20.70953369,12.75382233,1.26991272,10.2983551,15.01923943,27.48272705,11.9418335,66.6995697,35.51125336,16.30694008,53.87846375,26.04893494,14.03463745,0.557922363,13.75750732,3.267242432,1.87885E-05,35.91009521,24.76385498,13.39201355,43.90808105,20.7220459,23.07022095,8.164932251,-0.001347987,-0.000950797,3.121231079,-0.000861192,34.56525421,65.08276367,13.89907837,25.39684677,59.77929688,18.12811279,-5.45159E-05,-1.19172E-05,0.00019541,7.017719269,21.74475098,16.17373657
11.35,21.01119995,12.82316589,1.209869385,10.45948792,14.40469551,27.92285156,11.35534668,68.03823853,36.12205124,15.69161415,54.83128357,26.47359467,14.22387695,0.538757324,13.95027161,3.150115967,0.000166237,36.56344604,25.175354,12.86620331,44.55804443,21.10327148,23.47270966,8.255783081,-0.001357739,-0.000953801,3.18838501,-0.000861192,35.23271179,66.12478638,13.12997437,25.82268143,60.84811401,17.45349121,-1.66092E-05,3.17171E-05,0.000202969,6.672912598,22.24295044,16.52651978
11.36,21.3722229,12.91927338,1.17918396,10.6907196,13.82608986,28.34954834,10.83758545,69.17282104,36.71481323,15.09200859,55.71887207,26.98294067,14.48196411,0.563903809,14.11291504,3.093933105,0.000164347,37.14584351,25.58810425,12.34526825,45.14031982,21.46838379,23.81646729,8.398147583,-0.001374992,-0.000948544,3.269470215,-0.000861943,35.89892578,67.06596375,12.33172607,26.24240494,61.78787231,16.80575562,0.000178611,0.000111399,0.000291772,6.338142395,22.70367432,16.92785645
11.37,21.71810913,13.08350372,1.116485596,10.93302917,13.24748802,28.77871704,10.34613037,70.01344299,37.34845352,14.42591286,56.56460571,27.43091965,14.762146,0.585449219,14.23219299,3.04498291,5.65955E-05,37.68295288,25.99111938,11.84745789,45.66900635,21.93859863,24.19937897,8.528259277,-0.001375742,-0.000948544,3.341705322,-0.000855936,36.55403137,67.96633911,11.56378174,26.72436142,62.58352661,16.13113403,0.000201356,0.000242304,0.00043726,6.081108093,23.14260864,17.28469849
11.38,22.02615356,13.30005646,1.035110474,11.10275269,12.65929985,29.27008057,9.843322754,70.60381317,37.98088837,13.7888279,57.25152588,27.81630707,14.93911743,0.586669922,14.35748291,2.913513184,0.000205936,38.1784668,26.39657593,11.36060333,46.11083984,22.37304688,24.6140976,8.626480103,-0.001358489,-0.00095305,3.401245117,-0.000856687,37.19553375,68.92788696,10.83462524,27.17703247,63.22259521,15.4654541,0.000148285,0.000405464,0.000433482,5.788963318,23.61663818,17.64691162
11.39,22.35305786,13.46672058,0.9790802,11.22328186,12.07710075,29.76263428,9.383178711,71.07270813,38.60731506,13.2412014,57.88058472,28.23605728,15.15048218,0.641723633,14.55625916,2.814331055,0.000256976,38.6960144,26.76306152,10.85670471,46.57434082,22.71459961,25.03371429,8.727127075,-0.001349487,-0.000953801,3.449386597,-0.0008687,37.93096924,69.8678894,10.0642395,27.62116241,63.69369507,14.82662964,0.000169136,0.000268865,0.000246424,5.478012085,24.07614136,18.02667236
11.4,22.70779419,13.56769562,0.903030396,11.40777588,11.50688362,30.27838135,8.934204102,71.39826965,39.33473969,12.62346077,58.5749054,28.71962738,15.47000122,0.672912598,14.77552795,2.779693604,0.000107636,39.25027466,27.16241455,10.3223877,47.0123291,23.13793945,25.56587219,8.896499634,-0.001359239,-0.000950046,3.484863281,-0.000865697,38.82463074,70.64816284,9.359313965,28.17754364,63.97314453,14.14434814,4.02518E-05,6.7763E-05,0.000142504,5.2748909,24.51992798,18.36196899
11.41,23.09155273,13.67475128,0.833648682,11.65499878,10.9761982,30.88919067,8.510253906,71.57683563,40.1763916,12.0069294,59.16210938,29.31734085,15.75506592,0.674133301,15.03334045,2.743835449,0.000160567,39.70782471,27.70788574,9.889083862,47.31622314,23.63537598,26.17021179,9.106430054,-0.001358489,-0.000951548,3.515274048,-0.000863445,39.71580505,71.34567261,8.719787598,28.77785873,64.0871582,13.47097778,-8.86321E-05,1.46423E-05,0.000282325,5.009078979,24.96008301,18.71612549
11.42,23.56365967,13.86209869,0.8203125,11.87268066,10.47426033,31.5378418,8.123840332,71.57804871,41.00601196,11.50282288,59.62127686,29.89664841,16.00085449,0.725646973,15.35139465,2.725921631,0.000243743,40.13116455,28.18637085,9.556808472,47.56268311,24.10070801,26.70970917,9.264770508,-0.001355488,-0.000955303,3.562164307,-0.000869451,40.51922607,72.02871704,7.971221924,29.29153824,64.15356445,12.81936646,3.83556E-05,-4.41708E-05,0.000393804,4.674304962,25.42199707,19.09585571
11.43,24.00799561,14.11148834,0.782958984,12.04364014,9.94716835,32.14862061,7.672363281,71.41527557,41.7226181,10.94673538,60.09646606,30.37162781,16.22698975,0.73638916,15.5718689,2.635070801,0.000168128,40.58877563,28.5223999,9.112548828,47.75164795,24.49926758,27.16112518,9.35559082,-0.001361489,-0.000947793,3.582427979,-0.00085894,41.30657959,72.70343018,7.194793701,29.73566818,64.21496582,12.11016846,0.000210833,-4.03766E-05,0.000357904,4.434822083,25.9165802,19.45135498
11.44,24.34753418,14.25991058,0.700256348,12.20477295,9.370962143,32.72286987,7.200866699,71.20025635,42.39833832,10.29635239,60.51870728,30.85274506,16.40267944,0.719604492,15.66464233,2.451049805,0.000105746,40.9704895,28.94610596,8.59526062,47.91888428,24.89660645,27.64435577,9.441513062,-0.001353238,-0.000940282,3.55581665,-0.000855186,42.17675018,73.43930054,6.49105835,30.17857742,64.14355469,11.40481567,0.000362461,5.63804E-05,0.000556298,4.191581726,26.33013916,19.82437134
11.45,24.76541138,14.35723877,0.644210815,12.40032959,8.785169601,33.29467773,6.773193359,70.99739838,43.14139557,9.687076569,60.88803101,31.38295364,16.64111328,0.777160645,15.83932495,2.366210938,0.000251304,41.31674194,29.46115112,8.217948914,48.17053223,25.3605957,28.23401642,9.593719482,-0.001341236,-0.000944037,3.569763184,-0.000859691,43.17917633,74.18359375,5.818847656,30.73861694,63.95559692,10.72634888,0.000298018,-1.76094E-05,0.000618648,3.949588776,26.7183075,20.18930054
11.46,25.2980957,14.56526947,0.593521118,12.63647461,8.272451401,33.96282959,6.360473633,70.83826447,43.97341919,9.167253494,61.27458191,31.97944641,16.97781372,0.811889648,16.20556641,2.375823975,0.000368508,41.68133545,29.96398926,7.929481506,48.3939209,25.8137207,28.90196991,9.802383423,-0.001341236,-0.00094554,3.644515991,-0.000849179,44.24340057,74.83666992,5.235046387,31.4377594,63.79269409,10.09909058,-9.24245E-05,-0.000199741,0.00020108,3.769039154,27.17539978,20.49093628
11.47,25.81185913,14.82925415,0.541488647,12.83572388,7.885515213,34.78701782,6.006530762,70.67791748,44.89562988,8.711503983,61.62666321,32.60293198,17.29364014,0.809448242,16.59469604,2.354278564,0.000173799,42.02761841,30.48266602,7.56313324,48.53057861,26.27404785,29.60539246,9.992660522,-0.001346487,-0.000950797,3.679992676,-0.000856687,45.25570679,75.41650391,4.691162109,32.05514908,63.61477661,9.56652832,-0.00038241,-0.000190254,7.25947E-05,3.54335022,27.60588074,20.82086182
11.48,26.31173706,15.03850555,0.550827026,12.96733093,7.539312363,35.63439941,5.730163574,70.42888641,45.83466721,8.288393021,61.93565369,33.21414948,17.50378418,0.851379395,16.82481384,2.341125488,2.44593E-05,42.42156982,31.0171814,7.193122864,48.60083008,26.6776123,30.19872284,10.09207153,-0.001350237,-0.000959809,3.686325073,-0.000870202,46.16295624,75.90390015,4.09161377,32.51636124,63.38171387,8.980224609,-0.000107586,3.25963E-06,0.000267208,3.283805847,28.02668762,21.17907715
11.49,26.82046509,15.20881653,0.509475708,13.13214111,7.111646652,36.34518433,5.452575684,70.08753967,46.66549301,7.83506012,62.23355103,33.78240967,17.63525391,0.877746582,16.97299194,2.308868408,3.95821E-05,42.80575562,31.53341675,6.886398315,48.60845947,26.92260742,30.63912964,10.15837097,-0.001355488,-0.000956054,3.724334717,-0.000857438,47.0664978,76.30844116,3.538024902,33.00686264,63.08349609,8.369628906,0.000472391,0.000191081,0.000424035,3.088207245,28.40516663,21.44973755
11.5,27.28878784,15.4496994,0.390731812,13.36584473,6.655233383,36.97427368,5.097412109,69.72068024,47.43981171,7.333372116,62.48962402,34.30525208,17.822052,0.88494873,17.14526367,2.221618652,0.000141663,43.02230835,32.02407837,6.560203552,48.66845703,27.25048828,31.15049744,10.27008057,-0.001371241,-0.000951548,3.724334717,-0.000850681,48.02690125,76.71661377,3.074157715,33.56690216,62.71762085,7.884429932,0.000572843,0.000217641,0.000673443,2.921447754,28.63008881,21.64230347
11.51,27.75460815,15.69178772,0.364059448,13.52203369,6.297052383,37.66439819,4.74597168,69.44007111,48.26221848,6.890920639,62.65827942,34.84283066,18.0874939,0.91003418,17.39344788,2.196563721,0.000457355,43.14953613,32.5184021,6.230361938,48.75915527,27.68249512,31.81600189,10.35844421,-0.001371241,-0.000950797,3.685058594,-0.000863445,48.95763397,77.14517212,2.632019043,34.147686,62.39807129,7.435119629,0.000182401,0.000130372,0.000669666,2.70954895,28.88040161,21.85772705
11.52,28.18002319,15.77694702,0.381393433,13.57000732,6.010744095,38.41418457,4.504577637,69.28337097,49.07380676,6.508911133,62.79614258,35.37181473,18.28167725,0.90411377,17.71873474,2.25390625,0.00048193,43.35140991,32.99447632,5.918769836,48.80511475,28.01660156,32.49741364,10.43455505,-0.001349487,-0.000944037,3.723068237,-0.000864946,49.93410492,77.57736206,2.214172363,34.7845993,62.20388794,6.990875244,1.56127E-05,5.06882E-05,0.000286102,2.502666473,29.28065491,22.14996338
11.53,28.53219604,15.76356506,0.329360962,13.65364075,5.694490433,39.18841553,4.308288574,69.13759613,49.90463638,6.089427948,63.04605103,35.91920853,18.41928101,0.894470215,18.00546265,2.281402588,2.06791E-05,43.64627075,33.47055054,5.640037537,48.87023926,28.24926758,33.08951569,10.57691956,-0.001339735,-0.000947042,3.783889771,-0.000854435,51.04282379,77.99151611,1.858093262,35.43981552,62.08358765,6.631195068,0.000167239,3.36152E-05,0.000246424,2.411136627,29.65673065,22.46102905
11.54,28.98413086,15.88522339,0.257324219,13.82336426,5.39620018,40.02359009,4.084350586,68.90679169,50.88094711,5.753358841,63.40797424,36.60037994,18.58517456,0.931640625,18.20544434,2.252685547,6.79381E-05,43.97540283,34.13531494,5.483032227,48.96600342,28.4708252,33.64614105,10.69969177,-0.001353238,-0.000959058,3.734466553,-0.000851432,52.19728088,78.39248657,1.597595215,36.07307053,61.98208618,6.359771729,0.000370041,0.000253689,0.000677224,2.406124115,29.96024323,22.73977661
11.55,29.59887695,16.25140381,0.246643066,14.04598999,5.208124161,40.92456055,3.893066406,68.72579193,51.94623184,5.592576981,63.74159241,37.39078903,18.75231934,0.959228516,18.44639587,2.257507324,0.000601023,44.28863525,34.9425354,5.382011414,49.13330078,28.82849121,34.33000183,10.77580261,-0.001359989,-0.000956054,3.67364502,-0.000850681,53.3801651,78.83905029,1.42565918,36.79783249,61.95327759,6.13961792,0.000508403,0.000460481,0.000828378,2.339668274,30.2722168,23.00640869
11.56,30.2388916,16.66745758,0.265335083,14.26123047,5.089529037,41.88406372,3.806762695,68.72943878,53.03316116,5.410032272,64.00502014,38.22660828,18.97103882,0.94720459,18.79216003,2.325592041,0.000549984,44.59451294,35.66213989,5.255432129,49.38360596,29.25170898,35.13008118,10.91079712,-0.001347237,-0.000943286,3.723068237,-0.000853684,54.59147644,79.31323242,1.289978027,37.62874603,61.97207642,5.910461426,0.000298018,0.000202464,0.000316333,2.194225311,30.59992981,23.26629639
11.57,30.80438232,16.91320801,0.241317749,14.44941711,4.969736099,42.88995361,3.773010254,68.78775024,54.16818237,5.174301147,64.30664063,39.0918808,19.21929932,0.930480957,19.1572113,2.371002197,7.17184E-05,44.87591553,36.36828613,5.167800903,49.58789063,29.57104492,35.8848877,11.0556488,-0.001350237,-0.000944037,3.773757935,-0.000853684,55.81886292,79.75982666,1.157958984,38.44990158,61.99212646,5.701812744,-6.58892E-05,-0.000114366,0.000165179,2.106456757,30.93851471,23.53561401
11.58,31.31692505,17.04824066,0.230636597,14.61300659,4.901453018,43.8994751,3.740478516,68.79382324,55.32003784,5.05824852,64.64395142,39.94242859,19.43310547,0.940002441,19.49693298,2.393707275,4.90341E-05,45.14996338,37.12561035,5.093551636,49.75640869,29.84460449,36.58708954,11.14648438,-0.001359989,-0.000957556,3.753479004,-0.000844674,57.070961,80.14038086,1.065917969,39.2417717,62.1098938,5.582763672,-0.000124643,-0.000159899,0.000424035,2.092666626,31.29160309,23.83456421
11.59,31.86224365,17.24897003,0.249328613,14.7322998,4.882284164,44.90042114,3.697937012,68.81446838,56.45505905,4.995384216,64.94062805,40.76597595,19.62359619,0.999938965,19.78367615,2.448699951,0.000118978,45.49255371,37.87930298,4.993743896,49.89691162,30.06860352,37.2599411,11.24346924,-0.001350987,-0.000950797,3.736999512,-0.000847677,58.26373291,80.45010376,1.027160645,39.96287155,62.30410767,5.491851807,0.000133123,-3.46843E-05,0.000231311,2.098934174,31.62776947,24.10388184
11.6,32.45678711,17.55797577,0.230636597,14.92172241,4.834367752,45.89529419,3.690490723,68.8764267,57.58887863,4.890213013,65.24345398,41.62633896,19.72189331,1.046630859,19.98606873,2.474945068,2.25687E-05,45.80822754,38.68652344,4.965744019,49.97094727,30.24194336,37.8385849,11.30358887,-0.001347987,-0.000935776,3.725601196,-0.000850681,59.3662796,80.73461914,0.968994141,40.62296677,62.45446777,5.34463501,0.000417424,0.000242304,0.000452377,2.122756958,31.86840057,24.30587769
11.61,33.05892944,17.89373779,0.226638794,15.17753601,4.78405571,46.84020996,3.709228516,68.93716431,58.68061829,4.832185745,65.51060486,42.55912018,19.75997925,1.028686523,20.12944031,2.459411621,0.000334481,46.04434204,39.45236206,5.004699707,50.12420654,30.4498291,38.38542938,11.33796692,-0.001355488,-0.000939531,3.677459717,-0.000851432,60.48242188,81.06112671,0.851501465,41.39287567,62.5947876,5.206390381,0.000713099,0.000468072,0.00104,2.105201721,32.07396698,24.52270508
11.62,33.63961792,18.15408325,0.257324219,15.32881165,4.722959518,47.74972534,3.612915039,69.0404129,59.72305679,4.814052582,65.71987915,43.50785446,19.89147949,1.028686523,20.32582092,2.482116699,0.000566997,46.3147583,40.12078857,4.960884094,50.39233398,30.67382813,39.09130859,11.44107056,-0.001353988,-0.000950797,3.683792114,-0.000856687,61.83093262,81.48132324,0.776428223,42.35434723,62.85543823,5.153900146,0.000565263,0.000194876,0.00085672,2.055046082,32.35088348,24.76776123
11.63,34.15335083,18.31710052,0.238647461,15.42599487,4.658269882,48.81411743,3.527893066,69.27972412,60.92420959,4.740310669,66.02272034,44.43695068,20.12496948,1.040649414,20.73060608,2.539489746,0.000213496,46.64508057,40.89273071,4.917068481,50.65667725,30.98937988,40.05286407,11.55523682,-0.001350237,-0.00095305,3.712936401,-0.000860441,63.49586487,81.94711304,0.823669434,43.45247269,63.30526733,5.132141113,-0.00021941,-0.000302188,0.00011605,2.073856354,32.69672394,25.00341797
11.64,34.66589355,18.4801178,0.201293945,15.57234192,4.712179184,50.18453979,3.599182129,69.58705902,62.39949799,4.737892151,66.45605469,45.51210403,20.37319946,1.039428711,21.29081726,2.602844238,-0.000283672,47.04638672,41.88745117,5.039993286,50.90948486,31.33227539,41.1171875,11.68045044,-0.001356238,-0.000947042,3.664794922,-0.000871704,65.21643066,82.37567139,0.966552734,44.58232117,63.86663818,5.162872314,-0.000679979,-0.000429301,-0.000447009,2.180435181,33.12116241,25.31988525
11.65,35.35510254,18.7733078,0.249328613,15.77282715,4.817598343,51.73532104,3.684204102,69.90411377,63.9421196,4.850318909,66.89183044,46.85971832,20.5821228,1.071777344,21.78475952,2.730682373,-0.000510517,47.49786377,42.97961426,5.199440002,51.13549805,31.45227051,42.01268768,11.82037354,-0.001357739,-0.000950046,3.666061401,-0.000876959,66.71821594,82.65658569,1.150695801,45.58527374,64.36032104,5.26272583,-0.000312282,-0.000228198,-0.000193823,2.308322906,33.45854187,25.63632202
11.66,36.19204712,19.26113892,0.317352295,16.02865601,4.877496719,53.15820313,3.809265137,70.21266174,65.3813324,4.932523727,67.2328186,48.2527504,20.7086792,1.104125977,22.0582428,2.856170654,-0.000177811,47.86001587,43.94387817,5.310195923,51.23126221,31.49560547,42.6292572,11.87438965,-0.001353238,-0.000956054,3.701522827,-0.000871704,67.90356445,82.73703003,1.191833496,46.35884476,64.70614624,5.289581299,0.000584215,0.000202464,0.000669666,2.338413239,33.54319,25.74539185
11.67,36.93936157,19.8110199,0.329360962,16.27342224,4.958955765,54.29696655,3.916809082,70.37543488,66.56806183,4.992967606,67.42733765,49.36349487,20.75048828,1.104125977,22.11364746,2.865692139,0.000368508,48.04846191,44.62939453,5.37348938,51.30023193,31.63549805,43.07211304,11.87928772,-0.00136374,-0.000948544,3.662261963,-0.000869451,68.92947388,82.76461792,1.040466309,47.02503967,64.93670654,5.196136475,0.001156611,0.000566725,0.001262955,2.279483795,33.51296234,25.76425171
11.68,37.40386963,20.07501221,0.37739563,16.39025879,4.926610947,55.30523682,3.816772461,70.46047211,67.45659637,4.983295441,67.44456482,50.19195175,20.78118896,1.09576416,22.17510986,2.847808838,0.000661516,48.06311035,45.09448242,5.276115417,51.51983643,31.71838379,43.61161041,11.91244507,-0.001372741,-0.000947042,3.619171143,-0.000859691,70.11483765,82.87866211,0.899963379,47.81568909,65.16351318,5.050201416,0.000686564,0.000432026,0.00115715,2.250648499,33.54197693,25.80331421
11.69,37.58187866,19.88523865,0.413421631,16.36688232,4.78166008,56.41351318,3.679199219,70.74958801,68.39924622,4.892631531,67.42979431,51.03145218,20.86599731,1.094543457,22.4546051,2.914703369,0.000540532,48.10595703,45.70202637,5.167800903,51.84161377,31.79760742,44.43737793,11.96890259,-0.00136524,-0.000944037,3.621704102,-0.000853684,71.59807587,83.16317749,0.924194336,48.8625679,65.59204102,4.981079102,-0.000134122,-7.07321E-05,0.000339009,2.30581665,33.74512482,25.89486694
11.7,37.79898071,19.6504364,0.312026978,16.33491516,4.799627304,57.74609375,3.669189453,71.32052612,69.72664642,4.943403244,67.57136536,52.15814972,21.02575684,1.090942383,22.90397644,3.047363281,-1.33486E-05,48.39346313,46.71017456,5.298027039,52.20043945,32.03271484,45.45887756,12.0609436,-0.001355488,-0.000941784,3.664794922,-0.00084993,73.37673187,83.54495239,1.159179688,50.07904816,66.27618408,5.148773193,-0.000327446,-0.000269936,-2.18786E-05,2.481349945,34.10063934,26.13189697
11.71,38.43899536,19.94119263,0.301345825,16.42715454,4.978120804,59.37493896,3.779296875,71.99471283,71.40873718,5.138034821,67.83235168,53.66900635,21.21252441,1.077758789,23.40032959,3.178771973,-0.000164579,48.78866577,47.93380737,5.604743958,52.56695557,32.27905273,46.47182465,12.14198303,-0.001347987,-0.000956054,3.681259155,-0.000851432,75.20852661,83.80541992,1.528625488,51.22232056,67.01422119,5.440643311,-9.81074E-05,-4.9863E-05,0.000193521,2.764717102,34.40537262,26.42544556
11.72,39.42993164,20.69910431,0.485458374,16.66207886,5.197343826,61.1550293,4.008117676,72.65918732,73.15455627,5.352006912,68.11056519,55.3651886,21.35632324,1.088562012,23.82080078,3.34967041,7.73901E-05,49.12756348,49.10266113,5.918769836,52.80444336,32.35949707,47.29391479,12.1714325,-0.001342736,-0.000950797,3.633117676,-0.000861192,76.71525574,83.85705566,1.812011719,52.20697021,67.60687256,5.591705322,0.000212729,0.000115193,0.000246424,2.972854614,34.55289459,26.6328125
11.73,40.34765625,21.40956879,0.596176147,16.94619751,5.408182144,62.73272705,4.215698242,73.28964996,74.63345337,5.62279892,68.27922058,56.87481689,21.45092773,1.114868164,24.03523254,3.55758667,0.000196484,49.35635376,50.01824951,6.095245361,52.9385376,32.36938477,47.88234711,12.19721985,-0.001349487,-0.000935776,3.591308594,-0.000850681,77.89937592,83.78863525,1.881103516,53.076931,68.06674194,5.603240967,0.000589902,0.0002461,0.000597864,2.981632233,34.57949066,26.65029907
11.74,40.90686035,21.74047089,0.650894165,17.12452698,5.492036819,64.01165771,4.291992188,73.85451508,75.7877121,5.799295425,68.28167725,58.07761383,21.49639893,1.134094238,24.12800598,3.613769531,0.000368508,49.4432373,50.67327881,6.111068726,53.13006592,32.39782715,48.41329193,12.19966125,-0.001354738,-0.000943286,3.57989502,-0.000838668,79.09091187,83.74060059,1.895568848,53.89198303,68.45770264,5.64163208,0.000739634,0.000371315,0.000892621,2.950283051,34.53475952,26.56143188
11.75,41.1416626,21.66625977,0.724258423,17.13560486,5.451307297,65.27593994,4.295715332,74.42666626,76.8445816,5.811384201,68.23612976,59.15153503,21.52587891,1.152038574,24.30630493,3.592224121,0.000502724,49.47259521,51.29544067,6.160972595,53.36883545,32.43994141,49.09714508,12.18492126,-0.001353238,-0.000947042,3.606491089,-0.000848428,80.47650909,83.74542236,2.02520752,54.88029861,68.83233643,5.750427246,0.000277169,0.00016452,0.000722568,3.039306641,34.56377411,26.61529541
11.76,41.34362793,21.48377991,0.680236816,17.04827881,5.464483261,66.74511719,4.322021484,75.07899475,78.04813385,5.926229477,68.19181824,60.32610321,21.62667847,1.125671387,24.66412354,3.730865479,0.000444123,49.56069946,52.06130981,6.341117859,53.63830566,32.51916504,49.95716858,12.24015808,-0.001357739,-0.000950797,3.650848389,-0.000847677,82.03885651,83.77902222,2.274719238,56.05773163,69.31976318,5.929656982,-9.81074E-05,-6.12456E-05,0.000618648,3.204814911,34.72460938,26.76208496
11.77,41.78289795,21.57867432,0.677566528,17.06427002,5.604642868,68.36669922,4.439575195,75.81027985,79.5065918,6.182510376,68.18688965,61.7424469,21.76306152,1.106506348,25.11950684,3.930419922,0.000345823,49.76989746,53.09011841,6.567504883,53.92175293,32.64660645,50.84654236,12.34819031,-0.001355488,-0.000959809,3.658447266,-0.000842422,83.73222351,83.8666687,2.606567383,57.16317749,69.9312439,6.220245361,2.50898E-05,8.67359E-05,0.000454266,3.415458679,34.90115356,26.89135742
11.78,42.49362183,21.98742676,0.793624878,17.26106262,5.83344841,70.09674072,4.65838623,76.57436371,81.19108582,6.494403839,68.28291321,63.43372345,21.8527832,1.137695313,25.42671204,4.084564209,0.000251304,50.08435059,54.30403137,6.863265991,54.15545654,32.74182129,51.645401,12.40219116,-0.001353238,-0.000951548,3.616638184,-0.000852182,85.47997284,83.91830444,2.98815918,58.23567963,70.60534668,6.545410156,0.000332136,0.000413053,0.000236977,3.673748016,35.13694763,27.10144043
11.79,43.36209106,22.5506897,0.863006592,17.47384644,6.129343033,71.9072876,4.916015625,77.28620911,82.9549408,6.869159698,68.42570496,65.26369476,21.89578247,1.156860352,25.61346436,4.256622314,0.00022673,50.36941528,55.46556091,7.228416443,54.34057617,32.74926758,52.40509796,12.36169434,-0.00136824,-0.000944037,3.574829102,-0.000851432,87.16963196,83.85705566,3.409667969,59.42165375,71.20181274,6.830871582,0.000739634,0.0005838,0.00068856,3.957115173,35.36912537,27.32092285
11.8,44.19525146,23.16261292,0.987091064,17.67431641,6.433618546,73.75561523,5.152404785,77.9203186,84.71278381,7.23787117,68.47741699,67.06420135,21.98550415,1.176025391,25.92308044,4.431121826,0.000548094,50.53460693,56.54309082,7.576515198,54.47845459,32.78283691,53.24921417,12.35186768,-0.00136449,-0.00094554,3.620437622,-0.000853684,88.77771759,83.77423096,3.781494141,60.62715149,71.55014038,7.132995605,0.000646763,0.000422539,0.000928521,4.205371857,35.40055847,27.38153076
11.81,44.84533691,23.61030579,1.188537598,17.86250305,6.682786942,75.65637207,5.403808594,78.44145203,86.44417572,7.598117828,68.34692383,68.76651764,22.17965698,1.152038574,26.39775085,4.594818115,0.000653955,50.61166382,57.55366516,7.890533447,54.63049316,32.88293457,54.17163086,12.48321533,-0.001343486,-0.00094554,3.645782471,-0.000865697,90.40680695,83.67098999,4.142456055,61.76187897,71.66793823,7.500396729,4.40422E-05,0.000170212,0.000322003,4.395954132,35.34494019,27.37750244
11.82,45.32250977,23.76724243,1.241897583,17.9510498,6.899614334,77.56201172,5.69140625,78.91763306,88.09380341,7.949905396,68.11302185,70.45902252,22.32220459,1.098144531,26.86038208,4.760925293,0.000243743,50.5541687,58.51429749,8.175346375,54.78753662,32.94116211,55.05489349,12.57403564,-0.001347987,-0.000955303,3.564682007,-0.000864946,92.04702759,83.44049072,4.628173828,62.86488724,71.67919922,7.880615234,-0.000253528,0.000156932,0.000204857,4.61913681,35.37637329,27.39904785
11.83,45.75170898,23.82806396,1.231231689,17.97195435,7.181127548,79.43109131,5.981567383,79.37560272,89.73020935,8.330703735,67.86682129,72.21780396,22.33081055,1.168823242,27.09289551,4.931793213,9.06223E-05,50.43304443,59.48713684,8.483283997,54.75939941,32.92883301,55.79747009,12.55685425,-0.001353238,-0.000963564,3.529205322,-0.000866448,93.58959961,83.08755493,5.088439941,63.93251038,71.66915894,8.221130371,2.88785E-05,0.000291632,0.000663996,4.918800354,35.4440918,27.4569397
11.84,46.27935791,24.03001404,1.336624146,18.0088501,7.518949509,81.25256348,6.251708984,79.53594971,91.40509033,8.794916153,67.59230042,73.96308136,22.34555054,1.240661621,27.21456909,5.076385498,0.000194593,50.42080688,60.44900513,8.825294495,54.57043457,32.86193848,56.42260742,12.57650757,-0.001353988,-0.000965817,3.581161499,-0.000864196,95.11362457,82.67098999,5.501464844,64.92204285,71.49377441,8.574432373,0.000442063,0.000297323,0.000777364,5.189628601,35.4622345,27.55386353
11.85,46.90670776,24.40470886,1.443344116,18.10479736,7.805253983,83.06195068,6.520568848,79.34644318,93.06793976,9.230113983,67.18235779,75.73290253,22.38119507,1.173583984,27.431427,5.203033447,0.000281551,50.36697388,61.43399048,9.166099548,54.3661499,32.75427246,57.10279465,12.57527161,-0.001351738,-0.000977083,3.592559814,-0.00084993,96.6623764,82.2052002,6.025970459,65.91035461,71.04769897,8.978942871,0.000515983,0.000225231,0.000779256,5.357643127,35.44530487,27.55523682
11.86,47.52148438,24.78184128,1.530059814,18.22532654,8.083177567,84.94561768,6.826965332,79.04761505,94.73561096,9.660478592,66.61361694,77.60582733,22.3861084,1.130493164,27.68321228,5.40020752,0.000457355,50.1394043,62.45187378,9.516639709,54.12860107,32.67749023,57.86494827,12.54214478,-0.001339735,-0.000977083,3.529205322,-0.000848428,98.19629669,81.74182129,6.580688477,66.96089172,70.4675293,9.374511719,0.000214623,0.000103811,0.00047316,5.568286896,35.40055847,27.49462891
11.87,48.10217285,25.0531311,1.646133423,18.32618713,8.442560196,86.90368652,7.174560547,78.64916992,96.46459198,10.1307354,66.00917053,79.52539063,22.43280029,1.171203613,27.97235107,5.581848145,0.000236182,49.89224243,63.43807983,9.895172119,53.83239746,32.62426758,58.61486435,12.5728302,-0.001352488,-0.000958307,3.477264404,-0.000855936,99.78954315,81.23760986,7.10760498,68.05169678,69.75582886,9.748321533,0.00017482,-4.9863E-05,0.000159509,5.92061615,35.32437897,27.51751709
11.88,48.66644287,25.31347275,1.72618103,18.39259338,8.842672348,88.89709473,7.531005859,78.04665375,98.25730133,10.58769417,65.34194946,81.51245117,22.51144409,1.189147949,28.33378601,5.697753906,2.25687E-05,49.60229492,64.38166809,10.31629944,53.49523926,32.53283691,59.43206787,12.61576843,-0.001373491,-0.00095305,3.450668335,-0.000860441,101.4001007,80.58456421,7.629669189,69.18765259,68.91503906,10.18356323,0.000364354,-0.000106778,0.000730127,6.249118805,35.26754761,27.51751709
11.89,49.1574707,25.61396027,1.794219971,18.41351318,9.178091049,91.01000977,7.841186523,77.21453857,99.99229431,11.09663773,64.55900574,83.47129059,22.53970337,1.191589355,28.6723175,5.885345459,0.000430889,49.22665405,65.23638916,10.72890472,53.07128906,32.4597168,60.27618408,12.62193298,-0.001370491,-0.00096056,3.403778076,-0.00086795,102.9241257,79.80184937,8.143249512,70.28943634,68.03039551,10.61114502,0.000271482,-0.000150414,0.000832159,6.462272644,35.19256592,27.41519165
11.9,49.61315918,25.87308121,1.886276245,18.46516418,9.448827744,93.27282715,8.121276855,76.17349243,101.5938339,11.61645699,63.73913574,85.30125427,22.54956055,1.215515137,28.9723053,6.113586426,0.000442232,48.88531494,66.03633118,11.04049683,52.51715088,32.37060547,61.01264191,12.62559509,-0.00136824,-0.000963564,3.389846802,-0.00086795,104.3356781,78.95669556,8.644714355,71.22650146,67.01922607,10.95166016,-3.36673E-05,-0.000245273,0.000136837,6.647838593,35.03175354,27.3343811
11.91,50.07519531,26.02394104,1.966308594,18.52912903,9.767477036,95.46868896,8.407714844,74.98545837,103.1653137,12.04440308,62.81091309,87.2011795,22.55935669,1.240661621,29.18434143,6.279693604,1.87885E-05,48.5390625,66.85816956,11.33748627,51.91186523,32.18505859,61.60719299,12.62437439,-0.00136599,-0.000956805,3.392379761,-0.000860441,105.6162109,78.08035278,9.100097656,72.04033661,65.8326416,11.2857666,1.18203E-05,-0.000169385,0.000133056,6.872272491,34.83342743,27.28994751
11.92,50.49932861,26.140728,2.019683838,18.53404236,10.10050392,97.4206543,8.692810059,73.72332001,104.7295685,12.43245697,61.71406555,89.22261047,22.50039673,1.243103027,29.23614502,6.389648438,0.000160567,48.09616089,67.62646484,11.6940918,51.32958984,31.96838379,62.03292084,12.5556488,-0.001356989,-0.000950797,3.330291748,-0.00085894,106.8646088,77.18121338,9.545837402,72.83464813,64.58587646,11.61349487,0.000502717,1.46423E-05,0.000692338,7.102977753,34.67623901,27.1862793
11.93,50.89065552,26.35119247,2.122406006,18.53773499,10.31373787,99.31652832,8.936706543,72.41016388,106.2036591,12.82896996,60.60734558,91.12129974,22.37750244,1.217956543,29.29516602,6.504364014,0.000438452,47.58963013,68.2875824,12.01299286,50.65283203,31.74194336,62.52226257,12.45622253,-0.001356238,-0.000962813,3.270751953,-0.000851432,108.1587372,76.1763916,10.06304932,73.65702057,63.31781006,11.91943359,0.000678983,8.8634E-05,0.00072635,7.32490921,34.51177979,27.02062988
11.94,51.26934814,26.59693146,2.273162842,18.53773499,10.51139641,101.3843384,9.125549316,71.00589752,107.6007996,13.26658821,59.53511047,92.85308075,22.31359863,1.204772949,29.4987793,6.723022461,0.000302345,47.03292847,68.88539124,12.34039307,49.86114502,31.50183105,63.24404907,12.40219116,-0.00136374,-0.000971825,3.244125366,-0.000852933,109.4281387,75.03955078,10.58752441,74.59408569,61.9883728,12.24459839,0.000328343,2.03345E-05,0.00034279,7.596988678,34.25299835,26.8374939
11.95,51.5925293,26.67965698,2.339874268,18.5020752,10.82405663,103.5618286,9.396911621,69.47529602,108.9654694,13.7259655,58.37054443,94.60081482,22.31729126,1.20715332,29.81201172,6.963195801,8.30609E-05,46.44076538,69.43572998,12.70433044,49.06304932,31.26538086,63.93769455,12.3531189,-0.00136599,-0.000965066,3.179519653,-0.000864196,110.6357422,73.865448,11.05990601,75.56410217,60.65139771,12.58383179,-5.83064E-05,-0.000108674,0.000119831,7.850261688,33.95069885,26.65301514
11.96,51.80334473,26.62977982,2.371887207,18.42581177,11.14390755,105.6869507,9.745849609,67.86452484,110.2760315,14.15270424,57.12718201,96.31663513,22.23251343,1.171203613,30.09994507,7.112579346,-5.49359E-05,45.81924438,69.92883301,13.03417206,48.23815918,31.00549316,64.46617889,12.30769348,-0.001359239,-0.000965066,3.112365723,-0.00084993,111.7395172,72.67459106,11.54684448,76.34254456,59.32946777,12.90386963,0.000106588,-0.000127647,0.000403251,8.0583992,33.67378998,26.45504761
11.97,51.99645996,26.63829422,2.453277588,18.33357239,11.42422676,107.6181641,9.998413086,66.24525452,111.5000305,14.58790016,55.89245605,97.86063385,22.09240723,1.128112793,30.2336731,7.254760742,0.00012654,45.13772583,70.38908386,13.34454346,47.39282227,30.73449707,64.89558411,12.24508667,-0.001356238,-0.000966568,3.079421997,-0.000843172,112.6974487,71.46212769,12.003479,76.94041443,57.98245239,13.1867981,0.000370041,-0.000283217,0.000937968,8.264026642,33.37148285,26.23959351
11.98,52.25521851,26.74048233,2.549316406,18.28929138,11.67938805,109.2787476,10.2197876,64.70129395,112.6482773,15.00375557,54.64416504,99.34080505,22.02233887,1.135314941,30.29994202,7.422058105,0.000423329,44.40853882,70.8931427,13.61474609,46.55004883,30.44372559,65.27971649,12.14689636,-0.001361489,-0.000959058,3.036346436,-0.000861943,113.6009903,70.20159912,12.38504028,77.5358429,56.70562744,13.41079712,0.000318866,-0.000209225,0.000934191,8.449596405,33.00870514,26.02279663
11.99,52.47616577,26.8292923,2.653381348,18.23271179,11.85667992,110.7783813,10.48620605,63.16704559,113.802536,15.34708214,53.3651123,100.829567,21.89578247,1.136474609,30.33607483,7.575012207,0.000326919,43.67932129,71.46780396,13.89225769,45.66131592,30.11071777,65.67730713,12.08305359,-0.001361489,-0.000956805,2.978057861,-0.000860441,114.6145401,68.92190552,12.84048462,78.192276,55.59671021,13.6361084,0.000417424,0.000390286,0.000612982,8.695346832,32.71244049,25.81945801
12,52.66299438,26.8572731,2.72543335,18.09127808,12.04116249,112.2231445,10.72875977,61.60972595,115.0048904,15.71216774,52.09098816,102.2729187,21.69546509,1.10534668,30.34692383,7.716003418,0.00017947,43.02963257,72.05223083,14.22452545,44.77642822,29.81237793,66.1434021,11.99836731,-0.001362239,-0.000952299,2.946380615,-0.000848428,115.7566376,67.74542236,13.40975952,78.91094208,54.56671143,13.97918701,0.000542518,0.000642613,0.000544962,9.018836975,32.49599457,25.62689209
12.01,52.97351074,26.93391418,2.773452759,17.99287415,12.29991722,113.6801147,11.00390625,60.15444183,116.2324982,16.16187096,50.85624695,103.6156235,21.59591675,1.110107422,30.52281189,7.914398193,0.000289111,42.40444946,72.61109924,14.61037445,43.95666504,29.56738281,66.76364136,11.88542175,-0.001355488,-0.000950046,2.903305054,-0.000857438,116.9333344,66.57855225,13.99478149,79.73575592,53.49411011,14.38116455,0.000320762,0.000361828,0.000686668,9.3097229,32.17554474,25.43432617
12.02,53.40270996,27.13343048,2.908187866,17.97073364,12.63175011,115.1845703,11.35406494,58.7428894,117.4564972,16.68773842,49.66952515,104.7828293,21.55783081,1.134094238,30.8890686,8.177276611,0.000357166,41.71194458,73.13098145,15.04244995,43.16241455,29.30871582,67.45606995,11.82528687,-0.001351738,-0.000962062,2.823486328,-0.000856687,117.9963303,65.32406616,14.54949951,80.54470825,52.35641479,14.69223022,0.000169136,0.000156932,0.00089829,9.556728363,31.82124329,25.24313354
12.03,53.73468018,27.33781052,3.074966431,17.91047668,13.03066063,116.4891968,11.73175049,57.31311798,118.563858,17.2269001,48.5123291,105.7155991,21.46322632,1.101745605,31.18301392,8.397155762,0.000345823,41.01333618,73.61558533,15.40637207,42.34259033,29.03149414,67.96743011,11.77986145,-0.001371241,-0.000961311,2.765197754,-0.000850681,118.8331223,64.09117126,15.04129028,81.1193924,51.21987915,14.88168335,0.000216519,0.000113297,0.000820823,9.783672333,31.57456207,25.04110718
12.04,53.93539429,27.39985657,3.169677734,17.81083679,13.32176018,117.3670044,12.06945801,55.93193054,119.5401764,17.6717701,47.34899902,106.4839249,21.3354187,1.080200195,31.20471191,8.538146973,0.000249414,40.34283447,74.18539429,15.68144989,41.50616455,28.7121582,68.27326965,11.72955322,-0.001374242,-0.000952299,2.734786987,-0.00086795,119.6587982,62.93031311,15.54879761,81.54521942,50.16110229,15.07369995,0.00041174,0.000183493,0.000622429,10.05700684,31.32788086,24.86068726
12.05,54.20935059,27.41566467,3.247070313,17.74195862,13.50384331,117.9437256,12.35205078,54.53131104,120.57901,18.05619621,46.16349792,107.2141953,21.1953125,1.100524902,31.12278748,8.650482178,0.000238072,39.73596191,74.90496826,16.01737976,40.67108154,28.35949707,68.62069702,11.63993835,-0.001360739,-0.000953801,2.691711426,-0.000866448,120.672348,61.81507874,16.13870239,82.11014557,49.13739014,15.45007324,0.000766169,0.000375109,0.0010041,10.42688751,31.07514954,24.74755859
12.06,54.67385864,27.64924622,3.375137329,17.74565125,13.79614449,118.4240723,12.70471191,53.12583542,121.6935883,18.51315498,45.05679321,107.8683624,21.03555298,1.065795898,31.22036743,8.80581665,0.00058023,39.23925781,75.66714478,16.48110962,39.90368652,28.09338379,69.17733002,11.50614929,-0.00136374,-0.000955303,2.630889893,-0.000851432,121.7946625,60.78263855,16.76004028,82.85931396,48.1612854,15.89300537,0.000841983,0.000521192,0.001162816,10.7930069,30.87926483,24.6640625
12.07,55.23306274,28.11396408,3.527236938,17.79115295,14.16750526,118.9227295,13.09240723,51.84912491,122.797348,19.06803322,44.08551025,108.3715668,20.94586182,1.032226563,31.53842163,9.038818359,0.000625599,38.77310181,76.37211609,16.95336151,39.22180176,27.89782715,69.91500854,11.44844055,-0.00136824,-0.000956805,2.59034729,-0.000863445,122.9219208,59.79705811,17.4347229,83.66094208,47.25909424,16.22967529,0.000440169,0.000422539,0.000681002,11.11273575,30.64950562,24.5375061
12.08,55.74560547,28.54462814,3.652618408,17.81083679,14.55204201,119.4555054,13.49261475,50.64408112,123.8950958,19.66280937,43.11174011,108.6882248,20.93725586,1.059814453,31.97212219,9.334014893,0.000300454,38.27145386,77.02958679,17.39274597,38.53485107,27.66149902,70.66371155,11.46072388,-0.001368991,-0.000952299,2.557403564,-0.000861192,123.9404144,58.74783325,18.13119507,84.38936615,46.31433105,16.61499023,-0.000160657,3.55113E-05,0.00020108,11.44750977,30.40524292,24.36782837
12.09,56.18490601,28.75995636,3.768692017,17.78747559,15.01204872,119.8676147,14.01409912,49.41960144,124.872612,20.27933693,42.12814331,108.8453293,20.87460327,1.082580566,32.29138184,9.602844238,3.01311E-05,37.75637817,77.6809845,17.85648346,37.8248291,27.359375,71.18852997,11.38951111,-0.001362239,-0.000944789,2.495330811,-0.000848428,124.7475433,57.70222473,18.7355957,84.86155701,45.35076904,17.05282593,-7.1574E-05,-0.000116264,0.000305001,11.77099609,30.18758392,24.22238159
12.1,56.58502197,28.84511185,3.883422852,17.73950195,15.4373188,119.9578857,14.52557373,48.20848465,125.6517334,20.82817268,41.22702026,108.9017868,20.75662231,1.067016602,32.31790161,9.766540527,3.95821E-05,37.2265625,78.25079346,18.27761078,37.05609131,27.00183105,71.45889282,11.27659607,-0.001353238,-0.000955303,2.447174072,-0.000861943,125.3371353,56.71063232,19.29885864,85.16415405,44.46362305,17.39971924,0.000641076,0.000136063,0.001057003,12.05311203,29.93726349,24.06887817
12.11,56.9486084,29.07260895,4.000839233,17.71614075,15.73680305,119.7713013,14.88702393,47.03016663,126.2817688,21.25491142,40.32466125,108.7729187,20.65093994,1.009521484,32.24560547,9.89440918,0.000472479,36.68945313,78.73538208,18.63301849,36.26953125,26.70593262,71.71212769,11.21278381,-0.001362239,-0.000954552,2.426895142,-0.000869451,125.8537979,55.68302917,19.8911438,85.49481201,43.58276367,17.73513794,0.000950018,0.000339061,0.001176041,12.36280441,29.68332672,23.89245605
12.12,57.34875488,29.41810989,4.148925781,17.71859741,16.03508949,119.5201416,15.24212646,45.86156845,126.8504791,21.7142849,39.354599,108.4979858,20.50717163,0.990356445,32.26850891,10.03063965,0.000657735,36.16091919,79.2333374,19.06023407,35.54040527,26.45227051,72.07669067,11.12438965,-0.00136674,-0.000940282,2.382553101,-0.000863445,126.5200195,54.6638031,20.51974487,85.89746094,42.68557739,18.17166138,0.000635389,0.000268865,0.000573304,12.72140121,29.43906403,23.73223877
12.13,57.75775146,29.60059357,4.283660889,17.69030762,16.43759727,119.3445435,15.69360352,44.75006104,127.4961395,22.25224113,38.42391968,108.2758408,20.3621521,1.025085449,32.40945435,10.20031738,0.00037985,35.63848877,79.70332336,19.60551453,34.8291626,26.10083008,72.55501556,11.00532532,-0.001356989,-0.000946291,2.344558716,-0.000863445,127.2987213,53.72143555,21.24291992,86.45506287,41.86361694,18.68884277,0.000135019,-4.32879E-06,0.000450488,13.08375931,29.2044754,23.58410645
12.14,58.05819702,29.69182968,4.378387451,17.65093994,16.92994881,119.3360596,16.19891357,43.72359085,128.1838989,22.80228615,37.6126709,108.0487823,20.28717041,1.014282227,32.68052673,10.4225769,0.000196484,35.14541626,80.11972046,20.11914825,34.15112305,25.77770996,73.09819031,10.91816711,-0.001360739,-0.000955303,2.355941772,-0.000858189,127.9142685,52.80307007,22.01205444,86.98826599,41.10803223,19.21624756,-8.29455E-05,-0.000110572,0.000573304,13.37339401,29.00736237,23.43597412
12.15,58.3598938,29.87674713,4.491790771,17.60176086,17.43787193,119.3238525,16.72662354,42.70926285,128.727356,23.39947701,36.81002808,107.7444,20.21835327,0.985595703,32.94918823,10.64245605,0.000109526,34.66824341,80.49838257,20.5147171,33.48712158,25.53393555,73.50189209,10.88871765,-0.00136524,-0.000953801,2.349609375,-0.000862694,128.3135071,51.87149048,22.65884399,87.29207611,40.28103638,19.71548462,0.000258217,0.000120884,0.000677224,13.59407043,28.75222778,23.27975464
12.16,58.73352051,30.11275864,4.613189697,17.57345581,17.85835075,119.0483398,17.25811768,41.7350235,129.1229248,23.98336601,35.97044373,107.4167023,20.10775757,0.992736816,33.01664734,10.81930542,0.000181361,34.13848877,80.8478241,20.92002106,32.77587891,25.24804688,73.6743927,10.85435486,-0.00136374,-0.000954552,2.296401978,-0.000869451,128.7127533,50.91830444,23.25357056,87.52878571,39.40393066,20.18914795,0.000658134,0.000339061,0.000956863,13.90251541,28.3979187,23.10876465
12.17,59.05038452,30.27820969,4.715927124,17.56854248,18.19497108,118.7178955,17.75335693,40.79601669,129.4980621,24.48142815,35.14442444,107.1074142,19.98242188,0.989135742,32.89015198,10.97344971,0.000470588,33.58666992,81.2325592,21.37036896,32.06079102,24.91137695,73.85055542,10.73161316,-0.001371241,-0.000946291,2.243179321,-0.000864196,129.1811981,49.98432922,24.01544189,87.79721832,38.61578369,20.74090576,0.000580426,0.00035424,0.000609204,14.34135437,28.13067627,22.9336853
12.18,59.3192749,30.37553024,4.819976807,17.4836731,18.6010685,118.5484619,18.23858643,39.82177734,129.9597778,25.01938057,34.33439636,106.9269867,19.83126831,0.954406738,32.88894653,11.15270996,0.00037796,33.12542725,81.60879517,21.8547821,31.35974121,24.60571289,74.26159668,10.65058899,-0.001357739,-0.000949295,2.205169678,-0.000862694,129.6657257,49.1211853,24.8500061,88.1583786,37.87149048,21.42578125,0.000409845,0.000240408,0.000484496,14.71875763,27.97106934,22.79769897
12.19,59.631073,30.57139587,4.936050415,17.39143372,19.11738014,118.5106812,18.79382324,38.92042542,130.4515381,25.64921379,33.60316467,106.7858429,19.71084595,0.966369629,33.17929077,11.38693237,0.000213496,32.69229126,81.87910461,22.3939743,30.72766113,24.36071777,74.78886414,10.62358093,-0.001345737,-0.000970323,2.192504883,-0.000853684,130.1107025,48.26164246,25.62762451,88.60860443,37.09585571,22.06454468,0.00028096,2.60249E-05,0.000767916,15.0071373,27.71833801,22.67245483
12.2,59.91760254,30.84876633,5.057449341,17.36682129,19.61332893,118.5435181,19.39788818,38.13568878,130.8086243,26.28871727,32.91007996,106.5575638,19.63342285,0.999938965,33.48287964,11.64022827,0.000260756,32.22982788,82.11894226,22.87718964,30.13647461,24.10705566,75.12895966,10.51434326,-0.001360739,-0.000959809,2.176025391,-0.000844674,130.4036407,47.33488464,26.4125061,88.87581635,36.38287354,22.57278442,0.000189984,-5.36442E-07,0.000439152,15.31808853,27.39668274,22.48257446
12.21,60.12210083,31.02030182,5.157516479,17.31886292,20.06495476,118.4679565,19.99066162,37.32180023,131.022644,26.92458916,32.16529846,106.3685532,19.51296997,0.955627441,33.53227234,11.790802,0.000115197,31.80401611,82.36366272,23.32996368,29.47247314,23.81738281,75.22315979,10.41368103,-0.001362239,-0.000941784,2.101287842,-0.000851432,130.5507355,46.37689209,27.16104126,88.9539032,35.71002197,23.05029297,0.00031697,0.000181595,0.00068856,15.62402344,27.10404968,22.25906372
12.22,60.25466919,31.03246689,5.238891602,17.24507141,20.46985435,118.265564,20.5559082,36.45567703,131.1573181,27.50606346,31.42297363,106.233551,19.37658691,0.913635254,33.3841095,11.8744812,0.000215387,31.30853271,82.53291321,23.82898712,28.75610352,23.4597168,75.25985718,10.34616089,-0.001357739,-0.000956805,1.999908447,-0.000858189,130.663208,45.37809753,27.88052368,89.0746994,34.93191528,23.54568481,0.00063918,0.000249894,0.00108346,15.97634888,26.7848053,22.04492188
12.23,60.33416748,31.03246689,5.344284058,17.17988586,20.8304348,118.0412598,21.08990479,35.58833694,131.2895813,27.9956646,30.64865112,106.140274,19.23156738,0.940002441,33.31663513,12.03817749,0.000523519,30.73101807,82.69970703,24.28419495,28.06396484,23.05371094,75.40177155,10.23323059,-0.001356989,-0.000961311,1.950500488,-0.000863445,130.8795166,44.43092346,28.69329834,89.27724457,34.18511963,24.13458252,0.000800284,0.000238512,0.000769805,16.40014267,26.46194458,21.84564209
12.24,60.4743042,31.15169144,5.499038696,17.08026123,21.24731636,117.9022827,21.64648438,34.76108551,131.5204163,28.5940609,29.83123779,106.1991882,19.07305908,0.934082031,33.44915771,12.23413086,0.000411986,30.26364136,82.92861938,24.78565979,27.46899414,22.74804688,75.71739197,10.12399292,-0.001350237,-0.000948544,1.951766968,-0.000859691,131.2700958,43.59779358,29.58959961,89.60546112,33.57739258,24.76821899,0.000548204,9.24282E-05,0.00072635,16.77504349,26.18623352,21.67327881
12.25,60.70407104,31.35485077,5.629776001,16.96340942,21.73488045,117.9888306,22.25793457,34.06988525,131.7957764,29.33752632,29.11723328,106.3980103,18.96615601,0.900512695,33.67684937,12.42532349,0.000234291,29.85498047,83.13438416,25.40640259,26.94158936,22.48071289,76.12599945,10.05401611,-0.001349487,-0.000946291,1.944168091,-0.000849179,131.6223755,42.73464966,30.49804688,89.93367767,32.9446106,25.3097229,0.00025253,-0.000121957,0.000537403,17.10731125,25.91053772,21.50360107
12.26,60.87698364,31.53368378,5.720504761,16.8809967,22.27514839,118.1838989,22.88952637,33.38719177,132.0290222,30.00845909,28.46600342,106.6483917,18.87765503,0.888549805,33.85757446,12.65713501,0.00012654,29.41452026,83.35232544,25.94438171,26.36315918,22.14404297,76.36577606,9.968093872,-0.001351738,-0.000950797,1.904891968,-0.000851432,131.7509155,41.86070251,31.35440063,90.04837036,32.26925659,25.81539917,0.000362461,-4.9863E-05,0.000459936,17.43957138,25.57437134,21.30700684
12.27,60.98681641,31.6078949,5.865921021,16.82810974,22.8202076,118.2789917,23.53112793,32.6109581,132.20578,30.62620354,27.75939941,106.9098129,18.73019409,0.872924805,33.82263184,12.85192871,0.000132211,28.97161865,83.54104614,26.38619995,25.74768066,21.80505371,76.3241806,9.830627441,-0.001354738,-0.000955303,1.845336914,-0.000858189,131.7447357,40.96633911,32.14657593,90.05325317,31.61642456,26.34280396,0.000650553,0.000162624,0.001117468,17.77058411,25.21765137,21.0484314
12.28,61.07894897,31.65047836,6.000671387,16.7334137,23.27902031,118.2241211,24.14013672,31.86752319,132.2634888,31.23185539,27.03184509,107.135643,18.52987671,0.845397949,33.64190674,12.97741699,0.000438452,28.47976685,83.6421051,26.83045959,25.12072754,21.42126465,76.21652985,9.693145752,-0.001357739,-0.000957556,1.840270996,-0.000852933,131.7855225,39.99635315,32.97021484,90.08131409,30.97360229,26.91119385,0.000555787,0.000257483,0.000968199,18.13920975,24.90567017,20.78585815
12.29,61.12945557,31.76969528,6.096710205,16.58828735,23.69470406,118.1534424,24.70788574,31.13137817,132.280304,31.81453514,26.31167603,107.3602371,18.33328247,0.828613281,33.54553223,13.08972168,0.0003307,27.99404907,83.84542847,27.31001282,24.51800537,21.03393555,76.21408081,9.586364746,-0.001356989,-0.000958307,1.825073242,-0.000843923,131.8868866,39.09597778,33.84594727,90.13744354,30.32455444,27.5473938,0.000222204,0.000266969,0.000390023,18.54043961,24.59005737,20.63369751
12.3,61.23803711,31.90108109,6.242141724,16.47758484,24.18945122,118.2838745,25.29943848,30.40009308,132.4221954,32.51085663,25.61120605,107.6597214,18.15631104,0.852600098,33.56721497,13.21636963,0.000154895,27.54748535,84.06338501,27.90397644,24.00720215,20.74560547,76.32785034,9.489379883,-0.001354738,-0.000956805,1.73890686,-0.000844674,131.9214935,38.25325012,34.7192688,90.25335693,29.68048096,28.17852783,0.000186194,0.000191081,0.000628095,18.86392593,24.24662781,20.44650269
12.31,61.37057495,31.99962616,6.39289856,16.38780212,24.7932148,118.5679932,25.93597412,29.72590256,132.598938,33.2845459,24.93659973,107.9334183,17.99777222,0.840637207,33.63710022,13.38369751,0.000415767,27.05807495,84.04267883,28.48698425,23.51428223,20.43127441,76.4355011,9.362960815,-0.001358489,-0.000955303,1.741439819,-0.000846927,131.8695831,37.36369324,35.56109619,90.33022308,29.06274414,28.80194092,0.000169136,2.79229E-05,0.000760358,19.08711243,23.89476013,20.1583252
12.32,61.35162354,32.06531525,6.490280151,16.24143982,25.38738823,118.8081665,26.61254883,29.02741623,132.6278076,33.95063782,24.26199341,108.0966492,17.85769653,0.751953125,33.65396118,13.58920288,0.000355274,26.53320313,83.90751648,28.93489075,22.97418213,20.03027344,76.39146423,9.214431763,-0.00136524,-0.000959058,1.737640381,-0.000850681,131.7051849,36.48493958,36.33267212,90.20942688,28.40740967,29.40618896,-4.31444E-05,-7.07321E-05,0.000571415,19.35292435,23.54649353,19.92401123
12.33,61.1963501,31.97286224,6.583679199,16.02374268,25.93245125,118.9983521,27.24786377,28.30949402,132.5303955,34.51760864,23.58615112,108.2733917,17.65985107,0.704040527,33.53469849,13.78161621,8.30609E-05,26.03399658,83.85394287,29.38766479,22.41870117,19.63781738,76.20796204,9.08555603,-0.001362239,-0.000962062,1.62361145,-0.000865697,131.4085388,35.61820984,37.10540771,89.9654007,27.72201538,29.959198,0.000136914,7.34553E-05,0.000841606,19.67766953,23.21273804,19.6829834
12.34,61.04867554,31.77334595,6.685058594,15.81465149,26.4655323,119.15802,27.79058838,27.61222076,132.4161682,35.11962891,22.89675903,108.5114975,17.39071655,0.720825195,33.31060791,13.88195801,0.000251304,25.58374023,83.87342834,29.91225433,21.89007568,19.27526855,75.94983673,8.929656982,-0.00136374,-0.000967319,1.599533081,-0.000865697,131.1366119,34.72865295,37.95935059,89.72259521,27.11056519,30.60565186,0.000529252,0.000257483,0.00093041,19.99112701,22.91889954,19.40692139
12.35,60.97796631,31.76239777,6.755767822,15.70025635,27.00340843,119.3006592,28.34710693,26.91008759,132.3764954,35.81232452,22.20245361,108.8588333,17.13879395,0.73638916,33.10339355,13.94769287,0.000425219,25.14697266,83.93917847,30.45875549,21.42651367,18.88293457,75.73207855,8.728347778,-0.00136599,-0.000961311,1.656555176,-0.000854435,131.036499,33.90270996,38.83874512,89.59814453,26.55169678,31.41088867,0.000680877,0.000265071,0.000567634,20.34595871,22.66618347,19.2237854
12.36,61.00320435,31.9582634,6.871841431,15.61047363,27.61316109,119.6055298,28.94238281,26.26990891,132.4618683,36.53644562,21.58078003,109.4000854,16.94342041,0.710083008,33.01182556,14.10662842,0.000300454,24.69180298,83.99641418,31.07462311,20.97583008,18.51904297,75.69415283,8.577362061,-0.00136449,-0.000941033,1.64642334,-0.000862694,131.0340118,33.17523193,39.6756897,89.64206696,25.97280884,32.18920898,0.000603171,0.00021195,0.000773586,20.68198395,22.34693909,19.06488037
12.37,61.02593994,32.13587952,7.079956055,15.46165466,28.27082634,120.1858521,29.5614624,25.74755859,132.5051575,37.2811203,21.00956726,109.9376526,16.76889038,0.652526855,33.06242371,14.30377197,0.000366617,24.2293396,83.91117859,31.69779968,20.53521729,18.234375,75.75409698,8.485305786,-0.001373491,-0.00093878,1.566589355,-0.000864946,130.8894043,32.42492676,40.49813843,89.61521912,25.42272949,32.82415771,0.000237368,9.43244E-05,0.000888843,20.92397308,21.94909668,18.7875061
12.38,60.8656311,32.12857819,7.204025269,15.27101135,28.8973484,120.7991333,30.21923828,25.22764206,132.3777161,38.01733398,20.41743469,110.3242645,16.5980835,0.614196777,33.16844177,14.46630859,0.000349604,23.77297974,83.63356018,32.18344116,20.14703369,17.88659668,75.67457581,8.374832153,-0.001362239,-0.000953801,1.509567261,-0.000847677,130.5272522,31.62420654,41.2963562,89.43463898,24.89770508,33.43093872,-0.000179609,-9.91896E-05,0.000475049,21.12960434,21.55610657,18.47912598
12.39,60.53109741,31.87188339,7.214706421,15.08282471,29.46996498,121.2672729,30.82952881,24.62269211,132.1889343,38.63628387,19.84745789,110.7305145,16.41497803,0.593811035,33.06242371,14.58459473,9.62941E-05,23.31292725,83.29997253,32.63621521,19.70526123,17.50427246,75.31858826,8.242263794,-0.001347987,-0.000956805,1.505783081,-0.00084993,130.0760956,30.84750366,42.02310181,89.11008453,24.34011841,34.05181885,-6.20969E-05,-6.69379E-05,0.000612982,21.36156082,21.22961426,18.23944092
12.4,60.20291138,31.61641312,7.274734497,14.89588928,30.01023293,121.6622925,31.3760376,23.99101639,131.9989624,39.21775818,19.2430191,111.2570419,16.13848877,0.557922363,32.6973877,14.68856812,0.000213496,22.85290527,83.11003113,33.17906189,19.20977783,17.15393066,74.84269714,8.094970703,-0.001357739,-0.000951548,1.474105835,-0.000863445,129.623703,30.06838989,42.8079834,88.64521027,23.80007935,34.70724487,0.000667611,0.000314398,0.001125026,21.67627335,20.96722412,18.02935791
12.41,60.04638672,31.63222885,7.37612915,14.7384491,30.56967354,122.0073242,31.93505859,23.39335251,131.8150024,39.9237442,18.56472015,111.8572235,15.81036377,0.508789063,32.40222168,14.79730225,0.000578339,22.44058228,83.02844238,33.7864151,18.78204346,16.71337891,74.53562927,7.902252197,-0.00136599,-0.000954552,1.457626343,-0.000850681,129.29245,29.30607605,43.76000977,88.36457825,23.32641602,35.48684692,0.001025831,0.0005155,0.001038112,22.00854111,20.68788147,17.85025024
12.42,59.98074341,31.78551102,7.509552002,14.61422729,31.23213005,122.4645996,32.57781982,22.82970428,131.6731262,40.71073151,18.00827789,112.4856186,15.59533691,0.480041504,32.36729431,14.90841675,0.000565107,22.03314209,82.83853149,34.43393707,18.39642334,16.3248291,74.48181152,7.73777771,-0.001368991,-0.000954552,1.469024658,-0.000837917,129.1391754,28.65061951,44.74960327,88.38776398,22.92044067,36.28695679,0.00044396,0.000128474,0.000465602,22.28062057,20.36743164,17.65768433
12.43,59.79263306,31.80376053,7.641616821,14.45678711,32.04193878,123.1912231,33.34448242,22.32193375,131.5444641,41.52310181,17.56880188,113.1029739,15.46139526,0.490844727,32.47932434,15.10202026,0.000239962,21.57922363,82.49760437,35.08145142,18.0145874,16.10449219,74.47201538,7.639587402,-0.00136824,-0.000955303,1.427215576,-0.000848428,128.9018555,28.02757263,45.6338501,88.37312317,22.52325439,36.97183228,-7.53645E-05,-0.000296498,0.000136837,22.51258087,20.03126526,17.39511108
12.44,59.49725342,31.60667801,7.672302246,14.23539734,32.88288879,123.9470825,34.12860107,21.86397171,131.3400726,42.34393311,17.06160736,113.6847305,15.27828979,0.489624023,32.52752686,15.3326416,-2.00607E-06,21.16201782,82.05439758,35.64742279,17.66345215,15.81738281,74.24325562,7.493499756,-0.001362239,-0.000961311,1.394271851,-0.000858189,128.4197998,27.37211609,46.4078064,88.07418823,22.07089233,37.54019165,0.000172924,-0.000159899,0.000641324,22.69940186,19.68179321,17.12579346
12.45,59.12234497,31.34633636,7.708328247,14.01280212,33.6615448,124.4494629,34.82641602,21.37077713,130.987793,43.06443787,16.53964996,114.1192169,15.0435791,0.456054688,32.33355713,15.44140625,0.000118978,20.765625,81.56008911,36.12088776,17.28289795,15.42993164,73.81629944,7.3253479,-0.001356989,-0.000955303,1.351196289,-0.000856687,127.8326874,26.71903992,47.22543335,87.60443115,21.60604858,38.13674927,0.000567157,0.000162624,0.001211941,22.87368393,19.31056213,16.86453247
12.46,58.66412354,31.14561081,7.807052612,13.84919739,34.37791443,124.7384033,35.46673584,20.82292175,130.5140533,43.70998383,16.00414276,114.3634491,14.8248291,0.42376709,32.00466919,15.47247314,0.000446013,20.31536865,81.13273621,36.61869812,16.87304688,15.06738281,73.37956238,7.195236206,-0.001352488,-0.000954552,1.249832153,-0.00085894,127.3246765,26.04078674,48.16534424,87.22009277,21.20379639,38.8817749,0.000751005,0.000373213,0.000979539,23.13573456,18.98165894,16.62081909
12.47,58.30560303,31.00813293,7.861755371,13.68807983,35.13381195,124.989563,36.14331055,20.29449844,130.1497345,44.45586395,15.4070816,114.7132339,14.6072998,0.384216309,31.80587769,15.55010986,0.000470588,19.887146,80.83442688,37.24552917,16.50909424,14.69848633,73.11164856,7.05039978,-0.001356989,-0.000965817,1.230834961,-0.000867199,127.1009598,25.39492798,49.1730957,87.10051727,20.8755188,39.6895752,0.000567157,0.000411155,0.000841606,23.51439667,18.7325592,16.41882324
12.48,58.07839966,30.94366074,7.896438599,13.48146057,36.11851501,125.4151001,36.97369385,19.81830978,130.024704,45.35406494,14.91589355,115.3048172,14.37628174,0.356689453,31.81311035,15.73416138,0.000308015,19.57025146,80.64205933,37.97337341,16.18347168,14.38671875,73.12387848,6.919052124,-0.00136374,-0.000966568,1.258712769,-0.000859691,127.1034317,24.89553833,50.32015991,87.19446564,20.5760498,40.60998535,0.000100901,0.000107605,0.000694226,23.9080925,18.50521851,16.25588989
12.49,57.90545654,30.9473114,7.979156494,13.33016968,37.26973724,126.0100708,37.9553833,19.41622543,129.9946442,46.33689117,14.56628418,115.8203049,14.24356079,0.387817383,31.98297119,15.99224854,0.000175689,19.31576538,80.50811768,38.72921753,15.92169189,14.17492676,73.24499512,6.847839355,-0.001361489,-0.000959809,1.208023071,-0.000852182,127.0478058,24.45254517,51.53991699,87.25913239,20.27783203,41.64816284,0.000123646,-8.59089E-05,0.000488278,24.23534775,18.27789307,16.12121582
12.5,57.82717896,31.00934982,8.079208374,13.25392151,38.42694092,126.508667,38.91711426,19.10403442,129.8876343,47.32575989,14.19942474,116.0338593,14.1980896,0.395019531,32.11428833,16.22885132,0.00012654,19.01968384,80.2853241,39.44611359,15.68933105,13.91882324,73.19361115,6.770523071,-0.001360739,-0.000950046,1.195358276,-0.000869451,126.8030701,23.95074463,52.66027832,87.16274261,19.96582031,42.57754517,0.000426902,6.96611E-05,0.000985205,24.50617599,18.01791382,15.93673706
12.51,57.71734619,31.03368378,8.172592163,13.15060425,39.62129211,126.7794189,39.77752686,18.78697968,129.579834,48.28681946,13.77718353,115.9774094,14.06784058,0.309936523,32.051651,16.41049194,0.000292893,18.68933105,79.9261322,40.07781219,15.35858154,13.5871582,72.96362305,6.65512085,-0.00136374,-0.000947042,1.227035522,-0.0008687,126.4260864,23.41534424,53.78433228,86.94067383,19.61499023,43.44805908,0.000349192,0.000168314,0.00107779,24.76070023,17.72042847,15.67144775
12.52,57.45101929,30.94609451,8.260650635,13.00668335,40.83000183,126.7854614,40.65667725,18.38611221,129.1433716,49.24184418,13.35001373,115.7908554,13.86752319,0.260864258,31.93840027,16.52880859,0.000300454,18.37490845,79.62054443,40.66082001,14.97937012,13.29382324,72.70304871,6.534835815,-0.00136524,-0.000967319,1.16494751,-0.000843923,126.054039,22.92193604,54.9180603,86.6344223,19.2215271,44.42480469,0.000311287,0.000160728,0.000605423,25.10174179,17.45077515,15.46676636
12.53,57.15057373,30.80497742,8.332687378,12.85540771,42.01356506,126.4867554,41.58587646,17.94758606,128.7345734,50.16785431,12.94254303,115.5159225,13.68441772,0.297973633,31.8709259,16.65905762,0.000160567,18.07879639,79.42086792,41.32173157,14.67541504,13.01403809,72.46816254,6.392456055,-0.001359989,-0.000974078,1.061050415,-0.000847677,125.6745758,22.47776794,56.06030273,86.31962585,18.86315918,45.53598022,0.000345401,0.000217641,0.000556298,25.53557205,17.23069763,15.37789917
12.54,56.94229126,30.72589874,8.406051636,12.68814087,43.27859497,125.9636841,42.54882813,17.57100677,128.3414001,51.10957336,12.53997803,115.0372696,13.49761963,0.307556152,31.82635498,16.88607788,0.000221059,17.81454468,79.19926453,42.10678864,14.43151855,12.67993164,72.28588104,6.266021729,-0.001353238,-0.000961311,1.042037964,-0.000856687,125.2345428,22.03717041,57.34661865,86.06340027,18.59628296,46.70346069,0.000282856,0.000240408,0.000563856,25.88037491,17.07591248,15.24188232
12.55,56.84759521,30.83781815,8.508789063,12.5381012,44.72330475,125.3261108,43.5680542,17.26731491,127.8448334,52.17218781,12.15836334,114.324173,13.30838013,0.251220703,31.8034668,17.08325195,0.000200264,17.57104492,78.87417603,42.88088989,14.18127441,12.41503906,72.11093903,6.180099487,-0.00136299,-0.000959809,1.090194702,-0.00084993,124.725296,21.61940002,58.58938599,85.79862976,18.27801514,47.73269653,0.000461018,0.000174006,0.000754692,26.10982513,16.88485718,14.99951172
12.56,56.76934814,30.98988724,8.623519897,12.4446106,46.20755005,124.5482178,44.54852295,16.92961121,127.1438599,53.21303558,11.84321594,113.311615,13.12774658,0.233276367,31.76611328,17.1907959,0.000236182,17.28964233,78.37619019,43.51258087,13.9041748,12.20336914,71.86993408,6.057357788,-0.001375742,-0.000953801,1.093994141,-0.000862694,124.0454788,21.16923523,59.66256714,85.41428375,17.83569336,48.61087036,0.000373833,6.7763E-05,0.000745244,26.33301163,16.55110168,14.76251221
12.57,56.49920654,30.88161469,8.719573975,12.35113525,47.58638,123.5374756,45.44647217,16.57611465,126.2541199,54.10882568,11.52929688,111.9811783,12.94955444,0.246459961,31.68057251,17.32223511,0.000219168,16.99356079,77.7381897,44.04933929,13.62835693,11.87670898,71.54208374,5.924789429,-0.001375742,-0.000951548,1.048370361,-0.000874707,123.1728363,20.6890564,60.72360229,84.86277771,17.42971802,49.50823975,-1.66092E-05,-5.55534E-05,0.000340898,26.56496429,16.20043945,14.57531738
12.58,56.02456665,30.52881622,8.736923218,12.18632507,48.94243622,122.2646484,46.34558105,16.24570465,125.2441406,54.97559357,11.15135956,110.5439682,12.79840088,0.184143066,31.55288696,17.46325684,-1.33486E-05,16.72805786,77.11114502,44.60922241,13.35766602,11.55871582,71.12736511,5.810638428,-0.001370491,-0.000961311,1.029373169,-0.00085894,122.1803055,20.26527405,61.78100586,84.20146179,17.06509399,50.45043945,0.000155868,-6.22682E-06,0.000611093,26.80821228,15.92472839,14.37466431
12.59,55.59283447,30.23927689,8.682235718,11.96369934,50.33924103,120.7734985,47.20727539,15.87277222,124.1499939,55.87500763,10.75004578,109.053978,12.61282349,0.153015137,31.35771179,17.546875,0.000153005,16.46868896,76.53648376,45.22631836,13.03710938,11.32092285,70.64658356,5.659667969,-0.001359239,-0.000953801,1.014175415,-0.000846176,121.1482162,19.82829285,62.83724976,83.48524475,16.70547485,51.37084961,0.000680877,0.00021195,0.000928521,27.06524658,15.69497681,14.17401123
12.6,55.29492188,30.2283287,8.727584839,11.78660583,51.77796173,119.1495361,48.00268555,15.5350647,123.0245972,56.79254913,10.41642761,107.4731522,12.35476685,0.18536377,31.09628296,17.60903931,0.000408206,16.20196533,75.9642334,45.8397522,12.72680664,11.01525879,70.14133453,5.524627686,-0.001353238,-0.000950046,0.976165771,-0.000851432,120.1593857,19.37332153,63.95278931,82.76535797,16.41601563,52.30917358,0.00080218,0.000358034,0.000667777,27.29344177,15.45675659,14.00167847
12.61,55.00335693,30.27455902,8.901016235,11.6967926,53.2837677,117.4986572,48.85681152,15.23501587,121.8931732,57.70888519,10.13575745,105.8457031,12.1569519,0.156616211,30.89146423,17.67953491,0.000313687,15.98049927,75.34449768,46.41667938,12.47528076,10.70959473,69.72172546,5.401870728,-0.001357739,-0.000961311,0.976165771,-0.000852182,119.1396637,19.02038574,65.08288574,82.14064789,16.11782837,53.25650024,0.000510296,0.000304913,0.000565745,27.48277283,15.17016602,13.78619385
12.62,54.63476563,30.10546112,8.982391357,11.55166626,54.85546112,115.894165,49.77227783,14.88516998,120.7136688,58.62884521,9.795982361,104.1483002,12.00576782,0.093139648,30.84208679,17.79544067,0.00022862,15.74191284,74.60423279,46.94613647,12.18164063,10.47570801,69.41099548,5.230026245,-0.001353238,-0.000956054,1.007843018,-0.00084993,118.0161057,18.70947266,66.18634033,81.54399872,15.77825928,54.15515137,0.000167239,3.74094E-05,0.000601646,27.69593048,14.8787384,13.51419067
12.63,54.15756226,29.82929993,8.951721191,11.30075073,56.4834671,114.3068237,50.67767334,14.59362793,119.4259491,59.54639435,9.470993042,102.3490219,11.76123047,0.056030273,30.83363342,17.95077515,0.000196484,15.42990112,73.71905518,47.44515991,11.90966797,10.23059082,69.00605774,5.117095947,-0.001350237,-0.000950797,0.976165771,-0.000857438,116.7961426,18.29170227,67.26312256,80.74603271,15.47250366,55.08966064,0.0001426,-0.000158003,0.000565745,27.91409302,14.58853149,13.26776123
12.64,53.61981201,29.56652832,8.982391357,11.10275269,58.16177368,112.6364136,51.57684326,14.37496948,118.0588684,60.41920471,9.222312927,100.4490891,11.52774048,0.044067383,30.69389343,18.07266235,0.000124649,15.15710449,72.8059082,47.98557281,11.67974854,9.929931641,68.40905762,5.031173706,-0.001362239,-0.00095305,0.917877197,-0.000864196,115.4043655,17.78747559,68.25756836,79.73697662,15.14419556,56.05487061,0.000508403,1.27461E-05,0.000777364,28.12348175,14.29711914,13.10482788
12.65,53.11236572,29.35363007,9.054443359,10.99328613,59.87961578,110.8039551,52.41223145,14.09436035,116.6509094,61.2956543,8.907165527,98.58721924,11.34585571,0.023681641,30.39028931,18.13360596,0.000236182,14.90872192,72.00476074,48.58075714,11.34521484,9.554931641,67.71542358,4.842147827,-0.001372741,-0.000949295,0.916610718,-0.000858189,113.9730377,17.33969116,69.23141479,78.71937561,14.81341553,56.97531128,0.000766169,0.00028594,0.000820823,28.33914185,14.03953552,12.9432373
12.66,52.67684937,29.25874329,9.0677948,10.83093262,61.6681366,108.8861694,53.23016357,13.77609253,115.2032776,62.21803284,8.530471802,96.88243103,11.08779907,-0.017089844,30.04452515,18.14675903,0.000345823,14.65911865,71.26812744,49.20271301,11.04003906,9.230712891,67.06214142,4.664169312,-0.001371241,-0.000950797,0.926742554,-0.000856687,112.6529541,16.97235107,70.28884888,77.7896347,14.60040283,57.90213013,0.000658134,0.000291632,0.000577081,28.53849792,13.78198242,12.68063354
12.67,52.26535034,29.17601395,9.115814209,10.61325073,63.50337982,107.020752,54.10552979,13.53070831,113.7628632,63.12711334,8.253486633,95.18747711,10.8432312,-0.055419922,29.8348999,18.19934082,0.000258866,14.46337891,70.42802429,49.77233124,10.87915039,9.032592773,66.53488159,4.559829712,-0.001362239,-0.000950046,0.91027832,-0.000863445,111.2451096,16.61581421,71.31594849,76.88794708,14.40618896,58.86993408,0.000517879,0.000244202,0.00054118,28.76419067,13.50022888,12.41802979
12.68,51.80459595,28.98623276,9.225204468,10.45332336,65.34820557,105.2346191,54.95220947,13.32541656,112.2887726,64.04949188,8.02204895,93.41151428,10.68228149,-0.111694336,29.75419617,18.33078003,0.000181361,14.25170898,69.47955322,50.29084015,10.64801025,8.770263672,65.98803711,4.429718018,-0.001356238,-0.00095305,0.879867554,-0.000866448,109.6951218,16.24847412,72.27645874,75.89963531,14.12924194,59.81466675,0.000415528,0.000175903,0.000841606,28.9773407,13.19792175,12.21740723
12.69,51.22769165,28.70156097,9.26524353,10.29714966,67.27209473,103.4301758,55.77758789,13.08853912,110.6980591,64.97067261,7.756149292,91.54964447,10.47952271,-0.179992676,29.58309937,18.39532471,0.000281551,13.97640991,68.48603821,50.81907654,10.30578613,8.455810547,65.29438782,4.279953003,-0.00136299,-0.00096807,0.836776733,-0.000870202,108.0895081,15.80909729,73.21154785,74.79785156,13.8085022,60.74404907,0.000262007,-4.7965E-05,0.001062673,29.1566391,12.85691833,11.92654419
12.7,50.51699829,28.3390274,9.257232666,10.05484009,69.19957733,101.487915,56.60296631,12.84801483,109.0339966,65.80117035,7.450843811,89.64480591,10.21774292,-0.18359375,29.26626587,18.38815308,0.000430889,13.68521118,67.48521423,51.27671814,10.03253174,8.199707031,64.55915833,4.121612549,-0.001370491,-0.000962813,0.822845459,-0.000871704,106.4703064,15.33010864,74.06185913,73.66921997,13.50524902,61.73617554,0.000428798,2.22307E-05,0.000730127,29.36227417,12.53164673,11.61010742
12.71,49.86691284,27.9618988,9.289245605,9.815002441,70.99887848,99.4798584,57.35083008,12.60020447,107.4048157,66.5639801,7.070457458,87.90812683,9.9793396,-0.152404785,28.92169189,18.43832397,0.000313687,13.43682861,66.64633179,51.71854401,9.817993164,7.88659668,63.83982468,3.948532104,-0.00136674,-0.000957556,0.829193115,-0.000867199,105.0377502,14.97477722,74.90487671,72.63332367,13.31228638,62.81274414,0.000650553,0.00028594,0.000522286,29.58042908,12.30671692,11.46466064
12.72,49.44781494,27.73318863,9.3359375,9.657562256,72.74308014,97.59375,58.04742432,12.33174133,105.9535675,67.34250641,6.756538391,86.37886047,9.785186768,-0.190734863,28.64942932,18.46939087,0.000241852,13.2520752,65.95597839,52.24921417,9.616271973,7.579711914,63.20979309,3.819656372,-0.001359989,-0.000962813,0.835525513,-0.000864196,103.7596893,14.72026062,75.76974487,71.71578217,13.1807251,63.94821167,0.000572843,0.000265071,0.000631876,29.79358673,12.10115051,11.35018921
12.73,49.11077881,27.71494293,9.405319214,9.512435913,74.43935394,95.87097168,58.68896484,12.15560913,104.6189575,68.15487671,6.594039917,84.89377594,9.60333252,-0.251831055,28.49281311,18.49688721,0.000357166,13.10281372,65.19743347,52.76893616,9.403015137,7.392700195,62.71188736,3.736190796,-0.001352488,-0.000955303,0.850723267,-0.000855936,102.3332977,14.41773987,76.55462646,70.81897736,12.96646118,65.05172729,0.00049324,0.000115193,0.000648882,29.97163391,11.81939697,11.11453247
12.74,48.65884399,27.71250916,9.492034912,9.326705933,76.03260803,94.20678711,59.27545166,12.03655243,103.0979767,68.92251587,6.420463562,83.33259583,9.39440918,-0.278198242,28.31813049,18.58291626,0.000355274,12.91442871,64.29888916,53.15720367,9.169372559,7.184814453,62.10509872,3.61958313,-0.001345737,-0.000952299,0.79876709,-0.000859691,100.7190399,14.04438782,77.25592041,69.80625916,12.67324829,66.04638672,0.000368146,-7.64225E-05,0.000771698,30.07820892,11.51467896,10.8425293
12.75,48.08071899,27.50082779,9.537384033,9.120071411,77.52165222,92.4901123,59.8482666,11.79724884,101.4122772,69.56080627,6.148399353,81.67323303,9.163360596,-0.266235352,28.03381348,18.58172607,0.00032881,12.63912964,63.30171204,53.44809723,8.971435547,6.88659668,61.28178024,3.456314087,-0.001356989,-0.000956054,0.724014282,-0.000870953,99.0788269,13.63504028,77.94152832,68.64834595,12.35998535,67.02825928,0.000364354,-5.74496E-05,0.000845388,30.19355774,11.17730713,10.57052612
12.76,47.45962524,27.09328079,9.554733276,8.909759521,78.86453247,90.63201904,60.35101318,11.50449371,99.78068542,70.14107513,5.833251953,80.05683136,8.916381836,-0.255432129,27.68803406,18.54110718,0.000357166,12.36260986,62.40559387,53.7852478,8.731323242,6.58581543,60.4609108,3.300445557,-0.001374242,-0.000958307,0.718948364,-0.00085894,97.56838989,13.26647949,78.61251831,67.5490036,12.0743103,68.02038574,0.000510296,0.0002461,0.000713125,30.39292145,10.88951111,10.35775757
12.77,46.89663696,26.74899673,9.609436035,8.701919556,80.07923889,88.78253174,60.80621338,11.2724762,98.28134918,70.82530975,5.545196533,78.65888977,8.684112549,-0.321350098,27.3422699,18.56497192,0.000357166,12.16809082,61.74690247,54.1856842,8.496398926,6.338378906,59.80397034,3.173995972,-0.00136749,-0.000963564,0.696136475,-0.000850681,96.25572205,13.00596619,79.25448608,66.63145447,11.87258911,68.86141968,0.00044396,0.000265071,0.000645101,30.60732269,10.72503662,10.23251343
12.78,46.51541138,26.69304276,9.722839355,8.530944824,81.13103485,87.23162842,61.22888184,11.09997559,96.9912262,71.51678467,5.364219666,77.43891144,8.520690918,-0.371643066,27.1230011,18.56976318,0.000317467,12.05062866,61.14543152,54.5520401,8.433837891,6.135253906,59.26691437,3.07824707,-0.001355488,-0.000958307,0.664474487,-0.000864946,95.00238037,12.7802887,79.87588501,65.79444122,11.72973633,69.56164551,0.000328343,6.96611E-05,0.000571415,30.76280212,10.50617981,10.06689453
12.79,46.23138428,26.76481247,9.833557129,8.409179688,81.86897278,85.84173584,61.51782227,10.97364044,95.77684784,72.01364136,5.249740601,76.2434845,8.370758057,-0.336914063,27.01338196,18.56140137,0.000256976,11.93560791,60.46847534,54.85876465,8.357177734,5.944824219,58.73475266,2.999694824,-0.001349487,-0.000951548,0.710083008,-0.000870202,93.65263367,12.53059387,80.40036011,64.93546295,11.54931641,70.20941162,0.000360565,3.36152E-05,0.000552516,30.90322876,10.22201538,9.83795166
12.8,45.81356812,26.6492424,9.845565796,8.325546265,82.3157959,84.34942627,61.72039795,10.85581207,94.43141174,72.41499329,5.090927124,74.95354462,8.179046631,-0.339294434,26.7953186,18.58291626,0.00017947,11.74475098,59.72576904,55.12288666,8.1171875,5.731933594,58.08515167,2.883087158,-0.001354738,-0.000947042,0.702484131,-0.000869451,92.23490143,12.25328064,80.86062622,63.97033691,11.26861572,70.72402954,0.000298018,1.27461E-05,0.000618648,31.04867554,9.96685791,9.622528076
12.81,45.28082275,26.3572731,9.84022522,8.187789917,82.60210419,82.82659912,61.93548584,10.71489716,92.99580383,72.84414673,4.850875854,73.56173706,7.946807861,-0.39440918,26.42425537,18.59127808,0.000107636,11.51229858,58.94776917,55.38335419,7.926879883,5.476928711,57.31565857,2.729644775,-0.001369741,-0.000944037,0.612518311,-0.00086795,90.79615784,11.9339447,81.32937622,62.9393158,10.96035767,71.05429077,0.000254426,-5.36442E-07,0.000580862,31.18534088,9.727432251,9.433959961
12.82,44.79989624,26.06894684,9.940292358,7.917205811,82.73627472,81.32452393,62.12432861,10.53268433,91.60467529,73.21406555,4.600982666,72.24234772,7.696105957,-0.444702148,26.08451843,18.55422974,0.000224839,11.29693604,58.26715088,55.65477753,7.81451416,5.225708008,56.58776093,2.582351685,-0.00136449,-0.000958307,0.618850708,-0.000864196,89.41304016,11.61343384,81.70605469,61.99614716,10.73733521,71.29241943,0.000548204,0.000181595,0.000813264,31.33580017,9.523071289,9.261627197
12.83,44.40856934,25.95215988,10.0123291,7.710571289,82.64762115,79.84320068,62.22814941,10.32374573,90.33739471,73.5005722,4.428634644,71.04814911,7.522827148,-0.453063965,25.86042786,18.52316284,0.000517847,11.11709595,57.68638611,55.87751007,7.62298584,5.061035156,55.97485733,2.44732666,-0.001356989,-0.000965817,0.637863159,-0.000864196,88.19059753,11.3793335,81.98468018,61.15180969,10.56192017,71.48571777,0.00069225,0.000333371,0.00086239,31.48123932,9.332015991,9.105407715
12.84,44.07659912,25.98865891,10.04568481,7.638015747,82.33496094,78.47644043,62.23815918,10.17553711,89.16990662,73.74114227,4.275978088,69.92021942,7.387634277,-0.466247559,25.65803528,18.53152466,0.000370398,10.95803833,57.05081177,56.06251526,7.462097168,4.926147461,55.3852005,2.358947754,-0.00136599,-0.000956054,0.569442749,-0.000855186,86.98299408,11.22805786,82.25720215,60.36360168,10.37271118,71.62139893,0.000352984,0.000132268,0.000314444,31.5690155,9.114349365,8.966705322
12.85,43.71807861,25.88281631,10.13774109,7.528549194,81.83662415,77.2255249,62.18188477,10.08443451,88.0228653,73.93456268,4.087631226,68.84629822,7.226654053,-0.52734375,25.46287537,18.52316284,-8.14013E-05,10.77450562,56.3348999,56.22926331,7.402038574,4.702148438,54.79676819,2.301269531,-0.001361489,-0.000948544,0.555511475,-0.00084993,85.65054321,11.01678467,82.57452393,59.56075287,10.16094971,71.78012085,8.19489E-05,-8.02167E-05,0.000191629,31.6592865,8.877349854,8.783569336
12.86,43.23208618,25.60544586,10.14308167,7.363739014,81.24005127,75.95147705,62.15686035,9.94959259,86.77241516,74.12072754,3.926361084,67.70487213,7.108703613,-0.53692627,25.25082397,18.52557373,-5.87171E-05,10.58364868,55.58734131,56.36923981,7.297363281,4.443481445,54.17407227,2.19203186,-0.001356238,-0.000950797,0.549179077,-0.000865697,84.22663879,10.71185303,82.91369629,58.61880493,9.925384521,71.92095947,0.000205146,4.30997E-05,0.000612982,31.81350708,8.648803711,8.523681641
12.87,42.69937134,25.38159561,10.14840698,7.184158325,80.66503906,74.57617188,62.20812988,9.795326233,85.38490295,74.31414795,3.798339844,66.51557922,6.926818848,-0.522583008,24.90145874,18.52557373,0.00023051,10.39154053,54.87017822,56.51651001,7.09564209,4.242919922,53.39112854,2.052078247,-0.00136299,-0.000956805,0.476959229,-0.000869451,82.72485352,10.4561615,83.13415527,57.55484009,9.714874268,71.95553589,0.000495134,0.00016452,0.000779256,31.92510223,8.421463013,8.301513672
12.88,42.21212769,25.21614838,10.2898407,6.998428345,80.0157547,73.18988037,62.20562744,9.643478394,84.03224945,74.40965271,3.623527527,65.34469604,6.653991699,-0.568115234,24.54966736,18.45864868,0.000325029,10.19458008,54.17497253,56.61388397,6.913024902,4.010375977,52.55558014,1.931793213,-0.001356989,-0.00096056,0.445281982,-0.000852933,81.30341339,10.28448486,83.19348145,56.55066681,9.551971436,71.91967773,0.000629703,0.000215745,0.000646994,31.95143127,8.17237854,8.184326172
12.89,41.75137329,25.04461288,10.33651733,6.820098877,79.14245605,71.82562256,62.04431152,9.452758789,82.77218628,74.36492157,3.414253235,64.20694733,6.45614624,-0.599243164,24.26293945,18.39053345,0.000353385,10.03552246,53.43591309,56.61875153,6.815979004,3.778930664,51.87783813,1.80291748,-0.001347237,-0.000967319,0.444015503,-0.000846927,80.08592224,10.06840515,83.19711304,55.75269318,9.384063721,71.80960083,0.000392785,0.000177801,0.000478826,31.9852829,7.969223022,8.033508301
12.9,41.28933716,24.86943054,10.30982971,6.668807983,78.08707428,70.52471924,61.7666626,9.285125732,81.54457855,74.23557281,3.271453857,63.19930267,6.300079346,-0.616027832,23.95573425,18.35946655,0.000241852,9.907043457,52.71148682,56.59197235,6.716308594,3.65637207,51.2967453,1.685073853,-0.001347237,-0.000967319,0.414871216,-0.000856687,78.83258057,9.871536255,83.17654419,55.01573181,9.194854736,71.57275391,4.21479E-05,-8.40109E-05,0.000363573,31.98904419,7.808395386,7.811309814
12.91,40.79324341,24.63829041,10.3992157,6.539672852,76.96579742,69.36157227,61.50158691,9.155143738,80.32058716,74.06149292,3.195121765,62.20639038,6.130523682,-0.667541504,23.74249268,18.29373169,1.12271E-05,9.733306885,51.99676514,56.49825287,6.557983398,3.490478516,50.64346313,1.618774414,-0.001347987,-0.000965066,0.374328613,-0.000856687,77.41856384,9.707061768,83.15835571,54.1079483,9.026977539,71.26168823,2.12993E-05,-0.000127647,0.000463713,31.92635345,7.556869507,7.598571777
12.92,40.22647095,24.33779907,10.42457581,6.380996704,75.97631073,68.1472168,61.32019043,8.99723053,79.01483154,73.89466858,3.08556366,61.08214569,5.98550415,-0.696228027,23.50273132,18.21725464,0.000111417,9.538787842,51.2260437,56.3327179,6.388183594,3.26159668,49.83972168,1.511993408,-0.001349487,-0.000973327,0.331253052,-0.000850681,76.0032959,9.438156128,83.19711304,53.11109543,8.865325928,70.99285889,0.000237368,3.55113E-05,0.000686668,31.85990143,7.275115967,7.423492432
12.93,39.61044312,24.04582977,10.34185791,6.201431274,75.21442413,66.77923584,61.19891357,8.853881836,77.63332367,73.70124817,2.920600891,59.95176697,5.811004639,-0.678283691,23.09312439,18.18380737,0.000238072,9.369903564,50.41152954,56.16841125,6.231140137,3.088256836,48.96868896,1.345062256,-0.001350987,-0.00096056,0.300842285,-0.000854435,74.59298706,9.172851563,83.28070068,52.15938568,8.668609619,70.85076904,0.000453437,0.000128474,0.000732016,31.84861755,7.069549561,7.260559082
12.94,38.98812866,23.7514267,10.30717468,6.037857056,74.54357147,65.42352295,61.11132813,8.716621399,76.25061798,73.53684235,2.779029846,58.85083771,5.544342041,-0.687866211,22.72807312,18.14196777,0.000158676,9.171722412,49.57385254,56.07102966,6.067687988,2.875488281,48.18574524,1.221084595,-0.001350987,-0.000944037,0.283096313,-0.000855936,73.22345734,8.993972778,83.34732056,51.27478409,8.511993408,70.77651978,0.000489447,0.000261277,0.000563856,31.81852722,6.853103638,7.061279297
12.95,38.41122437,23.41078949,10.30049133,5.843536377,73.92543793,64.14575195,61.04382324,8.495529175,74.93403625,73.48727417,2.667015076,57.74254608,5.307159424,-0.731018066,22.45581055,18.07745361,0.000198374,8.982055664,48.77148438,56.00652313,5.911865234,2.616821289,47.4847641,1.116744995,-0.001353238,-0.000955303,0.250152588,-0.000855936,72.01091003,8.825897217,83.33520508,50.50487518,8.433044434,70.56784058,0.00025253,0.00021195,0.000380579,31.73326111,6.622131348,6.870056152
12.96,37.85073853,23.12733841,10.30982971,5.646728516,73.38756561,62.96313477,60.9487915,8.332748413,73.74971771,73.34825134,2.574676514,56.73122406,5.194091797,-0.766906738,22.25100708,18.05355835,0.000156785,8.865844727,48.01052856,55.84465027,5.770141602,2.458374023,46.89632416,1.027145386,-0.001354738,-0.000959809,0.228622437,-0.000855186,70.83791351,8.681854248,83.26980591,49.79597855,8.331542969,70.246521,5.16232E-05,-4.22727E-05,0.000401363,31.67308044,6.43107605,6.724609375
12.97,37.30288696,22.89497375,10.34051514,5.51020813,72.79817963,61.87072754,60.77496338,8.280517578,72.56539917,73.12219238,2.514358521,55.75303268,5.06262207,-0.762145996,22.11486816,18.05593872,3.39113E-05,8.744720459,47.23980713,55.6231308,5.642456055,2.385253906,46.39108276,0.962081909,-0.001359239,-0.000949295,0.218475342,-0.000852182,69.61547852,8.535385132,83.20318604,49.03704834,8.153625488,70.04684448,8.76356E-05,-0.000116264,0.000424035,31.60161591,6.200119019,6.553588867
12.98,36.76766968,22.57745743,10.35386658,5.354003906,72.14529419,60.81732178,60.6048584,8.154182434,71.28730011,72.96987152,2.436798096,54.66192627,4.905303955,-0.741760254,21.83416748,17.99020386,7.92798E-05,8.529388428,46.45327759,55.46855164,5.519836426,2.202148438,45.66318512,0.846694946,-0.001360739,-0.000951548,0.177932739,-0.000855936,68.34359741,8.366134644,83.08572388,48.19881439,7.964416504,69.95849609,0.000279065,3.93074E-05,0.00043726,31.49002075,5.961898804,6.336791992
12.99,36.16046143,22.22708893,10.3085022,5.171981812,71.59664917,59.73101807,60.45855713,7.964675903,70.01881409,72.75468445,2.344474792,53.59414291,4.757843018,-0.778930664,21.37754822,17.85876465,0.000198374,8.33605957,45.67279053,55.30789185,5.357727051,1.944824219,44.73098755,0.698165894,-0.001350237,-0.00096056,0.163986206,-0.000857438,67.0062027,8.194458008,82.88220215,47.29957199,7.814056396,69.75878906,0.000559576,0.000242304,0.000760358,31.35210419,5.787765503,6.137481689
13,35.57727051,21.94241333,10.22712708,5.025619507,71.15341187,58.56665039,60.25097656,7.837127686,68.77798462,72.45488739,2.253372192,52.59262466,4.504699707,-0.838806152,20.92938232,17.71060181,0.000370398,8.2394104,44.89724731,55.0352478,5.185302734,1.792480469,43.91255188,0.553344727,-0.001353988,-0.000957556,0.17539978,-0.000856687,65.7059021,7.974761963,82.68960571,46.43937302,7.681213379,69.49383545,0.000709308,0.000386491,0.000864279,31.18534088,5.570114136,5.979949951
13.01,35.02944946,21.65409088,10.19911194,4.855895996,70.68741608,57.39859009,60.04711914,7.726585388,67.50349426,72.19739532,2.122894287,51.53589249,4.25894165,-0.854370117,20.60290527,17.60665894,0.000438452,8.07913208,44.04129028,54.71392822,5.057617188,1.6328125,43.21646881,0.436706543,-0.001360739,-0.000946291,0.157653809,-0.000854435,64.47480774,7.782699585,82.49945068,45.68776703,7.538360596,69.36325073,0.000394681,0.000261277,0.000605423,31.00479126,5.313751221,5.803527832
13.02,34.35534668,21.29399109,10.18710327,4.668930054,70.25135803,56.28302002,59.87579346,7.555305481,66.23981476,71.93143463,2.00592804,50.46809769,4.147094727,-0.847167969,20.40531921,17.556427,0.000279659,7.868713379,43.16833496,54.4376297,4.935058594,1.444824219,42.53995514,0.415847778,-0.001354738,-0.000950797,0.120925903,-0.000849179,63.26844025,7.711868286,82.20388794,44.95446396,7.382995605,69.33377075,-8.10511E-05,-6.12456E-05,0.000357904,30.79038239,5.116653442,5.596160889
13.03,33.66610718,20.86942291,10.12840271,4.501647949,69.90995026,55.23937988,59.65063477,7.398597717,65.04347229,71.61712646,1.981315613,49.47640991,4.002075195,-0.850769043,20.15594482,17.4453125,0.000105746,7.712097168,42.43292236,54.22097778,4.815002441,1.293701172,41.84997559,0.399887085,-0.001359989,-0.000957556,0.079101563,-0.000855936,62.1288147,7.648239136,81.88415527,44.15649414,7.227630615,69.26339722,-3.9354E-05,-8.123E-06,0.000235088,30.62111664,4.940109253,5.422454834
13.04,33.09176636,20.47890472,10.09637451,4.308563232,69.55536652,54.25546265,59.42059326,7.325714111,63.90243912,71.31490326,1.976394653,48.55958939,3.798095703,-0.897460938,19.76921082,17.27322388,8.68421E-05,7.600769043,41.74743652,53.97877502,4.696228027,1.101928711,41.05112457,0.269790649,-0.00136374,-0.000953801,0.06010437,-0.000858189,60.96446991,7.510177612,81.57162476,43.33655548,7.096069336,69.13537598,0.00038331,0.000242304,0.000612982,30.48946381,4.76234436,5.283752441
13.05,32.59185791,20.25627899,10.0990448,4.120376587,69.20076752,53.24963379,59.23168945,7.264976501,62.73255157,70.99455261,1.890220642,47.66239929,3.637115479,-0.959777832,19.35357666,17.12744141,0.000281551,7.499206543,41.01080322,53.6708374,4.544311523,0.974487305,40.17031097,0.096710205,-0.001358489,-0.000959058,0.065170288,-0.000842422,59.70124054,7.336120605,81.19009399,42.51906586,6.950714111,69.03167725,0.000620227,0.000261277,0.00089829,30.26000977,4.549514771,5.128875732
13.06,32.07559204,20.09812927,10.06837463,4.002304077,68.97914886,52.20474243,59.02032471,7.150787354,61.47368622,70.60528564,1.788040161,46.70875931,3.472442627,-0.957397461,18.94276428,16.99719238,0.000432781,7.327911377,40.22305298,53.34098816,4.384643555,0.876708984,39.35066223,-0.011322021,-0.001353988,-0.000971074,0.071502686,-0.000844674,58.4899292,7.175247192,80.77340698,41.68693161,6.76651001,68.89724731,0.000470495,0.000189183,0.000454266,29.98667908,4.302841187,4.963256836
13.07,31.46081543,19.72951508,10.00032043,3.883010864,68.83660126,51.17819214,58.76147461,7.022026062,60.21842957,70.23415375,1.747421265,45.72688675,3.301635742,-0.932250977,18.55482483,16.85263062,0.000251304,7.122375488,39.39880371,52.98193359,4.246765137,0.661376953,38.63010406,-0.064086914,-0.001352488,-0.000965817,0.044891357,-0.000866448,57.36142731,7.060012817,80.33010864,40.920681,6.63369751,68.67709351,0.000161553,-2.70959E-05,0.000142504,29.71334076,4.125091553,4.800323486
13.08,30.79556274,19.17598724,9.938949585,3.648071289,68.67247772,50.19668579,58.49884033,6.922409058,59.0557518,69.9053421,1.721572876,44.80024338,3.157836914,-0.958618164,18.24159241,16.69729614,4.14727E-05,6.976776123,38.60739136,52.56445313,4.105041504,0.512817383,37.92666626,-0.145111084,-0.00136374,-0.000949295,-0.037460327,-0.000869451,56.21933746,6.953170776,79.88314819,40.22398376,6.528442383,68.53756714,9.71127E-05,-0.000173179,0.000371128,29.43373871,3.969085693,4.6171875
13.09,30.17321777,18.73072815,9.860244751,3.409469604,68.51196289,49.24081421,58.24499512,6.847099304,57.92914581,69.51124573,1.668632507,43.93251419,3.016540527,-0.98614502,17.94883728,16.54193115,0.000100074,6.851959229,37.87197876,52.16401672,3.968383789,0.422485352,37.18531799,-0.265411377,-0.00136524,-0.000947793,-0.05140686,-0.000857438,55.07600403,6.811508179,79.4677124,39.45041275,6.411895752,68.50808716,0.000220308,1.65403E-05,0.000463713,29.21180725,3.790115356,4.462310791
13.1,29.58624268,18.43753815,9.790863037,3.287704468,68.43049622,48.32278442,57.96112061,6.745056152,56.77608871,69.11351776,1.60585022,43.10774231,2.850616455,-1.00769043,17.58982849,16.37225342,0.000143553,6.712463379,37.19012451,51.86702728,3.850952148,0.286376953,36.43295288,-0.355010986,-0.001360739,-0.000949295,-0.001983643,-0.000854435,53.99447632,6.684249878,79.02438354,38.63902283,6.317932129,68.46331787,0.000275275,0.000143651,0.00043726,29.02373505,3.625671387,4.327667236
13.11,28.98413086,18.12610626,9.78553772,3.153640747,68.44966125,47.43399048,57.68725586,6.628440857,55.62664032,68.78954315,1.57383728,42.30751419,2.661376953,-1.035217285,17.23924255,16.19061279,0.000162457,6.595031738,36.52536011,51.61630249,3.719421387,0.186035156,35.70505524,-0.406570435,-0.001360739,-0.000949295,-0.026062012,-0.000853684,52.9586792,6.571411133,78.6270752,37.91913986,6.150024414,68.47225952,0.000362461,0.00015883,0.000537403,28.79177094,3.440658569,4.139129639
13.12,28.41229248,17.79885101,9.738845825,2.976516724,68.55627441,46.55249023,57.53594971,6.574996948,54.54211426,68.47402191,1.5418396,41.52324295,2.506561279,-1.053222656,16.92359924,16.04721069,0.000287222,6.458007813,35.81918335,51.28889465,3.601928711,0.062255859,34.99428558,-0.476516724,-0.001356238,-0.000959809,-0.069137573,-0.000855936,51.91052246,6.430953979,78.30004883,37.25050354,5.980865479,68.60409546,0.000436381,0.000194876,0.00058464,28.47831726,3.255645752,3.996368408
13.13,27.89093018,17.50809479,9.654785156,2.822784424,68.8162384,45.70266724,57.43835449,6.500892639,53.50087738,68.1669693,1.49382019,40.75492859,2.367706299,-1.072387695,16.58988953,15.93728638,0.000262647,6.297698975,35.11178589,50.90549469,3.502319336,-0.067626953,34.29818726,-0.588226318,-0.001361489,-0.000962813,-0.070404053,-0.000866448,50.92292786,6.31930542,77.91485596,36.58796692,5.932006836,68.76669312,0.000263903,7.72495E-05,0.000492055,28.18617249,3.097244263,3.89944458
13.14,27.35189819,17.16624451,9.61076355,2.673980713,69.18878174,44.90042114,57.27832031,6.356338501,52.46564865,67.86595154,1.495048523,39.97065735,2.221435547,-1.070007324,16.33447266,15.79150391,0.000154895,6.18637085,34.48474121,50.61338043,3.38482666,-0.154296875,33.67795563,-0.697463989,-0.00136674,-0.000953801,-0.066604614,-0.000876209,50.01815033,6.22567749,77.53329468,35.95593643,5.866851807,68.93310547,9.33222E-05,2.79229E-05,0.00030122,27.98806763,2.978729248,3.768798828
13.15,26.84698486,16.80736542,9.529373169,2.534973145,69.60567474,44.17498779,57.14697266,6.304100037,51.49895477,67.59394836,1.471664429,39.25143814,2.114532471,-1.071166992,16.10557556,15.63616943,7.36089E-05,6.111755371,33.92224121,50.36630249,3.292907715,-0.273193359,33.07483673,-0.749023438,-0.001354738,-0.000943286,-0.091934204,-0.000873205,49.08988953,6.123626709,77.12271118,35.31658173,5.777893066,69.12384033,0.000144497,0.000109503,0.000333339,27.74858093,2.867492676,3.65032959
13.16,26.39254761,16.57013702,9.482696533,2.418151855,70.12916565,43.48736572,57.03564453,6.340545654,50.55871582,67.3195343,1.408874512,38.64144897,1.983032227,-1.095153809,15.75137329,15.51428223,5.47059E-05,6.032226563,33.3487854,50.0425415,3.231628418,-0.393188477,32.41545105,-0.780944824,-0.001353988,-0.000944789,-0.12361145,-0.000855936,48.08004761,6.029998779,76.57763672,34.64916611,5.71774292,69.36068726,0.000271482,6.7763E-05,0.000465602,27.4526825,2.705444336,3.543945313
13.17,25.89520264,16.35359192,9.51071167,2.312362671,70.6275177,42.70581055,56.84307861,6.295600891,49.54753876,66.89763641,1.421195984,37.95659256,1.809783936,-1.098754883,15.37428284,15.34817505,0.000128429,5.895202637,32.73269653,49.6749649,3.103942871,-0.500732422,31.72914124,-0.863174438,-0.00136299,-0.000957556,-0.12361145,-0.000849179,47.02818298,5.8931427,76.02410889,33.97808838,5.592437744,69.62695313,0.00038331,0.000149343,0.000509061,27.18060303,2.52406311,3.393127441
13.18,25.37512207,16.03971863,9.473342896,2.170928955,71.08751678,41.83532715,56.61798096,6.191123962,48.5002861,66.41165924,1.427345276,37.1968689,1.665985107,-1.092773438,15.03215027,15.15341187,0.000187032,5.716552734,32.07034302,49.24531555,2.907287598,-0.632080078,30.98779297,-0.944213867,-0.001356989,-0.000962813,-0.137557983,-0.00085894,45.99362183,5.741882324,75.4463501,33.27407074,5.444580078,69.82919312,0.00033403,0.000221437,0.000522286,26.854599,2.365661621,3.208618164
13.19,24.82977295,15.68083954,9.377304077,1.983963013,71.67092133,40.97573853,56.42541504,6.107307434,47.46025085,65.98371887,1.360877991,36.45800781,1.545562744,-1.096374512,14.69480896,14.98251343,0.000156785,5.599121094,31.42749023,48.76210785,2.771911621,-0.754516602,30.27212524,-1.011703491,-0.001347987,-0.000958307,-0.155288696,-0.000853684,44.98873138,5.632644653,74.82373047,32.58469391,5.331817627,69.98922729,0.000172924,1.0848E-05,0.000382464,26.48472595,2.249572754,3.082061768
13.2,24.25036621,15.27573395,9.279907227,1.840072632,72.2914505,40.18081665,56.21905518,6.035636902,46.43704605,65.51708984,1.337478638,35.71055984,1.40914917,-1.134643555,14.40687561,14.8319397,0.000100074,5.492645264,30.82235718,48.33002472,2.723449707,-0.851074219,29.69837189,-1.117263794,-0.001342736,-0.000947793,-0.126144409,-0.000847677,44.07035065,5.535400391,74.22177124,31.99902725,5.24911499,70.10955811,2.34507E-06,-9.53954E-05,0.000287991,26.15872574,2.143157959,2.991821289
13.21,23.73913574,14.91441345,9.194519043,1.735534668,72.88083649,39.4468689,55.90643311,5.972473145,45.45712662,65.02869415,1.346099854,35.04166031,1.254302979,-1.163452148,14.14785767,14.71127319,7.54995E-05,5.343383789,30.20748901,47.87481689,2.677429199,-0.91418457,29.14541626,-1.187240601,-0.001344236,-0.000943286,-0.127426147,-0.000854435,43.18040466,5.450164795,73.48773193,31.4341011,5.186462402,70.12237549,-0.00010569,-9.34973E-05,0.000291772,25.86532974,2.002883911,2.884094238
13.22,23.28845215,14.64555359,9.139831543,1.613754272,73.36360168,38.70193481,55.52874756,5.955459595,44.49524307,64.4967804,1.321472168,34.43903351,1.126495361,-1.153808594,13.88279724,14.55593872,4.14727E-05,5.257751465,29.65109253,47.32588196,2.618652344,-1.003295898,28.46767426,-1.236343384,-0.001353238,-0.000947793,-0.14642334,-0.000854435,42.215065,5.362533569,72.62414551,30.77400589,5.091217041,70.0647583,0.000114171,-8.59089E-05,0.000390023,25.53306198,1.838439941,2.775024414
13.23,22.80374146,14.36575317,9.058441162,1.495697021,73.68584442,37.95333862,55.14599609,5.953033447,43.51412201,63.81255341,1.326393127,33.74927139,1.03314209,-1.17779541,13.54669189,14.3432312,0.000137881,5.189208984,29.07763672,46.78060913,2.545959473,-1.127075195,27.72387695,-1.33821106,-0.001352488,-0.000950797,-0.119812012,-0.000856687,41.21881866,5.252075195,71.75927734,30.04436111,4.997253418,69.9175415,0.000451542,2.60249E-05,0.000616763,25.11052322,1.695739746,2.639007568
13.24,22.2520752,14.0409317,8.945053101,1.380081177,73.94219971,37.18399048,54.68328857,5.881362915,42.50054169,63.11985779,1.346099854,33.02391052,0.911468506,-1.212524414,13.1370697,14.13174438,0.000325029,5.046081543,28.35803223,46.21950531,2.395263672,-1.231079102,26.99964142,-1.410644531,-0.001344236,-0.000944037,-0.113479614,-0.000870953,40.21268463,5.109237671,70.91625977,29.33423996,4.903289795,69.67431641,0.000538727,0.000145549,0.000620537,24.73186493,1.579666138,2.474731445
13.25,21.67773438,13.66623688,8.899688721,1.236160278,74.12908936,36.29641724,54.19555664,5.789047241,41.4520874,62.47915649,1.301780701,32.32678223,0.751708984,-1.232910156,12.78768921,13.95843506,0.000398754,4.917633057,27.67498779,45.61579895,2.216430664,-1.362182617,26.32190704,-1.470794678,-0.001351738,-0.000941784,-0.118545532,-0.000865697,39.2733078,4.97958374,70.14349365,28.72661209,4.794250488,69.31713867,0.000307495,0.000153137,0.000435371,24.41965866,1.464782715,2.352203369
13.26,21.16140747,13.27937317,8.871673584,1.062744141,74.23570251,35.41976929,53.75787354,5.710083008,40.44451141,61.76470184,1.22668457,31.64192581,0.616516113,-1.24609375,12.53588867,13.83300781,0.000306125,4.781799316,27.12710571,45.02913666,2.119384766,-1.459960938,25.76895142,-1.56652832,-0.001361489,-0.000956805,-0.108413696,-0.000847677,38.4723587,4.907546997,69.30407715,28.20560837,4.716583252,68.7628479,-5.2359E-06,-4.32879E-06,0.000193521,24.03849792,1.368041992,2.287536621
13.27,20.68426514,12.92657471,8.746261597,0.891784668,74.16383362,34.73095703,53.25140381,5.623832703,39.53913879,61.02485657,1.224220276,31.0086174,0.530517578,-1.238891602,12.3238678,13.67285156,8.11704E-05,4.644775391,26.58285522,44.44856262,2.083679199,-1.477294922,25.29183197,-1.620529175,-0.001355488,-0.000958307,-0.151489258,-0.000855936,37.68624115,4.819915771,68.27209473,27.66020584,4.651428223,68.05236816,-3.34159E-06,-9.34973E-05,2.34693E-05,23.67990112,1.285812378,2.225616455
13.28,20.24371338,12.63825226,8.640869141,0.772476196,73.76970673,34.12863159,52.63482666,5.591033936,38.67344666,60.24996185,1.268539429,30.41090393,0.437103271,-1.264038086,12.05158997,13.46255493,1.87885E-05,4.594604492,26.04959106,43.83999634,2.078552246,-1.551635742,24.71440887,-1.652450562,-0.001354738,-0.000950046,-0.164169312,-0.000865697,36.77404785,4.747879028,67.19168091,27.02695847,4.596282959,67.18188477,0.000180507,4.8792E-05,0.000322003,23.3940239,1.170944214,2.143463135
13.29,19.86373901,12.44239044,8.610183716,0.722061157,73.08927917,33.43005371,51.89575195,5.557022095,37.76446533,59.33725739,1.271011353,29.79354858,0.288421631,-1.30480957,11.68052673,13.26776123,0.000204044,4.527313232,25.50531006,43.17299652,2.015991211,-1.674072266,24.00853729,-1.728561401,-0.001357739,-0.000959809,-0.107147217,-0.000852182,35.77532959,4.713058472,66.06155396,26.3192749,4.508575439,66.09631348,0.000298018,0.000153137,0.000592198,23.04044342,1.029464722,2.022247314
13.3,19.40805054,12.23678589,8.524795532,0.644561768,72.17046356,32.62167358,51.04284668,5.445266724,36.77853394,58.3302536,1.199607849,29.10992432,0.121307373,-1.30480957,11.29379272,13.05389404,0.000275879,4.411102295,24.83447266,42.4074173,1.862792969,-1.757080078,23.30877686,-1.824295044,-0.001349487,-0.000953801,-0.110946655,-0.000852182,34.82234192,4.566604614,64.82366943,25.59207153,4.356964111,64.83154297,0.000392785,0.000107605,0.000490166,22.60536575,0.898864746,1.886260986
13.31,18.84631348,11.86331177,8.407394409,0.493301392,71.05638123,31.77676392,50.19744873,5.361450195,35.72286987,57.26764679,1.102355957,28.32197189,-0.007751465,-1.297607422,10.94320679,12.80413818,0.000215387,4.252044678,24.12826538,41.56880951,1.754211426,-1.822631836,22.69464874,-1.908981323,-0.001355488,-0.000935776,-0.119812012,-0.000861943,33.90891266,4.374542236,63.62091064,24.91977692,4.257965088,63.44384766,0.000254426,7.15572E-05,0.000444818,22.18658066,0.757385254,1.754302979
13.32,18.26312256,11.40467072,8.323348999,0.351852417,69.79853821,30.92944336,49.36328125,5.278846741,34.69245148,56.16030121,1.064193726,27.51315308,-0.097442627,-1.296386719,10.67576599,12.62844849,0.000200264,4.047698975,23.49880981,40.73750305,1.696777344,-1.870849609,22.11967468,-1.944595337,-0.001358489,-0.000947042,-0.074203491,-0.000855936,32.97817993,4.315704346,62.41574097,24.30482483,4.212860107,61.98962402,-7.53645E-05,-2.43261E-06,0.000278544,21.79539108,0.642501831,1.607513428
13.33,17.70770264,11.03726959,8.224624634,0.222702026,68.32028198,30.12106323,48.43658447,5.122138977,33.75461578,55.02515411,1.069114685,26.8086586,-0.180999756,-1.297607422,10.43360901,12.5161438,0.000115197,3.933929443,22.91925049,39.92566681,1.653320313,-1.927734375,21.5251236,-1.969146729,-0.001345737,-0.000954552,-0.072937012,-0.000846927,32.12161255,4.306106567,61.09545898,23.70451736,4.135162354,60.44064331,-2.98768E-05,-4.60688E-05,0.000140615,21.36532211,0.578414917,1.510559082
13.34,17.27218628,10.72583771,8.11656189,0.09602356,66.6120224,29.39321899,47.41992188,5.006736755,32.8540535,53.83319855,1.048179626,26.15694046,-0.276855469,-1.327514648,10.10472107,12.29626465,6.60475E-05,3.892333984,22.368927,39.10653687,1.59588623,-2.000854492,20.90732574,-2.041564941,-0.001350237,-0.000944789,-0.083084106,-0.000851432,31.32312775,4.219665527,59.75094604,23.08956528,4.061248779,58.80078125,0.000311287,6.01746E-05,0.000363573,20.91770554,0.503448486,1.46206665
13.35,16.89346313,10.48496246,8.059204102,-0.006072998,64.80553436,28.68728638,46.3894043,4.938713074,31.95830154,52.62189484,1.021102905,25.47208405,-0.400970459,-1.338317871,9.768585205,12.03338623,0.000224839,3.814025879,21.81982422,38.25453186,1.478393555,-2.036743164,20.31033325,-2.084518433,-0.001361489,-0.000948544,-0.081802368,-0.000862694,30.4393692,4.112823486,58.36529541,22.44167328,4.006134033,57.11102295,0.000377623,0.000122782,0.000322003,20.51146317,0.418792725,1.371856689
13.36,16.4491272,10.28910065,8.041854858,-0.108139038,62.8948288,27.93380737,45.32641602,4.819664001,31.06615067,51.35739136,1.000167847,24.78722763,-0.531219482,-1.287963867,9.50112915,11.85772705,0.000298563,3.727142334,21.20614624,37.31733704,1.413330078,-2.080078125,19.72801208,-2.09312439,-0.001354738,-0.000956054,-0.097015381,-0.000861943,29.49133301,4.033599854,56.88275146,21.77425385,3.914642334,55.29449463,0.000224099,-1.76094E-05,0.00011605,20.10647583,0.329315186,1.268188477
13.37,15.96313477,9.956977844,7.981811523,-0.223754883,60.84395599,27.15594482,44.19207764,4.679969788,30.10066223,49.99497986,0.938621521,24.08641815,-0.613586426,-1.274841309,9.196334839,11.64743042,0.000175689,3.601135254,20.52798462,36.30711365,1.382629395,-2.190185547,19.12857056,-2.155731201,-0.001347237,-0.00095305,-0.075469971,-0.000857438,28.51980591,3.932754517,55.45709229,21.09951782,3.783081055,53.4369812,0.000188088,-0.000148516,0.000291772,19.6576004,0.220489502,1.168518066
13.38,15.46072388,9.527534485,7.833724976,-0.334457397,58.76673126,26.36468506,43.03155518,4.525688171,29.04379272,48.65311432,0.867218018,23.32301331,-0.698394775,-1.309570313,8.830078125,11.37854004,0.000154895,3.448181152,19.88024902,35.29566956,1.26385498,-2.286743164,18.51321411,-2.247787476,-0.001353238,-0.000950046,-0.071670532,-0.00085894,27.57917786,3.810302734,54.11987305,20.41014099,3.671539307,51.69598389,0.000246843,1.0848E-05,0.00039947,19.23380661,0.109237671,1.050018311
13.39,14.93307495,9.139457703,7.672302246,-0.459915161,56.69190216,25.55264282,41.88726807,4.348335266,28.03742218,47.33300781,0.817977905,22.55469513,-0.840911865,-1.32635498,8.524078369,11.16824341,0.000160567,3.342956543,19.27026367,34.34751892,1.187255859,-2.302734375,17.899086,-2.284591675,-0.001357739,-0.000953801,-0.09828186,-0.000847677,26.79430389,3.716674805,52.75354004,19.76834106,3.590118408,50.00109863,0.000275275,0.000122782,0.000305001,18.84135818,-0.005645752,0.947692871
13.4,14.42434692,8.801254272,7.592254639,-0.606277466,54.62426758,24.76748657,40.81304932,4.209854126,27.15729904,46.01049042,0.773658752,21.84897614,-0.941680908,-1.344299316,8.274703979,10.99975586,5.65955E-05,3.226715088,18.67608643,33.42736053,1.206420898,-2.295410156,17.32167053,-2.284591675,-0.001356238,-0.000964315,-0.081802368,-0.000843172,26.03166199,3.675857544,51.38851929,19.19731903,3.492370605,48.2767334,0.000169136,-3.08901E-05,0.00019541,18.41129684,-0.093917847,0.883026123
13.41,14.01281738,8.512931824,7.538894653,-0.700973511,52.65365601,24.06646729,39.77380371,4.116317749,26.35653305,44.75324249,0.715805054,21.22180557,-0.999450684,-1.344299316,8.019287109,10.78704834,2.44593E-05,3.150878906,18.18908691,32.49624634,1.164245605,-2.344848633,16.82497406,-2.328781128,-0.001353988,-0.000966568,-0.105880737,-0.00086795,25.21218109,3.64704895,50.0173645,18.64582062,3.454803467,46.56134033,6.48908E-05,-0.000108674,0.000142504,17.94487,-0.1277771,0.852050781
13.42,13.65939331,8.252593994,7.453521729,-0.783401489,50.68544006,23.45318604,38.63446045,4.022781372,25.56418228,43.47666168,0.669021606,20.62163544,-1.10760498,-1.338317871,7.794006348,10.57791138,9.06223E-05,3.120300293,17.69839478,31.5797348,1.064697266,-2.459960938,16.35765839,-2.401199341,-0.001345737,-0.00095305,-0.132492065,-0.000873956,24.46190643,3.575012207,48.6534729,18.11750031,3.45602417,44.91125488,0.00013881,3.25963E-06,0.00033712,17.5210762,-0.185821533,0.80090332
13.43,13.25039673,8.009284973,7.362792969,-0.926055908,48.70045471,22.80700684,37.48266602,3.915878296,24.70930481,42.19766235,0.661636353,19.99078369,-1.236602783,-1.359924316,7.534973145,10.44290161,0.000205936,3.000396729,17.07501221,30.65227509,1.00213623,-2.516967773,15.8083725,-2.453994751,-0.001344986,-0.000947793,-0.074203491,-0.000853684,23.68320465,3.500595093,47.39257813,17.56599426,3.355804443,43.35202026,0.000207042,0.00016452,0.000512842,17.13740158,-0.288604736,0.663543701
13.44,12.83001709,7.750160217,7.252059937,-1.020767212,46.83167267,22.07180786,36.45843506,3.791976929,23.86645508,40.99481964,0.600082397,19.3623848,-1.322631836,-1.370666504,7.206085205,10.27560425,0.000187032,2.902496338,16.5112915,29.71873474,0.961242676,-2.502075195,15.28232574,-2.489608765,-0.001349487,-0.000962813,-0.050125122,-0.000851432,22.89585114,3.420150757,46.15588379,16.99131012,3.246795654,41.82098389,0.000224099,0.000189183,0.000418365,16.71485901,-0.379302979,0.515441895
13.45,12.41217041,7.390060425,7.12399292,-1.056427002,45.00003052,21.37927246,35.45794678,3.661994934,23.07891464,39.80890656,0.484367371,18.70943832,-1.375488281,-1.365844727,6.96031189,10.0664978,0.000103855,2.85723877,16.03399658,28.84725952,0.907653809,-2.567626953,14.83213806,-2.562026978,-0.001346487,-0.000962062,-0.071670532,-0.000857438,22.23209381,3.301300049,44.92889404,16.47763062,3.16784668,40.33859253,0.000199459,5.06882E-05,0.000299331,16.33620071,-0.488113403,0.440032959
13.46,11.95648193,7.037261963,7.007919312,-1.175750732,43.20911407,20.79650879,34.42749023,3.541732788,22.32022858,38.69068146,0.420349121,18.04790115,-1.45413208,-1.353881836,6.782012939,9.924285889,0.000190812,2.743438721,15.52508545,28.02812195,0.845031738,-2.659179688,14.34890747,-2.646713257,-0.001352488,-0.000946291,-0.067871094,-0.000850681,21.59431458,3.211273193,43.76608276,16.00788116,3.086395264,39.03924561,6.48908E-05,-4.22727E-05,0.000197299,16.04280472,-0.560684204,0.387512207
13.47,11.55633545,6.800033569,6.930541992,-1.31842041,41.57632446,20.25152588,33.40075684,3.442123413,21.62406921,37.6836853,0.376029968,17.48823547,-1.530334473,-1.352722168,6.539855957,9.768951416,0.000156785,2.639465332,15.07455444,27.26254272,0.829711914,-2.674072266,13.9280777,-2.687210083,-0.001359239,-0.00094554,-0.084335327,-0.000854435,20.98000336,3.165649414,42.58270264,15.57106781,3.111480713,37.77960205,2.12993E-05,8.95187E-06,0.000136837,15.70176315,-0.561889648,0.341705322
13.48,11.25714111,6.60660553,6.865158081,-1.378677368,40.01181793,19.66998291,32.40655518,3.355873108,20.99884033,36.69239807,0.316940308,17.00466537,-1.575775146,-1.375488281,6.286865234,9.555053711,8.11704E-05,2.603973389,14.69229126,26.48235321,0.825866699,-2.688964844,13.57085419,-2.708084106,-0.001353988,-0.000948544,-0.128692627,-0.000864946,20.39782715,3.151245117,41.42233276,15.15744019,3.10144043,36.43930054,0.00019188,5.82784E-05,0.000255872,15.31182098,-0.622360229,0.313415527
13.49,10.99334717,6.431419373,6.807800293,-1.430343628,38.4712677,19.11398315,31.51861572,3.292709351,20.41088867,35.68539429,0.277549744,16.55422974,-1.649536133,-1.363464355,6.10975647,9.414031982,0.000222948,2.562347412,14.25396729,25.62548828,0.768432617,-2.733520508,13.1598053,-2.703186035,-0.001351738,-0.000947793,-0.133758545,-0.0008687,19.80452728,3.133239746,40.33459473,14.74625397,2.956085205,35.21160889,0.000267694,1.0848E-05,0.000299331,14.96075058,-0.69732666,0.251495361
13.5,10.68908691,6.258666992,6.779785156,-1.500457764,36.99900055,18.64822388,30.64697266,3.276916504,19.81452179,34.66992188,0.259086609,16.1074791,-1.742919922,-1.361083984,5.951934814,9.332794189,0.000205936,2.501220703,13.80712891,24.7953949,0.725036621,-2.774414063,12.75976563,-2.73387146,-0.001355488,-0.000950797,-0.086868286,-0.000863445,19.2582016,3.094818115,39.19241333,14.34970856,2.904693604,34.0402832,0.000117961,5.82784E-05,0.000221863,14.603405,-0.733596802,0.165313721
13.51,10.31924438,6.036048889,6.681060791,-1.573013306,35.56147766,18.17764282,29.67022705,3.233184814,19.1917038,33.66292572,0.229537964,15.62390423,-1.804351807,-1.413757324,5.751937866,9.147583008,-7.67689E-06,2.408233643,13.42724609,24.00913239,0.710998535,-2.812744141,12.35238647,-2.805053711,-0.001361489,-0.000959058,-0.07800293,-0.000849179,18.68714905,3.069610596,37.98599243,13.94462585,2.894683838,32.88046265,5.92042E-05,0.000107605,0.0002691,14.19215012,-0.840011597,0.076446533
13.52,9.950653076,5.750152588,6.526306152,-1.660339355,34.11795807,17.6265564,28.71356201,3.134788513,18.54122925,32.68856049,0.20123291,15.09983158,-1.832641602,-1.401794434,5.521850586,8.920532227,-9.56748E-06,2.33480835,13.01690674,23.24232483,0.690551758,-2.809082031,11.87650299,-2.798919678,-0.001354738,-0.000961311,-0.113479614,-0.000843923,18.07284546,2.975982666,36.83892822,13.5078125,2.80947876,31.89349365,0.000197563,6.20726E-05,0.00043726,13.8210144,-0.9246521,0.003692627
13.53,9.595916748,5.435066223,6.434249878,-1.759963989,32.67923737,17.09008789,27.82562256,3.063117981,17.89316177,31.71661186,0.172912598,14.54629993,-1.878082275,-1.356323242,5.266433716,8.750854492,0.000153005,2.313995361,12.59320068,22.51203918,0.668823242,-2.834960938,11.4397583,-2.773132324,-0.001341986,-0.000956805,-0.100814819,-0.000854435,17.54258728,2.852325439,35.7694397,13.04171753,2.773132324,30.94491577,0.000258217,0.000100017,0.000476941,13.53764725,-0.923446655,-0.055541992
13.54,9.277832031,5.179595947,6.346206665,-1.842376709,31.30520439,16.62191772,26.91766357,3.004814148,17.323246,30.77005959,0.06212616,14.03081799,-1.959197998,-1.374267578,5.018249512,8.579986572,0.000192703,2.225921631,12.26690674,21.79880524,0.65222168,-2.922973633,11.10945129,-2.817337036,-0.001354738,-0.00095305,-0.070404053,-0.000860441,17.07536316,2.84992981,34.69747925,12.64517212,2.765625,29.92974854,0.000193775,6.58669E-05,0.000208635,13.22669601,-0.937957764,-0.125579834
13.55,9.021575928,5.010498047,6.300842285,-1.869430542,30.00663948,16.17080688,26.02600098,2.952575684,16.84591293,29.86339378,-0.032676697,13.65034199,-2.030487061,-1.398193359,4.864059448,8.444946289,0.000103855,2.154937744,11.9491272,21.07094574,0.680358887,-2.91796875,10.79627228,-2.894668579,-0.00136299,-0.000950797,-0.07800293,-0.000859691,16.61184692,2.873931885,33.60128784,12.35600281,2.728027344,28.96069336,9.33222E-05,-6.12456E-05,-2.37711E-05,12.87311554,-0.980285645,-0.16192627
13.56,8.774169922,4.849906921,6.27015686,-1.923538208,28.7416172,15.75018311,25.18060303,2.930709839,16.38661194,28.94826698,-0.001899719,13.32386875,-2.077148438,-1.408996582,4.785751343,8.317077637,3.01311E-05,2.158630371,11.58508301,20.2858963,0.690551758,-2.89074707,10.4414978,-2.935165405,-0.001351738,-0.000954552,-0.07800293,-0.000862694,16.12979126,2.848724365,32.43606567,12.04364777,2.707977295,28.01724243,-5.45159E-05,-0.000110572,6.88173E-05,12.51828003,-1.050415039,-0.164611816
13.57,8.486328125,4.678375244,6.131408691,-2.017028809,27.49336433,15.34906006,24.34393311,2.894264221,15.86840057,28.01741982,-0.004356384,12.88816357,-2.105438232,-1.418579102,4.630325317,8.10559082,-4.35943E-05,2.087646484,11.24417114,19.50449371,0.644592285,-2.920410156,10.06838226,-2.913085938,-0.001356238,-0.000956054,-0.090667725,-0.000861192,15.58346558,2.82711792,31.21029663,11.64588165,2.67791748,27.09936523,-1.28187E-05,-0.000120059,0.000178404,12.15341568,-1.119354248,-0.225219727
13.58,8.151824951,4.458183289,6.032684326,-2.058822632,26.24151802,14.92718506,23.47106934,2.840812683,15.27082825,27.08658028,-0.067146301,12.39477253,-2.152130127,-1.38861084,4.380950928,7.900054932,-0.000113538,1.993469238,10.86917114,18.78637695,0.613952637,-2.934082031,9.657341003,-2.910629272,-0.00136524,-0.000950797,-0.117279053,-0.000852933,15.01489258,2.765899658,30.07168579,11.22615051,2.580169678,26.23141479,0.000140706,-0.000101086,0.000187851,11.82616425,-1.189483643,-0.35043335
13.59,7.861480713,4.191749573,6.001998901,-2.101898193,25.01722908,14.4614563,22.55938721,2.809234619,14.66724777,26.17024422,-0.105300903,11.96397495,-2.255371094,-1.383850098,4.127944946,7.735137939,2.06791E-05,1.950622559,10.46374512,18.06095886,0.583312988,-2.983520508,9.225494385,-2.960952759,-0.001360739,-0.000946291,-0.131225586,-0.000848428,14.49205017,2.677047729,28.96826172,10.8052063,2.482452393,25.35324097,0.00025253,-7.07321E-05,0.00026343,11.50894547,-1.26083374,-0.437988281
13.6,7.612792969,3.976425171,5.912612915,-2.17199707,23.85523033,13.95550537,21.68017578,2.778869629,14.13700485,25.28775597,-0.174240112,11.55649853,-2.322967529,-1.412597656,3.86289978,7.552307129,0.000151115,1.877197266,10.12887573,17.36962891,0.522033691,-3.025512695,8.853591919,-3.022323608,-0.001353988,-0.000943286,-0.141357422,-0.000852182,14.03347778,2.637435913,27.86477661,10.44038391,2.468658447,24.47634888,0.000322657,-5.74496E-05,0.000284214,11.15411377,-1.283798218,-0.470275879
13.61,7.289642334,3.793945313,5.833892822,-2.243347168,22.71239281,13.51657104,20.86108398,2.692611694,13.65847015,24.44153786,-0.254264832,11.14288425,-2.353668213,-1.413757324,3.661697388,7.406524658,6.60475E-05,1.800140381,9.843994141,16.75131226,0.497741699,-3.020629883,8.56854248,-3.057922363,-0.001356238,-0.000941784,-0.113479614,-0.00085894,13.6416626,2.637435913,26.84375,10.21221924,2.487457275,23.63272095,0.000119857,-4.60688E-05,0.000133056,10.83438492,-1.304351807,-0.479705811
13.62,7.003082275,3.629714966,5.801879883,-2.319580078,21.61269188,13.19100952,20.10693359,2.637954712,13.21600342,23.60256767,-0.241958618,10.79432011,-2.438476563,-1.43536377,3.568939209,7.287017822,2.44593E-05,1.81237793,9.561523438,16.08918762,0.542419434,-3.067626953,8.311645508,-3.01739502,-0.001357739,-0.000954552,-0.112213135,-0.000860441,13.25602722,2.609817505,25.80444336,9.990150452,2.487457275,22.81600952,-0.000111377,-1.0021E-05,-1.05426E-05,10.55352402,-1.36239624,-0.471618652
13.63,6.836456299,3.478858948,5.73651123,-2.387237549,20.61001396,12.87280273,19.3916626,2.642814636,12.82043076,22.7636013,-0.223487854,10.51448536,-2.483917236,-1.450927734,3.454483032,7.146026611,5.65955E-05,1.814819336,9.287567139,15.40880585,0.550109863,-3.098632813,8.030265808,-3.00881958,-0.001353238,-0.000968821,-0.137557983,-0.000855936,12.84936523,2.55821228,24.72885132,9.670471191,2.47366333,21.99160767,-7.9155E-05,-2.43261E-06,7.44835E-05,10.24508286,-1.421646118,-0.526855469
13.64,6.624389648,3.289077759,5.628448486,-2.436431885,19.60733986,12.50094604,18.64880371,2.599082947,12.41884613,21.94760323,-0.275184631,10.19169712,-2.504821777,-1.425720215,3.261734009,7.000244141,7.54995E-05,1.712036133,9.002655029,14.76859283,0.532226563,-3.072631836,7.690170288,-3.10824585,-0.001357739,-0.000962062,-0.081802368,-0.000857438,12.44519043,2.565414429,23.68237305,9.341033936,2.431060791,21.13775635,-3.17711E-05,-4.41708E-05,0.000150062,9.917835236,-1.448257446,-0.641326904
13.65,6.349212646,3.110244751,5.535064697,-2.462265015,18.61305046,12.12664795,17.85961914,2.56628418,11.97156906,21.12314034,-0.301040649,9.812447548,-2.584686279,-1.418579102,3.062942505,6.838928223,8.49515E-05,1.634979248,8.704345703,14.08942413,0.536071777,-3.106079102,7.303604126,-3.135238647,-0.00136599,-0.000947793,-0.071670532,-0.000855936,11.9977417,2.572601318,22.57162476,9.001838684,2.402252197,20.2557373,-2.2294E-05,-4.60688E-05,0.00012739,9.56174469,-1.492996216,-0.676300049
13.66,6.103057861,2.949661255,5.484359741,-2.507766724,17.6606884,11.75238037,17.07427979,2.561424255,11.48461533,20.24790764,-0.297340393,9.489657402,-2.622772217,-1.430541992,2.887054443,6.652526855,5.09247E-05,1.644744873,8.370758057,13.34698486,0.520690918,-3.148071289,6.950042725,-3.10824585,-0.001359989,-0.000948544,-0.136276245,-0.000851432,11.49836731,2.531799316,21.39550781,8.613838196,2.416046143,19.38012695,5.7308E-05,-4.32879E-06,0.000193521,9.168041229,-1.574020386,-0.644012451
13.67,5.822784424,2.748931885,5.408309937,-2.569274902,16.6568203,11.35122681,16.26263428,2.511611938,10.98924255,19.38596916,-0.326889038,9.176686287,-2.619110107,-1.437744141,2.650924683,6.449371338,3.20207E-05,1.608032227,8.011566162,12.59964752,0.495178223,-3.122192383,6.62096405,-3.174530029,-0.001352488,-0.000956054,-0.148956299,-0.000857438,11.06082153,2.498184204,20.28359985,8.263656616,2.38973999,18.52368164,0.000135019,4.8792E-05,0.000231311,8.786876678,-1.596984863,-0.711334229
13.68,5.494598389,2.495887756,5.249572754,-2.601242065,15.66851997,10.94033813,15.43847656,2.45816803,10.516716,18.54700279,-0.373680115,8.763072014,-2.697753906,-1.450927734,2.405151367,6.271331787,4.52539E-05,1.51260376,7.675537109,11.89492035,0.44921875,-3.134521484,6.263748169,-3.221160889,-0.00136449,-0.000963564,-0.142623901,-0.000857438,10.70855713,2.476577759,19.22860718,8.002540588,2.337097168,17.66473389,0.000172924,1.36159E-06,0.000150062,8.447086334,-1.601821899,-0.8230896
13.69,5.20425415,2.235542297,5.130828857,-2.679977417,14.79642296,10.52340698,14.70812988,2.426582336,10.06583786,17.65968132,-0.390907288,8.387505531,-2.796081543,-1.454528809,2.238891602,6.123138428,2.82396E-05,1.462432861,7.354095459,11.24375916,0.422424316,-3.202636719,5.930992126,-3.213806152,-0.001362239,-0.000970323,-0.124893188,-0.000853684,10.3278656,2.452575684,18.20144653,7.734115601,2.34085083,16.85952759,0.000131227,-9.72934E-05,8.58195E-05,8.15745163,-1.674377441,-0.8230896
13.7,4.958099365,2.050628662,5.08946228,-2.753753662,13.95786476,10.14297485,14.00036621,2.412010193,9.629383087,16.80862617,-0.397064209,8.099080086,-2.829223633,-1.422119141,2.085891724,5.974975586,-1.52383E-05,1.433074951,7.092346191,10.6254425,0.453063965,-3.235961914,5.669189453,-3.260452271,-0.001343486,-0.00096807,-0.128692627,-0.000861943,9.918731689,2.441757202,17.19610596,7.416877747,2.348388672,16.09655762,9.92604E-06,-2.70959E-05,0.000144392,7.882862091,-1.736053467,-0.821746826
13.71,4.730865479,1.921676636,5.02142334,-2.719329834,13.11331749,9.850402832,13.24621582,2.415649414,9.24943924,16.05065346,-0.437690735,7.793471336,-2.868591309,-1.407775879,1.956985474,5.824401855,-1.14581E-05,1.387817383,6.870727539,10.01931,0.477294922,-3.235961914,5.412284851,-3.291137695,-0.001353238,-0.000961311,-0.186965942,-0.000860441,9.556564331,2.488571167,16.15689087,7.150886536,2.310760498,15.35791016,-5.26197E-05,6.39707E-05,0.000150062,7.581943512,-1.737258911,-0.903900146
13.72,4.542816162,1.755012512,4.964050293,-2.757446289,12.33106422,9.576080322,12.50836182,2.398643494,8.915184021,15.30960655,-0.451225281,7.517320633,-2.912811279,-1.440124512,1.832901001,5.655914307,-4.17037E-05,1.368225098,6.595550537,9.424133301,0.514343262,-3.239746094,5.094215393,-3.264144897,-0.001371241,-0.000954552,-0.170501709,-0.000854435,9.225311279,2.513793945,15.14422607,6.91418457,2.323303223,14.61157227,-1.09226E-05,7.05384E-06,9.33781E-05,7.284786224,-1.727584839,-0.945648193
13.73,4.352203369,1.605377197,4.890686035,-2.906265259,11.60511589,9.2578125,11.81304932,2.3670578,8.514797211,14.57460594,-0.425369263,7.252215385,-2.92755127,-1.441345215,1.638931274,5.492218018,-0.000105976,1.34375,6.325286865,8.850852966,0.530944824,-3.227294922,4.783470154,-3.237136841,-0.00136524,-0.000948544,-0.119812012,-0.00085894,8.880447388,2.464569092,14.22857666,6.62134552,2.355895996,13.79354858,5.54137E-05,-5.17592E-05,0.000142504,6.99515152,-1.762649536,-0.972564697
13.74,4.113616943,1.503181458,4.766616821,-2.938247681,10.87916374,8.956665039,11.14770508,2.3670578,8.093975067,13.83597374,-0.437690735,6.96747303,-2.968109131,-1.423400879,1.423278809,5.352416992,3.39113E-05,1.261779785,6.065948486,8.280014038,0.492614746,-3.21862793,4.527793884,-3.222396851,-0.001356238,-0.000959058,-0.147689819,-0.00085894,8.526947021,2.433349609,13.29830933,6.335830688,2.333312988,13.04086304,5.16232E-05,5.44824E-05,0.000170846,6.725574493,-1.807388306,-1.068206787
13.75,3.912902832,1.362060547,4.706588745,-2.900131226,10.15561104,8.625061035,10.48620605,2.362205505,7.748905182,13.10580635,-0.464767456,6.706048965,-3.0418396,-1.448486328,1.257019043,5.186309814,0.000143553,1.177368164,5.795623779,7.692146301,0.506652832,-3.243408203,4.289237976,-3.229766846,-0.001350987,-0.000967319,-0.166702271,-0.000850681,8.184570313,2.442962646,12.33657837,6.095466614,2.320800781,12.35595703,-4.50406E-05,0.000143651,9.71593E-05,6.459762573,-1.82069397,-1.126098633
13.76,3.712158203,1.151596069,4.654541016,-2.966522217,9.456010818,8.250762939,9.812133789,2.313613892,7.390598297,12.40223312,-0.479545593,6.427442551,-3.044281006,-1.455688477,1.155838013,5.004669189,-6.24983E-05,1.162689209,5.56552124,7.120079041,0.515625,-3.240966797,4.033554077,-3.232223511,-0.001347987,-0.000957556,-0.143890381,-0.000855186,7.848373413,2.486175537,11.41845703,5.808731079,2.291992188,11.55844116,-6.02026E-05,-8.123E-06,8.58195E-05,6.186424255,-1.859390259,-1.088378906
13.77,3.44329834,0.93019104,4.537139893,-3.037872314,8.764802933,7.974029541,9.148010254,2.30632782,7.007045746,11.65876961,-0.490623474,6.121834755,-3.008636475,-1.434143066,1.059448242,4.864868164,-0.000181591,1.157806396,5.314697266,6.561416626,0.447875977,-3.193969727,3.758308411,-3.238357544,-0.001350237,-0.000955303,-0.162902832,-0.000854435,7.520812988,2.523391724,10.44824219,5.520782471,2.240631104,10.740448,3.83556E-05,-2.33017E-05,0.000129279,5.9594841,-1.916229248,-1.065490723
13.78,3.22366333,0.806098938,4.465103149,-3.029266357,8.056821823,7.70703125,8.564025879,2.316040039,6.663173676,10.91167641,-0.498008728,5.838319778,-3.06640625,-1.425720215,0.912460327,4.736999512,-5.49359E-05,1.128417969,5.050506592,5.997879028,0.445373535,-3.205078125,3.479377747,-3.288696289,-0.001359989,-0.000961311,-0.227523804,-0.000853684,7.204391479,2.472976685,9.490142822,5.299934387,2.248138428,10.02099609,2.88785E-05,0.000166418,0.000142504,5.727527618,-1.934371948,-1.103179932
13.79,3.065887451,0.718513489,4.410400391,-3.034179688,7.385976791,7.376617432,7.992492676,2.257736206,6.308479309,10.21414948,-0.517707825,5.569531441,-3.109436035,-1.425720215,0.732971191,4.572113037,1.87885E-05,1.114959717,4.824005127,5.489120483,0.496459961,-3.263305664,3.213905334,-3.315689087,-0.001371991,-0.000953801,-0.235107422,-0.000873205,6.883026123,2.385345459,8.697967529,5.041267395,2.263183594,9.311798096,-5.2359E-06,9.05301E-05,0.00019541,5.461711884,-1.953704834,-1.158416748
13.8,2.891662598,0.555496216,4.295669556,-3.048934937,6.782217026,7.093719482,7.362182617,2.224937439,5.96100235,9.531129837,-0.527557373,5.311789513,-3.089752197,-1.41619873,0.583572388,4.409576416,3.01311E-05,1.080718994,4.568328857,5.020523071,0.497741699,-3.273071289,2.991264343,-3.297271729,-0.00136674,-0.000951548,-0.19329834,-0.00086795,6.574020386,2.386535645,7.928833008,4.766731262,2.234344482,8.584686279,7.81566E-05,-7.07321E-05,0.000187851,5.253574371,-1.983932495,-1.182647705
13.81,2.702331543,0.422889709,4.235626221,-3.071090698,6.173666,6.835266113,6.789428711,2.240722656,5.698890686,8.872283936,-0.539863586,5.110507011,-3.136444092,-1.406555176,0.502853394,4.304412842,6.03767E-05,1.061157227,4.329711914,4.539749146,0.483703613,-3.263305664,2.778396606,-3.2837677,-0.001356989,-0.000956054,-0.192047119,-0.000845425,6.294662476,2.439361572,7.07611084,4.543449402,2.219299316,7.875488281,6.11003E-05,8.95187E-06,0.00015384,5.026634216,-1.994827271,-1.171875
13.82,2.52557373,0.332862854,4.223632813,-3.138717651,5.549539566,6.565826416,6.260437012,2.245582581,5.413925171,8.230367661,-0.558334351,4.936223984,-3.169647217,-1.41619873,0.398040771,4.200469971,0.000100074,1.070922852,4.144622803,4.054107666,0.482421875,-3.240966797,2.54473877,-3.271514893,-0.001356989,-0.000955303,-0.192047119,-0.000854435,5.995544434,2.442962646,6.210083008,4.336021423,2.219299316,7.157318115,-7.9155E-05,5.82784E-05,0.000133056,4.713172913,-2.032302856,-1.202850342
13.83,2.329925537,0.182014465,4.103561401,-3.175628662,4.940988541,6.326843262,5.706359863,2.252876282,5.037590027,7.56306076,-0.527557373,4.666209221,-3.138916016,-1.398193359,0.230575562,4.055908203,6.60475E-05,1.014648438,3.941314697,3.552642822,0.49005127,-3.205078125,2.320869446,-3.273956299,-0.001354738,-0.000955303,-0.208511353,-0.000860441,5.659362793,2.420150757,5.370666504,4.10785675,2.179199219,6.403320313,-6.77835E-05,1.84365E-05,4.99189E-05,4.426048279,-2.08430481,-1.252655029
13.84,2.106506348,0.029945374,3.98348999,-3.155960083,4.324048996,6.085449219,5.157409668,2.246803284,4.702136993,6.884874344,-0.517707825,4.343418121,-3.162261963,-1.359924316,0.066726685,3.914886475,-1.71289E-05,0.959594727,3.712402344,3.075523376,0.501525879,-3.221191406,2.071296692,-3.244506836,-0.001359239,-0.000954552,-0.235107422,-0.000849179,5.352813721,2.415359497,4.595458984,3.812583923,2.127838135,5.678771973,1.56127E-05,2.41287E-05,9.9048E-05,4.205371857,-2.07220459,-1.244567871
13.85,1.925964355,-0.080764771,3.952804565,-3.137496948,3.72387886,5.770904541,4.623413086,2.176345825,4.376296997,6.230867386,-0.584182739,4.083222389,-3.197906494,-1.364685059,-0.060974121,3.753570557,4.71435E-05,0.958374023,3.448181152,2.665351868,0.491333008,-3.223632813,1.81439209,-3.206451416,-0.001361489,-0.00096056,-0.199630737,-0.000859691,5.045043945,2.396133423,3.863891602,3.535614014,2.132843018,5.005401611,1.18203E-05,-3.08901E-05,0.000219971,4.031089783,-2.05770874,-1.256713867
13.86,1.766906738,-0.243782043,3.875427246,-3.164550781,3.145277023,5.399047852,4.100646973,2.118034363,4.016792297,5.596200943,-0.603874207,3.836526871,-3.178253174,-1.358642578,-0.159759521,3.610168457,6.79381E-05,0.872711182,3.186431885,2.235694885,0.468383789,-3.21862793,1.602745056,-3.239593506,-0.001354738,-0.000965817,-0.174301147,-0.0008687,4.728607178,2.358917236,3.135925293,3.335510254,2.131591797,4.353790283,2.31937E-05,-2.51997E-05,0.00018974,3.861820221,-2.131469727,-1.301147461
13.87,1.59777832,-0.425041199,3.811386108,-3.191619873,2.561880112,5.091796875,3.599182129,2.149620056,3.7498703,4.989341736,-0.560783386,3.577557564,-3.16595459,-1.351501465,-0.262161255,3.528900146,1.68979E-05,0.76260376,2.986755371,1.809700012,0.459411621,-3.245849609,1.433921814,-3.229766846,-0.00136524,-0.000953801,-0.209777832,-0.000855186,4.488830566,2.369735718,2.438232422,3.152488708,2.057678223,3.770080566,1.37165E-05,9.81186E-05,0.000134949,3.657444,-2.182266235,-1.346923828
13.88,1.457641602,-0.493171692,3.788711548,-3.186706543,2.033590317,4.87109375,3.141418457,2.118034363,3.515411377,4.435670853,-0.574333191,3.350499153,-3.184387207,-1.386230469,-0.333236694,3.41897583,0.000149224,0.801757813,2.840637207,1.485939026,0.464477539,-3.229736328,1.277336121,-3.196609497,-0.001377992,-0.000951548,-0.221176147,-0.000851432,4.258926392,2.357727051,1.790222168,2.960922241,2.020080566,3.217041016,-1.28187E-05,4.12036E-05,0.000102825,3.491939545,-2.12059021,-1.39541626
13.89,1.328918457,-0.532104492,3.730010986,-3.224822998,1.573579788,4.640655518,2.73626709,2.007492065,3.240074158,3.933982849,-0.61126709,3.154125214,-3.237243652,-1.407775879,-0.375411987,3.292327881,0.000162457,0.844573975,2.675048828,1.164619446,0.431274414,-3.212524414,1.112190247,-3.234664917,-0.001356238,-0.000956805,-0.202178955,-0.000857438,3.995651245,2.297698975,1.165222168,2.746185303,2.025085449,2.62689209,-6.77835E-05,-8.21147E-05,-1.81012E-05,3.306373596,-2.112106323,-1.400787354
13.9,1.187530518,-0.651321411,3.70866394,-3.267868042,1.133939743,4.391967773,2.367370605,2.011138916,3.009216309,3.458890915,-0.596488953,2.965114594,-3.271636963,-1.392211914,-0.453720093,3.217010498,-3.89665E-06,0.771148682,2.468048096,0.782440186,0.386657715,-3.222290039,0.956817627,-3.233459473,-0.001339735,-0.000957556,-0.207244873,-0.000855936,3.757095337,2.312103271,0.565612793,2.518013,1.978729248,2.059783936,-0.000103794,-4.22727E-05,-1.24313E-05,3.056861877,-2.170166016,-1.379272461
13.91,1.018371582,-0.757164001,3.651306152,-3.270339966,0.723045349,4.159088135,2.017150879,2.022071838,2.792793274,3.006767273,-0.5521698,2.745420456,-3.235992432,-1.36706543,-0.557327271,3.158477783,-1.15484E-07,0.717315674,2.290313721,0.41607666,0.395568848,-3.216186523,0.792884827,-3.205215454,-0.001356238,-0.000961311,-0.218643188,-0.000852933,3.527191162,2.32170105,0.052062988,2.324020386,1.924835205,1.545166016,5.16232E-05,3.55113E-05,0.000151951,2.915180206,-2.178619385,-1.37789917
13.92,0.858032227,-0.827720642,3.501876831,-3.264175415,0.328924179,3.933532715,1.68951416,1.974693298,2.504234314,2.567941666,-0.569412231,2.522045135,-3.233551025,-1.361083984,-0.66696167,3.067657471,6.22664E-05,0.727111816,2.105255127,0.094749451,0.41217041,-3.210083008,0.630187988,-3.223632813,-0.00136524,-0.000957556,-0.235107422,-0.000857438,3.288635254,2.255691528,-0.413024902,2.159301758,1.884765625,1.109954834,0.000112275,7.15572E-05,0.000136837,2.801078796,-2.187088013,-1.422332764
13.93,0.730560303,-0.953025818,3.416488647,-3.244506836,-0.050821304,3.707946777,1.381896973,1.983200073,2.179595947,2.135160446,-0.666664124,2.29989624,-3.27532959,-1.344299316,-0.706710815,2.9637146,4.71435E-05,0.718566895,1.898254395,-0.203453064,0.41986084,-3.200073242,0.513961792,-3.235900879,-0.00136299,-0.000957556,-0.280715942,-0.000853684,3.063674927,2.226882935,-0.873352051,1.987258911,1.850921631,0.729736328,-3.55635E-05,6.20726E-05,8.58195E-05,2.604228973,-2.194351196,-1.474853516
13.94,0.597991943,-1.105102539,3.369796753,-3.266647339,-0.359889984,3.484832764,1.104248047,1.943115234,1.948745728,1.784582138,-0.709747314,2.066701889,-3.293762207,-1.32635498,-0.732009888,2.874084473,7.36089E-05,0.680603027,1.747283936,-0.46635437,0.405822754,-3.200073242,0.400192261,-3.218719482,-0.001369741,-0.000962813,-0.321273804,-0.000842422,2.883224487,2.23046875,-1.239074707,1.835960388,1.840881348,0.359771729,-3.74578E-05,3.74094E-05,0.000167068,2.451259613,-2.202804565,-1.501800537
13.95,0.497039795,-1.163490295,3.284408569,-3.315841675,-0.637811661,3.297119141,0.840332031,1.882369995,1.817687988,1.517419815,-0.688827515,1.882600784,-3.298675537,-1.337097168,-0.841644287,2.788024902,0.000118978,0.668395996,1.634063721,-0.674476624,0.359802246,-3.235961914,0.29498291,-3.192947388,-0.001374992,-0.000956054,-0.325073242,-0.000853684,2.773208618,2.204071045,-1.510437012,1.727371216,1.819610596,0.056365967,8.02986E-06,7.72495E-05,7.44835E-05,2.355968475,-2.237869263,-1.517944336
13.96,0.444000244,-1.176872253,3.244384766,-3.312164307,-0.949274063,3.161773682,0.617736816,1.905448914,1.710678101,1.257509232,-0.678970337,1.735320091,-3.29989624,-1.322753906,-0.900680542,2.737854004,3.39113E-05,0.672058105,1.548828125,-0.861923218,0.363647461,-3.227294922,0.248497009,-3.175765991,-0.00136374,-0.000953801,-0.298461914,-0.000865697,2.685455322,2.183654785,-1.802368164,1.662696838,1.813323975,-0.239349365,-3.74578E-05,8.48379E-05,-3.88846E-05,2.265693665,-2.241516113,-1.517944336
13.97,0.368255615,-1.254737854,3.217712402,-3.330596924,-1.187665939,3.043518066,0.457641602,1.887229919,1.600059509,1.00243187,-0.687583923,1.605221748,-3.307281494,-1.311950684,-0.871765137,2.696014404,-4.35943E-05,0.634124756,1.457519531,-1.071273804,0.394287109,-3.177856445,0.193443298,-3.175765991,-0.001348737,-0.000957556,-0.257919312,-0.000848428,2.533416748,2.192062378,-2.100280762,1.584609985,1.790771484,-0.526092529,9.92604E-06,-5.55534E-05,8.01496E-05,2.17792511,-2.230621338,-1.530059814
13.98,0.296325684,-1.314338684,3.160339355,-3.381027222,-1.339801788,2.885009766,0.262573242,1.838638306,1.455780029,0.750986099,-0.740516663,1.499670029,-3.28024292,-1.313171387,-0.89465332,2.623138428,6.41569E-05,0.617004395,1.340606689,-1.28792572,0.36114502,-3.219848633,0.091903687,-3.164718628,-0.001356238,-0.000952299,-0.254119873,-0.00084092,2.345550537,2.189666748,-2.342590332,1.438194275,1.720611572,-0.70916748,8.76356E-05,-8.78051E-05,0.000155732,2.048778534,-2.242706299,-1.543548584
13.99,0.218048096,-1.352058411,3.128326416,-3.392105103,-1.542255402,2.691131592,0.073730469,1.82649231,1.307891846,0.54063797,-0.787307739,1.369571686,-3.234771729,-1.296386719,-0.978988647,2.544311523,0.000162457,0.663513184,1.254180908,-1.443710327,0.330444336,-3.271850586,-0.008415222,-3.149978638,-0.00136374,-0.000952299,-0.293395996,-0.000852182,2.189804077,2.145248413,-2.589660645,1.295440674,1.719360352,-0.920379639,8.00528E-05,0.000130372,0.000176515,1.897068024,-2.275360107,-1.550262451
14,0.088043213,-1.448158264,3.076293945,-3.390869141,-1.771059036,2.539978027,-0.063842773,1.817985535,1.164810181,0.358097076,-0.784835815,1.22474575,-3.261810303,-1.313171387,-1.029586792,2.476165771,0.000105746,0.658599854,1.171386719,-1.575157166,0.331726074,-3.226074219,-0.094047546,-3.153671265,-0.001352488,-0.000970323,-0.295928955,-0.000855186,2.032821655,2.100814819,-2.833068848,1.211242676,1.704315186,-1.181518555,3.26689E-05,0.000130372,0.000167068,1.789234161,-2.308013916,-1.585296631
14.01,-0.004119873,-1.501693726,2.998916626,-3.381027222,-1.936376572,2.440002441,-0.267700195,1.831352234,1.002487183,0.142915726,-0.79838562,1.093420982,-3.319549561,-1.331115723,-1.035614014,2.406860352,5.84861E-05,0.592529297,1.041107178,-1.756515503,0.322753906,-3.21862793,-0.158882141,-3.136474609,-0.001347237,-0.000973327,-0.292129517,-0.000856687,1.910461426,2.090026855,-3.043884277,1.140480042,1.597808838,-1.364593506,-2.04016E-05,-5.55534E-05,8.39308E-05,1.726547241,-2.327362061,-1.600097656
14.02,-0.01675415,-1.472496033,2.949554443,-3.388397217,-2.04898262,2.341247559,-0.463989258,1.802200317,0.859413147,-0.046880722,-0.829154968,0.95227623,-3.313415527,-1.313171387,-1.071762085,2.311279297,0.000153005,0.579071045,0.890136719,-1.926925659,0.317687988,-3.26940918,-0.254310608,-3.111923218,-0.001356989,-0.000950797,-0.33013916,-0.000857438,1.804168701,2.086410522,-3.286071777,1.039207458,1.555206299,-1.551483154,-7.53645E-05,4.6894E-05,5.37001E-05,1.651313782,-2.343078613,-1.604125977
14.03,-0.082397461,-1.522369385,2.906860352,-3.417907715,-2.208307266,2.22052002,-0.571533203,1.766967773,0.746391296,-0.223379135,-0.825462341,0.831996918,-3.287597656,-1.315551758,-1.125961304,2.245513916,0.000101965,0.56072998,0.792724609,-2.097320557,0.304931641,-3.258300781,-0.3644104,-3.09967041,-0.00136449,-0.000946291,-0.311141968,-0.000852182,1.669433594,2.086410522,-3.536865234,0.924514771,1.55770874,-1.763977051,-8.86321E-05,0.00012468,-1.05426E-05,1.562294006,-2.334625244,-1.614929199
14.04,-0.183380127,-1.628211975,2.881515503,-3.410552979,-2.40836525,2.098602295,-0.735412598,1.800987244,0.640579224,-0.439767838,-0.818077087,0.747310638,-3.308502197,-1.319152832,-1.168136597,2.213256836,-0.000117319,0.519134521,0.756195068,-2.264068604,0.289550781,-3.21862793,-0.415794373,-3.072631836,-0.001355488,-0.000956054,-0.264251709,-0.000855936,1.592803955,2.061203003,-3.734313965,0.824462891,1.505065918,-1.935516357,-7.53645E-05,-5.36572E-05,-5.40018E-05,1.504615784,-2.315261841,-1.60144043
14.05,-0.214935303,-1.642807007,2.865509033,-3.40071106,-2.570087433,2.023040771,-0.91796875,1.777900696,0.545593262,-0.61747551,-0.87840271,0.622121811,-3.309753418,-1.27722168,-1.217529297,2.14755249,-2.84715E-05,0.543609619,0.689208984,-2.35899353,0.295959473,-3.231079102,-0.483078003,-3.08493042,-0.001341986,-0.000962813,-0.276931763,-0.000864946,1.508743286,2.016784668,-3.888122559,0.736610413,1.485046387,-2.103240967,-0.000126539,-8.21147E-05,-6.76513E-06,1.430641174,-2.335830688,-1.629730225
14.06,-0.284362793,-1.659843445,2.816146851,-3.403152466,-2.730609894,1.901062012,-1.000549316,1.697731018,0.445800781,-0.762540817,-0.936264038,0.463795662,-3.271636963,-1.258056641,-1.233184814,2.109313965,0.000130321,0.575408936,0.588165283,-2.460037231,0.255126953,-3.299072266,-0.544235229,-3.116851807,-0.001341986,-0.000966568,-0.308609009,-0.00086795,1.36907959,1.999984741,-4.045593262,0.679267883,1.500091553,-2.264526367,-0.000244049,2.60249E-05,1.21295E-05,1.35666275,-2.379348755,-1.652618408
14.07,-0.381561279,-1.743789673,2.756118774,-3.394546509,-2.897121429,1.723083496,-1.083007813,1.664932251,0.330375671,-0.923324585,-0.916557312,0.343515396,-3.264251709,-1.274841309,-1.25970459,2.074676514,2.06791E-05,0.531341553,0.484680176,-2.603637695,0.238525391,-3.297851563,-0.600517273,-3.11315918,-0.001350987,-0.000956805,-0.302261353,-0.000862694,1.296157837,1.972366333,-4.221252441,0.618263245,1.434936523,-2.413024902,-0.000270585,3.93074E-05,2.53581E-05,1.322811127,-2.384185791,-1.632415771
14.08,-0.408050537,-1.794876099,2.752105713,-3.428985596,-3.02290535,1.631652832,-1.226867676,1.678291321,0.231781006,-1.036958694,-0.914108276,0.252692223,-3.277801514,-1.271240234,-1.30909729,1.975463867,5.84861E-05,0.478759766,0.401916504,-2.719268799,0.289550781,-3.207519531,-0.680030823,-3.097198486,-0.001360739,-0.000944789,-0.275665283,-0.000851432,1.214569092,1.908752441,-4.348388672,0.540168762,1.367248535,-2.551269531,-0.000160657,2.03345E-05,-1.09524E-06,1.252593994,-2.401123047,-1.664733887
14.09,-0.461090088,-1.796096802,2.738769531,-3.483093262,-3.109157562,1.549987793,-1.356933594,1.706237793,0.128379822,-1.150594711,-0.959655762,0.183960915,-3.296203613,-1.259277344,-1.298248291,1.927642822,0.000113307,0.498352051,0.367797852,-2.781356812,0.251281738,-3.221191406,-0.702056885,-3.078796387,-0.00136374,-0.000949295,-0.28326416,-0.000848428,1.069961548,1.881134033,-4.444091797,0.488922119,1.399841309,-2.629364014,-0.000145491,1.27461E-05,-4.2662E-05,1.214981079,-2.44708252,-1.698394775
14.1,-0.536834717,-1.814346313,2.6640625,-3.492935181,-3.218168259,1.445129395,-1.406921387,1.689224243,0.026176453,-1.26543808,-0.983039856,0.121367455,-3.309753418,-1.270019531,-1.313903809,1.913360596,-7.19503E-05,0.499572754,0.330047607,-2.80569458,0.184875488,-3.294067383,-0.744873047,-3.097198486,-0.001360739,-0.000957556,-0.311141968,-0.000861943,1.018051147,1.906356812,-4.544616699,0.409622192,1.421142578,-2.669036865,-0.00018719,2.60249E-05,-6.76513E-06,1.211219788,-2.420471191,-1.703796387
14.11,-0.555786133,-1.815559387,2.624038696,-3.499099731,-3.334369659,1.418304443,-1.43572998,1.6612854,-0.019508362,-1.301704407,-0.976882935,0.041589737,-3.287597656,-1.265258789,-1.347640991,1.854766846,-5.49359E-05,0.448150635,0.265533447,-2.833694458,0.202758789,-3.245849609,-0.786468506,-3.111923218,-0.001359989,-0.000959058,-0.320007324,-0.00086795,1.013092041,1.909942627,-4.58215332,0.363250732,1.401092529,-2.702331543,-6.96778E-05,7.05384E-06,1.59107E-05,1.14225769,-2.380569458,-1.72668457
14.12,-0.557006836,-1.78150177,2.610702515,-3.518768311,-3.342754364,1.378051758,-1.51953125,1.681938171,-0.025520325,-1.322256088,-0.980575562,0.002314568,-3.298675537,-1.234130859,-1.304275513,1.835632324,5.84861E-05,0.456726074,0.25213623,-2.883590698,0.215515137,-3.197631836,-0.748542786,-3.065292358,-0.001360739,-0.000962062,-0.317474365,-0.00085894,1.008148193,1.864334106,-4.573669434,0.397415161,1.41986084,-2.736907959,-2.79807E-05,-8.78051E-05,-3.88846E-05,1.119689941,-2.419250488,-1.68359375
14.13,-0.558288574,-1.776634216,2.563995361,-3.490493774,-3.327180862,1.307342529,-1.56829834,1.675857544,-0.03994751,-1.352478027,-1.007667542,-0.006277084,-3.339233398,-1.250854492,-1.293426514,1.840454102,-3.98131E-05,0.498352051,0.297180176,-2.899414063,0.211669922,-3.221191406,-0.771781921,-3.018630981,-0.001361489,-0.000962813,-0.299728394,-0.000860441,1.009399414,1.852325439,-4.6015625,0.368133545,1.434936523,-2.785522461,-0.000115167,-9.53954E-05,-5.58905E-05,1.133483887,-2.439819336,-1.640472412
14.14,-0.564605713,-1.794876099,2.503967285,-3.425308228,-3.389472961,1.278076172,-1.573303223,1.646705627,-0.084434509,-1.37544632,-1.008895874,-0.035733223,-3.29006958,-1.252075195,-1.339202881,1.769927979,-8.14013E-05,0.493438721,0.28012085,-2.895767212,0.21295166,-3.240966797,-0.831726074,-3.006378174,-0.001361489,-0.000962062,-0.287063599,-0.000861943,0.895675659,1.861938477,-4.647583008,0.28515625,1.39730835,-2.814971924,-1.28187E-05,7.05384E-06,3.85828E-05,1.09085083,-2.398712158,-1.678192139
14.15,-0.587310791,-1.807044983,2.47328186,-3.406860352,-3.426610947,1.226867676,-1.618286133,1.656425476,-0.148162842,-1.389953613,-0.994117737,-0.055369377,-3.220031738,-1.175415039,-1.366912842,1.691101074,5.28144E-05,0.461639404,0.198577881,-2.943237305,0.21295166,-3.270629883,-0.852531433,-3.040740967,-0.00136299,-0.00096056,-0.280715942,-0.00084993,0.79309082,1.839126587,-4.686340332,0.243675232,1.349731445,-2.820098877,8.57394E-05,8.8634E-05,0.000136837,1.050727844,-2.368469238,-1.690307617
14.16,-0.621398926,-1.802177429,2.475952148,-3.417907715,-3.408641815,1.134216309,-1.664550781,1.645492554,-0.189041138,-1.395998001,-0.997810364,-0.089735985,-3.266723633,-1.186157227,-1.39944458,1.682739258,0.000134101,0.462860107,0.125488281,-2.9480896,0.22064209,-3.29296875,-0.878219604,-3.053009033,-0.00136299,-0.000958307,-0.295928955,-0.000846927,0.820281982,1.837921143,-4.688720703,0.233917236,1.344696045,-2.84185791,-7.9155E-05,9.43244E-05,0.000119831,1.016876221,-2.386611938,-1.714569092
14.17,-0.618896484,-1.820426941,2.449264526,-3.41178894,-3.379890442,1.062255859,-1.672058105,1.58354187,-0.202262878,-1.382699966,-1.01750946,-0.148648262,-3.338012695,-1.252075195,-1.404266357,1.648040771,-1.33486E-05,0.493438721,0.087768555,-2.888458252,0.204040527,-3.282958984,-0.872093201,-3.00881958,-0.001355488,-0.000959058,-0.33013916,-0.000854435,0.826461792,1.839126587,-4.599121094,0.241233826,1.389801025,-2.821380615,-0.000179609,-8.123E-06,-1.62125E-05,1.02690506,-2.419250488,-1.750915527
14.18,-0.574707031,-1.870307922,2.40524292,-3.409317017,-3.360723495,1.061065674,-1.660827637,1.562889099,-0.195053101,-1.330718994,-1.079063416,-0.159693718,-3.314666748,-1.247253418,-1.338012695,1.619384766,-8.14013E-05,0.455505371,0.126708984,-2.896972656,0.183654785,-3.250854492,-0.831726074,-2.987945557,-0.001354738,-0.00096056,-0.314941406,-0.000855186,0.827697754,1.80670166,-4.520385742,0.241233826,1.39730835,-2.718963623,-5.83064E-05,-7.83205E-05,1.21295E-05,1.068283081,-2.409591675,-1.676849365
14.19,-0.567138672,-1.828941345,2.395904541,-3.390869141,-3.351140976,1.095184326,-1.629577637,1.609054565,-0.174613953,-1.29082489,-1.106147766,-0.104463577,-3.2605896,-1.258056641,-1.307876587,1.646850586,5.28144E-05,0.413909912,0.168121338,-2.890899658,0.17590332,-3.235961914,-0.824386597,-3.002685547,-0.001362239,-0.000961311,-0.28326416,-0.000852933,0.852416992,1.799499512,-4.496154785,0.235137939,1.349731445,-2.640899658,0.000127437,-1.76094E-05,0.000223752,1.058250427,-2.378143311,-1.632415771
14.2,-0.58480835,-1.74256897,2.383895874,-3.362564087,-3.333171844,1.101287842,-1.607055664,1.636985779,-0.150566101,-1.255767822,-1.06552124,-0.060278893,-3.283935547,-1.276000977,-1.371734619,1.605041504,-3.89665E-06,0.440826416,0.126708984,-2.831253052,0.178466797,-3.258300781,-0.867202759,-3.027236938,-0.001361489,-0.000958307,-0.256652832,-0.000853684,0.815322876,1.776702881,-4.438049316,0.225379944,1.344696045,-2.585845947,0.000199459,4.8792E-05,0.00019541,1.072044373,-2.375732422,-1.664733887
14.21,-0.597412109,-1.747436523,2.325180054,-3.37487793,-3.299629211,1.053741455,-1.598266602,1.615127563,-0.130126953,-1.175981522,-1.079063416,-0.065188408,-3.30480957,-1.262878418,-1.400665283,1.562011719,-0.000121099,0.455505371,0.099945068,-2.79473877,0.197692871,-3.274414063,-0.88066864,-3.03213501,-0.001352488,-0.000947793,-0.251586914,-0.000852933,0.799255371,1.726272583,-4.351989746,0.203414917,1.362243652,-2.507751465,4.40422E-05,6.96611E-05,-5.02206E-05,1.119689941,-2.397491455,-1.640472412
14.22,-0.603729248,-1.772987366,2.278503418,-3.415466309,-3.218168259,0.993988037,-1.548278809,1.568969727,-0.140945435,-1.080478668,-1.127067566,-0.071325302,-3.28024292,-1.25567627,-1.340423584,1.613372803,-4.92651E-05,0.448150635,0.140106201,-2.696151733,0.160644531,-3.278076172,-0.817047119,-3.019866943,-0.001356238,-0.000951548,-0.278198242,-0.000855186,0.868484497,1.720275879,-4.200622559,0.219276428,1.347198486,-2.428405762,-6.02026E-05,2.41287E-05,-0.000152253,1.128463745,-2.389038086,-1.633758545
14.23,-0.58605957,-1.748649597,2.295837402,-3.410552979,-3.101968765,1.014709473,-1.444458008,1.539810181,-0.118095398,-0.983766556,-1.119682312,-0.081144333,-3.279022217,-1.250854492,-1.265731812,1.652862549,-1.14581E-05,0.462860107,0.20098877,-2.568344116,0.168273926,-3.26574707,-0.747314453,-3.018630981,-0.00136674,-0.000965066,-0.266784668,-0.000861192,0.94758606,1.757492065,-4.024963379,0.302246094,1.337188721,-2.306762695,-5.45159E-05,-5.17592E-05,-7.47852E-05,1.149780273,-2.370895386,-1.616241455
14.24,-0.559539795,-1.741355896,2.299835205,-3.346603394,-2.976184845,1.072021484,-1.346923828,1.559249878,-0.019508362,-0.902772903,-1.067985535,-0.071325302,-3.231109619,-1.244873047,-1.22114563,1.642089844,-8.70731E-05,0.482421875,0.254577637,-2.514801025,0.266601563,-3.245849609,-0.725296021,-3.022323608,-0.001359239,-0.000958307,-0.273132324,-0.000855936,0.956253052,1.755096436,-3.92565918,0.363250732,1.350952148,-2.185150146,-0.000122748,-3.27863E-05,1.02408E-05,1.186141968,-2.398712158,-1.574493408
14.25,-0.495178223,-1.708503723,2.290512085,-3.34413147,-2.84680748,1.090332031,-1.306884766,1.610267639,0.034599304,-0.806060791,-1.058135986,0.030544281,-3.178253174,-1.250854492,-1.236801147,1.632507324,-5.68265E-05,0.488555908,0.285003662,-2.481933594,0.241088867,-3.248413086,-0.73752594,-3.019866943,-0.001352488,-0.000943286,-0.312393188,-0.000849179,0.938934326,1.726272583,-3.831176758,0.366912842,1.359741211,-2.104522705,-2.98768E-05,4.49978E-05,6.88173E-05,1.213726044,-2.380569458,-1.618927002
14.26,-0.414398193,-1.636726379,2.301177979,-3.356430054,-2.765348434,1.087890625,-1.281860352,1.649139404,0.035797119,-0.659786224,-1.071678162,0.123821259,-3.212646484,-1.270019531,-1.238021851,1.640899658,4.71435E-05,0.494659424,0.298400879,-2.436904907,0.188720703,-3.254516602,-0.730186462,-2.999008179,-0.001358489,-0.000955303,-0.294677734,-0.000862694,0.979721069,1.721466064,-3.701599121,0.366912842,1.322143555,-1.999542236,4.40422E-05,0.000109503,9.14894E-05,1.260120392,-2.308013916,-1.633758545
14.27,-0.415649414,-1.633079529,2.271835327,-3.264175415,-2.682689667,1.082977295,-1.210632324,1.619987488,0.070671082,-0.571537018,-1.061828613,0.104184151,-3.228637695,-1.250854492,-1.183807373,1.646850586,3.58019E-05,0.488555908,0.306915283,-2.35534668,0.239746094,-3.261962891,-0.688606262,-2.9425354,-0.001355488,-0.000977834,-0.279464722,-0.000867199,1.001983643,1.697463989,-3.563537598,0.385215759,1.327178955,-1.917602539,-0.000151178,8.48379E-05,3.10279E-05,1.288955688,-2.278991699,-1.565063477
14.28,-0.440887451,-1.633079529,2.231811523,-3.208831787,-2.548522949,1.101287842,-1.139282227,1.564109802,0.095916748,-0.519554138,-1.102455139,0.085773468,-3.213897705,-1.216125488,-1.152481079,1.648040771,3.39113E-05,0.488555908,0.310577393,-2.250686646,0.219360352,-3.23840332,-0.660461426,-2.911849976,-0.001350237,-0.000966568,-0.28453064,-0.000858189,0.998260498,1.696258545,-3.390319824,0.438896179,1.401092529,-1.82925415,-0.000143597,4.49978E-05,3.85828E-05,1.339111328,-2.281417847,-1.543548584
14.29,-0.420684814,-1.609970093,2.217132568,-3.255569458,-2.421541214,1.104949951,-1.070556641,1.5701828,0.115158081,-0.3781147,-1.122146606,0.096819878,-3.211425781,-1.210144043,-1.109115601,1.633728027,6.79381E-05,0.510559082,0.313018799,-2.19468689,0.193847656,-3.208740234,-0.639663696,-2.941314697,-0.001356989,-0.000949295,-0.257919312,-0.000857438,1.069961548,1.769500732,-3.200134277,0.466964722,1.407348633,-1.658996582,9.71127E-05,0.000141755,0.000142504,1.390518188,-2.271728516,-1.569122314
14.3,-0.385345459,-1.60874939,2.205123901,-3.259262085,-2.318517685,1.102508545,-0.963012695,1.617553711,0.192108154,-0.210079193,-1.081520081,0.139777184,-3.196685791,-1.223327637,-1.069335938,1.612213135,2.44593E-05,0.515441895,0.358062744,-2.122879028,0.246154785,-3.248413086,-0.588279724,-2.926589966,-0.001361489,-0.000965066,-0.231307983,-0.000854435,1.175018311,1.817520142,-3.049926758,0.45110321,1.369750977,-1.529724121,0.000129333,0.000141755,7.63759E-05,1.34412384,-2.262069702,-1.583953857
14.31,-0.327270508,-1.54548645,2.201126099,-3.208831787,-2.187942505,1.174407959,-0.857971191,1.643066406,0.254631042,-0.079521179,-1.098762512,0.268648148,-3.15612793,-1.253295898,-1.06211853,1.640899658,-2.00607E-06,0.515441895,0.407989502,-2.010894775,0.241088867,-3.256958008,-0.530784607,-2.886077881,-0.001352488,-0.000967319,-0.242721558,-0.000855186,1.210861206,1.797103882,-2.930053711,0.514549255,1.374786377,-1.447784424,-3.55635E-05,5.1558E-06,-5.9668E-05,1.345378876,-2.259643555,-1.587982178
14.32,-0.275512695,-1.482223511,2.194442749,-3.184234619,-2.042991638,1.264648438,-0.765380859,1.635772705,0.27747345,0.012353897,-1.124610901,0.328787804,-3.118041992,-1.256835938,-1.04284668,1.704223633,-9.56748E-06,0.527709961,0.39944458,-1.954910278,0.21295166,-3.188964844,-0.514884949,-2.886077881,-0.001350237,-0.000940282,-0.270584106,-0.000853684,1.200973511,1.744277954,-2.807678223,0.567016602,1.39730835,-1.335113525,-7.1574E-05,-2.51997E-05,3.10279E-05,1.416847229,-2.228210449,-1.583953857
14.33,-0.293212891,-1.491958618,2.1690979,-3.176864624,-1.954345703,1.274414063,-0.681640625,1.615127563,0.352020264,0.086097717,-1.097518921,0.287057877,-3.143829346,-1.237731934,-1.068145752,1.701812744,4.52539E-05,0.555847168,0.403106689,-1.898925781,0.238525391,-3.166625977,-0.527107239,-2.867660522,-0.001361489,-0.000947042,-0.278198242,-0.000841671,1.210861206,1.695068359,-2.679321289,0.53163147,1.384796143,-1.249359131,0.000108484,-2.33017E-05,0.000129279,1.411830902,-2.196762085,-1.565063477
14.34,-0.30960083,-1.479789734,2.158432007,-3.175628662,-1.883665085,1.22567749,-0.61529541,1.605407715,0.404922485,0.199731827,-1.067985535,0.298103333,-3.17578125,-1.212524414,-1.08380127,1.65045166,0.000115197,0.555847168,0.450592041,-1.807632446,0.244934082,-3.180297852,-0.524673462,-2.850479126,-0.001359239,-0.000969572,-0.265533447,-0.000841671,1.224456787,1.714263916,-2.548461914,0.564575195,1.363494873,-1.167449951,0.000129333,1.27461E-05,6.31474E-05,1.444431305,-2.189498901,-1.520629883
14.35,-0.257873535,-1.444519043,2.187774658,-3.167007446,-1.775852203,1.214660645,-0.540283203,1.624839783,0.371253967,0.330291748,-1.080291748,0.37788105,-3.142608643,-1.181396484,-1.035614014,1.640899658,5.84861E-05,0.524017334,0.512695313,-1.741912842,0.21295166,-3.162963867,-0.484291077,-2.883605957,-0.001352488,-0.000964315,-0.251586914,-0.000855186,1.288726807,1.774291992,-2.407958984,0.62802124,1.37979126,-1.044555664,-4.88292E-05,0.000113297,7.25947E-05,1.517154694,-2.173782349,-1.469482422
14.36,-0.192230225,-1.410453796,2.194442749,-3.133804321,-1.642881393,1.308532715,-0.439025879,1.641845703,0.43497467,0.460851669,-1.099983215,0.4441576,-3.091003418,-1.186157227,-1.02355957,1.661224365,3.76916E-05,0.541137695,0.574768066,-1.654281616,0.201477051,-3.114746094,-0.432922363,-2.911849976,-0.001361489,-0.000963564,-0.247787476,-0.000861192,1.434585571,1.794708252,-2.250488281,0.663406372,1.417388916,-0.917816162,-8.10511E-05,5.82784E-05,0.000106607,1.504615784,-2.155654907,-1.482940674
14.37,-0.149291992,-1.359352112,2.177093506,-3.094451904,-1.499128342,1.380462646,-0.36895752,1.638206482,0.569648743,0.575695038,-1.077827454,0.474841118,-3.04675293,-1.22088623,-0.991027832,1.646850586,2.25687E-05,0.59375,0.612518311,-1.561775208,0.238525391,-3.086181641,-0.417007446,-2.867660522,-0.001368991,-0.000965817,-0.241455078,-0.000860441,1.51864624,1.791091919,-2.090576172,0.737831116,1.448699951,-0.810272217,-2.60845E-05,-3.84785E-05,6.12587E-05,1.53470993,-2.149597168,-1.507171631
14.38,-0.137939453,-1.307044983,2.170425415,-3.069854736,-1.388917923,1.389007568,-0.33770752,1.652786255,0.604515076,0.665153503,-1.060600281,0.520252228,-3.003753662,-1.189758301,-0.919952393,1.626556396,-6.24983E-05,0.626800537,0.624694824,-1.499702454,0.286987305,-3.108520508,-0.402328491,-2.797683716,-0.001361489,-0.000954552,-0.245254517,-0.00085894,1.48651123,1.782699585,-1.957397461,0.746376038,1.42364502,-0.724517822,4.23938E-06,5.1558E-06,3.85828E-05,1.646297455,-2.132675171,-1.461395264
14.39,-0.132904053,-1.279060364,2.142425537,-3.063705444,-1.307458878,1.439025879,-0.23638916,1.677078247,0.627357483,0.772745132,-1.067985535,0.576710701,-2.991455078,-1.105895996,-0.903091431,1.658813477,-6.06077E-05,0.62310791,0.65637207,-1.414497375,0.312561035,-3.088745117,-0.360733032,-2.792785645,-0.001348737,-0.000954552,-0.241455078,-0.00084993,1.467956543,1.789901733,-1.845947266,0.719535828,1.39730835,-0.623382568,1.18203E-05,2.79229E-05,-1.24313E-05,1.680152893,-2.097610474,-1.439849854
14.4,-0.108917236,-1.262031555,2.121063232,-3.01574707,-1.228393555,1.457275391,-0.142578125,1.668571472,0.659820557,0.867038727,-1.048278809,0.587756157,-2.977935791,-1.137084961,-0.882614136,1.692260742,-5.87171E-05,0.604766846,0.692871094,-1.339042664,0.340637207,-3.041625977,-0.320365906,-2.794006348,-0.001354738,-0.00095305,-0.197097778,-0.00084993,1.509994507,1.830718994,-1.716369629,0.784202576,1.418640137,-0.499206543,-0.000111377,-1.0021E-05,-3.51034E-05,1.651313782,-2.09034729,-1.445220947
14.41,-0.077331543,-1.255950928,2.103729248,-2.950561523,-1.146934509,1.449981689,-0.100097656,1.686798096,0.673042297,0.935943604,-1.031051636,0.615984917,-2.933685303,-1.216125488,-0.85369873,1.667144775,-0.000109757,0.630462646,0.672180176,-1.323219299,0.363647461,-3.059082031,-0.273872375,-2.740005493,-0.00136524,-0.000951548,-0.185699463,-0.00085894,1.573013306,1.835510254,-1.589172363,0.836662292,1.42364502,-0.412139893,-0.000168236,-2.89921E-05,1.40183E-05,1.638778687,-2.123001099,-1.403503418
14.42,-0.040740967,-1.263252258,2.07170105,-2.959152222,-1.033130646,1.514587402,-0.026306152,1.725662231,0.717529297,1.025402069,-1.072906494,0.678580284,-2.904205322,-1.180175781,-0.858520508,1.643280029,-6.24983E-05,0.668395996,0.680725098,-1.267227173,0.329162598,-3.040405273,-0.261650085,-2.674942017,-0.001361489,-0.000962813,-0.223724365,-0.000848428,1.621231079,1.805496216,-1.474121094,0.824462891,1.437438965,-0.368652344,3.07746E-05,2.22307E-05,4.80302E-05,1.628746033,-2.113327026,-1.391357422
14.43,-0.031890869,-1.236488342,2.049026489,-2.938247681,-0.924118042,1.532867432,0.042480469,1.692871094,0.798088074,1.120904922,-1.095069885,0.700671196,-2.880859375,-1.145446777,-0.841644287,1.621795654,-1.90195E-05,0.647613525,0.761077881,-1.161331177,0.308776855,-2.987304688,-0.284889221,-2.650390625,-0.001359989,-0.000961311,-0.231307983,-0.000844674,1.655838013,1.82711792,-1.350524902,0.861068726,1.461242676,-0.284118652,0.000129333,4.6894E-05,0.000114162,1.655075073,-2.052856445,-1.392730713
14.44,-0.053344727,-1.193908691,2.066375732,-2.884140015,-0.834274292,1.507293701,0.103759766,1.686798096,0.85219574,1.191019058,-1.054443359,0.715399742,-2.841522217,-1.15020752,-0.823577881,1.608612061,-5.87171E-05,0.645141602,0.797607422,-1.137001038,0.367431641,-2.969848633,-0.261650085,-2.620941162,-0.001362239,-0.000961311,-0.202178955,-0.00085894,1.705276489,1.864334106,-1.263366699,0.918411255,1.466247559,-0.16506958,-2.04016E-05,1.0848E-05,0.000142504,1.710243225,-2.02142334,-1.352325439
14.45,-0.028106689,-1.164710999,2.101074219,-2.885375977,-0.733646393,1.554840088,0.148742676,1.758468628,0.860610962,1.276851654,-1.039665222,0.74608326,-2.81942749,-1.13104248,-0.810317993,1.630157471,-2.84715E-05,0.696533203,0.797607422,-1.118743896,0.386657715,-2.951293945,-0.227394104,-2.555892944,-0.001361489,-0.000959809,-0.162902832,-0.000852933,1.720108032,1.87272644,-1.189453125,0.913536072,1.477508545,-0.10748291,-0.000134122,4.6894E-05,2.15769E-05,1.727798462,-2.025054932,-1.324035645
14.46,0.017333984,-1.131858826,2.054367065,-2.869369507,-0.667758942,1.60357666,0.162536621,1.762107849,0.883460999,1.363891602,-1.026123047,0.773084641,-2.813262939,-1.120300293,-0.783813477,1.603851318,1.50073E-05,0.691650391,0.812194824,-1.035964966,0.367431641,-2.957519531,-0.224945068,-2.562026978,-0.00136299,-0.000956054,-0.127426147,-0.000848428,1.71887207,1.860733032,-1.085327148,0.940376282,1.463745117,-0.058837891,-0.000107586,5.1558E-06,-6.53379E-05,1.740337372,-2.028686523,-1.322692871
14.47,0.042572021,-1.122123718,2.00100708,-2.859542847,-0.604269028,1.614593506,0.200012207,1.726882935,0.89427948,1.423126221,-1.010116577,0.813586235,-2.769042969,-1.085571289,-0.785018921,1.588317871,-1.71289E-05,0.646392822,0.793945313,-0.979980469,0.400634766,-2.967407227,-0.212715149,-2.590255737,-0.001359989,-0.000965066,-0.135025024,-0.000861943,1.767089844,1.847518921,-0.999267578,0.99772644,1.470001221,0.033325195,-1.44541E-06,-6.88341E-05,1.02408E-05,1.744098663,-2.020217896,-1.325378418
14.48,0.058990479,-1.142807007,2.00100708,-2.857070923,-0.52161026,1.652374268,0.260070801,1.75239563,0.925537109,1.53313446,-1.029815674,0.854088783,-2.703887939,-1.063964844,-0.756103516,1.595489502,-2.46903E-05,0.65246582,0.784179688,-0.960502625,0.40838623,-2.924072266,-0.195587158,-2.523971558,-0.001359989,-0.000961311,-0.167953491,-0.000861943,1.846176147,1.82951355,-0.919372559,0.99772644,1.527618408,0.113983154,7.81566E-05,1.84365E-05,4.04753E-05,1.731559753,-1.986358643,-1.328063965
14.49,0.0652771,-1.131858826,1.980987549,-2.821395874,-0.476089478,1.682861328,0.320129395,1.78276062,1.003692627,1.644351959,-1.018730164,0.888455391,-2.706359863,-1.120300293,-0.694671631,1.530975342,1.50073E-05,0.717315674,0.854827881,-0.913040161,0.403259277,-2.883300781,-0.158882141,-2.476104736,-0.001356989,-0.000956054,-0.169235229,-0.000859691,1.893157959,1.828308105,-0.828491211,1.025787354,1.546447754,0.166473389,1.7507E-05,6.20726E-05,-4.64432E-05,1.759143829,-1.956130981,-1.299804688
14.5,0.100646973,-1.08441925,1.967651367,-2.816467285,-0.409004211,1.674285889,0.363891602,1.805839539,1.048179626,1.680618286,-0.987960815,0.936321259,-2.726013184,-1.101135254,-0.705505371,1.521392822,-5.78631E-06,0.75894165,0.913238525,-0.840011597,0.476013184,-2.893188477,-0.111175537,-2.48223877,-0.001349487,-0.000961311,-0.174301147,-0.000870953,1.885742188,1.887130737,-0.753417969,1.084350586,1.505065918,0.225341797,-8.67378E-05,-2.14037E-05,-4.45545E-05,1.779205322,-1.942825317,-1.270172119
14.51,0.144836426,-1.056434631,1.942306519,-2.786956787,-0.337129593,1.686523438,0.377685547,1.814346313,1.0806427,1.732601166,-0.967041016,0.986641884,-2.675628662,-1.028076172,-0.724777222,1.54888916,-2.09091E-05,0.725891113,0.910827637,-0.813232422,0.506652832,-2.886962891,-0.090377808,-2.463806152,-0.001356989,-0.000954552,-0.170501709,-0.000865697,1.891921997,1.901550293,-0.689208984,1.083137512,1.473754883,0.314971924,-9.62131E-05,-9.34973E-05,5.18113E-05,1.755382538,-1.937988281,-1.287689209
14.52,0.175140381,-1.054000854,1.91027832,-2.69102478,-0.323949814,1.710876465,0.413879395,1.783973694,1.095069885,1.791835785,-0.969490051,0.991551399,-2.641235352,-1.049621582,-0.704315186,1.493896484,6.03767E-05,0.723449707,0.909606934,-0.777938843,0.451782227,-2.859741211,-0.08303833,-2.44418335,-0.001359239,-0.000950797,-0.140090942,-0.000854435,1.899337769,1.87272644,-0.612915039,1.062393188,1.508850098,0.385375977,-3.36673E-05,-3.27863E-05,7.82609E-05,1.756637573,-1.956130981,-1.289031982
14.53,0.18649292,-1.057655334,1.907608032,-2.65045166,-0.268846512,1.713348389,0.482727051,1.805839539,1.085456848,1.837774277,-1.015052795,0.957185745,-2.657196045,-1.054443359,-0.681411743,1.493896484,6.41569E-05,0.756500244,0.929077148,-0.720733643,0.447875977,-2.858520508,-0.068359375,-2.44909668,-0.001348737,-0.000956054,-0.141357422,-0.000861943,1.909225464,1.888336182,-0.49420166,1.084350586,1.545196533,0.409698486,6.13369E-06,3.93074E-05,3.85828E-05,1.805538177,-1.911376953,-1.262084961
14.54,0.168823242,-1.044273376,1.894271851,-2.708251953,-0.17540741,1.729187012,0.511413574,1.884803772,1.134750366,1.930856705,-1.012588501,0.965777397,-2.646118164,-1.01373291,-0.683822632,1.517791748,1.31167E-05,0.766296387,0.968048096,-0.695175171,0.482421875,-2.84362793,-0.046333313,-2.425765991,-0.001353238,-0.00095305,-0.14515686,-0.00086795,1.987106323,1.89553833,-0.402160645,1.142921448,1.533905029,0.485229492,-3.36673E-05,-5.93476E-05,-2.56598E-05,1.865718842,-1.846084595,-1.22845459
14.55,0.171356201,-1.034538269,1.894271851,-2.763595581,-0.128688812,1.788909912,0.520202637,1.878730774,1.193664551,2.019107819,-0.978118896,1.045554161,-2.61050415,-1.010131836,-0.687438965,1.468841553,3.39113E-05,0.806640625,0.999725342,-0.634315491,0.493896484,-2.837402344,-0.056121826,-2.366836548,-0.00136524,-0.000950046,-0.140090942,-0.000861943,2.02293396,1.91355896,-0.369445801,1.196609497,1.535186768,0.556915283,-2.2294E-05,-0.000114366,-8.61213E-05,1.870735168,-1.879943848,-1.182647705
14.56,0.178894043,-1.015075684,1.875595093,-2.719329834,-0.101133347,1.83770752,0.527709961,1.804626465,1.226127625,2.033613205,-0.984268188,1.120422363,-2.562561035,-1.018493652,-0.612747192,1.46762085,1.31167E-05,0.82623291,1.009460449,-0.584411621,0.528320313,-2.818847656,-0.068359375,-2.341079712,-0.001358489,-0.000965817,-0.156570435,-0.000855186,2.000686646,1.939956665,-0.340393066,1.172203064,1.552703857,0.558197021,1.94032E-05,-5.55534E-05,-6.72266E-05,1.821838379,-1.881164551,-1.212280273
14.57,0.178894043,-0.948158264,1.815567017,-2.667663574,-0.0819664,1.812072754,0.526428223,1.828918457,1.26700592,2.037239075,-0.967041016,1.131467819,-2.508514404,-1.01965332,-0.612747192,1.489135742,-4.54839E-05,0.76751709,0.996063232,-0.601455688,0.525817871,-2.791625977,-0.046333313,-2.341079712,-0.001347237,-0.000969572,-0.137557983,-0.00084993,2.015518188,1.91595459,-0.300354004,1.098999023,1.570220947,0.573547363,-6.3993E-05,-4.03766E-05,-2.98396E-06,1.789234161,-1.807388306,-1.260742188
14.58,0.176391602,-0.940856934,1.774215698,-2.684890747,-0.052019119,1.758422852,0.557739258,1.87387085,1.239356995,2.096475601,-0.955955505,1.114285469,-2.522033691,-1.024475098,-0.688644409,1.46762085,-7.67689E-06,0.749145508,0.965637207,-0.614837646,0.456848145,-2.842407227,-0.068359375,-2.305465698,-0.001348737,-0.000951548,-0.086868286,-0.000849179,2.026657104,1.89074707,-0.238647461,1.088012695,1.574005127,0.636291504,-9.43169E-05,-1.0021E-05,9.33781E-05,1.796760559,-1.819488525,-1.205535889
14.59,0.11706543,-1.016288757,1.767532349,-2.671340942,0.025846481,1.742614746,0.585266113,1.837425232,1.172019958,2.146039963,-0.970733643,1.097103119,-2.567474365,-1.030456543,-0.62600708,1.434173584,4.52539E-05,0.784637451,0.969268799,-0.588058472,0.482421875,-2.84362793,-0.081809998,-2.261276245,-0.001351738,-0.000950797,-0.088134766,-0.000852933,2.040252686,1.91355896,-0.167175293,1.138038635,1.569000244,0.729736328,-3.34159E-06,1.0848E-05,8.96007E-05,1.858196259,-1.853347778,-1.163787842
14.6,0.104431152,-1.030891418,1.763534546,-2.627075195,0.077358246,1.770629883,0.587768555,1.845932007,1.192466736,2.167800903,-0.946105957,1.119194984,-2.550292969,-1.047241211,-0.565765381,1.376831055,1.12271E-05,0.794433594,1.015533447,-0.51259613,0.580749512,-2.758300781,-0.026763916,-2.241653442,-0.001357739,-0.000956805,-0.126144409,-0.000849179,2.084747314,1.945968628,-0.089660645,1.219787598,1.585296631,0.782196045,4.78327E-05,-1.0021E-05,-5.02206E-05,1.908348083,-1.798919678,-1.161102295
14.61,0.206695557,-0.954246521,1.734176636,-2.5987854,0.089338303,1.793823242,0.620239258,1.903022766,1.293464661,2.228242874,-0.927642822,1.171970367,-2.499908447,-1.053222656,-0.593460083,1.343353271,-4.92651E-05,0.82623291,1.064239502,-0.462692261,0.580749512,-2.754516602,0.003814697,-2.239181519,-0.00136524,-0.000956805,-0.126144409,-0.000848428,2.123062134,1.953170776,-0.048461914,1.242973328,1.609069824,0.76940918,3.26689E-05,-1.57133E-05,-1.24313E-05,1.883274078,-1.76385498,-1.11529541
14.62,0.257171631,-0.918968201,1.69682312,-2.566802979,0.1743927,1.793823242,0.630249023,1.909095764,1.365600586,2.28506279,-0.920249939,1.173197746,-2.453216553,-1.010131836,-0.586242676,1.369659424,-6.06077E-05,0.867828369,1.078857422,-0.45539093,0.53729248,-2.759521484,0.016052246,-2.274780273,-0.001359239,-0.000961311,-0.104614258,-0.000867199,2.131713867,1.956756592,-0.059326172,1.183189392,1.615356445,0.787353516,-1.09226E-05,-4.7965E-05,0.000106607,1.864467621,-1.783203125,-1.136871338
14.63,0.228149414,-0.957893372,1.671478271,-2.561889648,0.224702835,1.83770752,0.614013672,1.889663696,1.32472229,2.280225754,-0.895637512,1.162151337,-2.447052002,-0.981384277,-0.583831787,1.385192871,-1.15484E-07,0.843353271,1.044769287,-0.442008972,0.550109863,-2.716186523,0.027069092,-2.277236938,-0.001347987,-0.000969572,-0.079269409,-0.000879212,2.105743408,1.947158813,-0.03515625,1.153900146,1.585296631,0.814208984,6.13369E-06,-7.26283E-05,7.82609E-05,1.882022858,-1.784423828,-1.22845459
14.64,0.206695557,-0.957893372,1.65814209,-2.55696106,0.170797348,1.875488281,0.64276123,1.882369995,1.274223328,2.297151566,-0.932571411,1.176879883,-2.480255127,-0.988525391,-0.601898193,1.39831543,3.76916E-05,0.801757813,0.992401123,-0.443222046,0.602478027,-2.737304688,-0.016975403,-2.224472046,-0.001347987,-0.000971074,-0.070404053,-0.000863445,2.089675903,1.930358887,0.00970459,1.142921448,1.552703857,0.816772461,4.97289E-05,-4.03766E-05,4.80302E-05,1.880764008,-1.773544312,-1.221679688
14.65,0.19152832,-0.950592041,1.647460938,-2.529922485,0.171995163,1.820648193,0.677734375,1.896949768,1.300674438,2.355176926,-0.980575562,1.185471535,-2.45690918,-0.948974609,-0.586242676,1.406646729,2.06791E-05,0.821350098,0.953430176,-0.429832458,0.604980469,-2.747070313,-0.026763916,-2.209732056,-0.001348737,-0.000959809,-0.090667725,-0.000850681,2.113174438,1.935150146,0.029052734,1.130722046,1.567749023,0.852630615,4.5076E-07,-4.03766E-05,5.37001E-05,1.854438782,-1.786834717,-1.144958496
14.66,0.197845459,-0.977355957,1.636779785,-2.523757935,0.249860764,1.801116943,0.675292969,1.898162842,1.306686401,2.345506668,-0.962104797,1.213700294,-2.405273438,-0.919067383,-0.570587158,1.367248535,3.58019E-05,0.835998535,0.979003906,-0.394538879,0.55267334,-2.701293945,0.040519714,-2.201141357,-0.001345737,-0.000952299,-0.084335327,-0.000855936,2.158905029,1.944763184,0.064208984,1.146583557,1.639160156,0.896148682,-3.17711E-05,-6.12456E-05,2.91355E-05,1.850673676,-1.769897461,-1.130126953
14.67,0.235717773,-0.94694519,1.656799316,-2.486862183,0.302570343,1.838897705,0.670288086,1.899375916,1.311500549,2.318910599,-0.937492371,1.212472916,-2.370880127,-0.953796387,-0.546478271,1.355285645,8.49515E-05,0.831115723,1.037445068,-0.387229919,0.570495605,-2.700073242,0.071098328,-2.179046631,-0.001343486,-0.000949295,-0.066604614,-0.000861943,2.17250061,1.957962036,0.094482422,1.184402466,1.684265137,0.965270996,1.7507E-05,1.0848E-05,1.40183E-05,1.882022858,-1.70703125,-1.124725342
14.68,0.262207031,-0.864219666,1.655471802,-2.430267334,0.307361603,1.83770752,0.701538086,1.934608459,1.360794067,2.367265701,-0.927642822,1.202653885,-2.345062256,-0.953796387,-0.500701904,1.369659424,0.00012654,0.883728027,1.0496521,-0.354370117,0.630554199,-2.716186523,0.034408569,-2.180282593,-0.001350987,-0.000947042,-0.064071655,-0.000866448,2.155197144,1.980773926,0.127197266,1.216133118,1.62286377,1.059997559,2.31937E-05,4.49978E-05,6.46338E-06,1.892051697,-1.719116211,-1.074920654
14.69,0.269805908,-0.810691833,1.611434937,-2.442581177,0.31934166,1.840118408,0.741577148,1.955253601,1.393257141,2.434963226,-0.912864685,1.260338783,-2.373321533,-0.939453125,-0.517562866,1.331420898,0.000120869,0.919189453,1.037445068,-0.33732605,0.625427246,-2.685180664,0.019729614,-2.156936646,-0.00136524,-0.000947793,-0.064071655,-0.000859691,2.131713867,1.990386963,0.17565918,1.192947388,1.576507568,1.038238525,-1.47149E-05,-4.22727E-05,-2.56598E-05,1.888290405,-1.748138428,-1.087036133
14.7,0.266021729,-0.828941345,1.615447998,-2.449951172,0.330123901,1.849853516,0.727783203,1.949180603,1.399269104,2.467603683,-0.901786804,1.25297451,-2.38192749,-0.958618164,-0.565765381,1.276397705,2.25687E-05,0.880065918,1.03503418,-0.392105103,0.602478027,-2.655517578,0.023391724,-2.116439819,-0.001361489,-0.000946291,-0.061538696,-0.00084993,2.124282837,1.979568481,0.192565918,1.161224365,1.611602783,0.957611084,-3.34159E-06,1.46423E-05,2.72468E-05,1.897068024,-1.700973511,-1.136871338
14.71,0.253387451,-0.877601624,1.611434937,-2.417984009,0.292985916,1.809631348,0.712768555,1.949180603,1.380027771,2.433755875,-0.900558472,1.180562019,-2.331542969,-0.951416016,-0.535644531,1.270477295,-5.49359E-05,0.849487305,1.038665771,-0.371406555,0.61907959,-2.654296875,0.033180237,-2.101699829,-0.001355488,-0.000947042,-0.038726807,-0.00084993,2.157669067,1.955566406,0.198669434,1.184402466,1.615356445,0.981933594,5.54137E-05,7.34553E-05,0.000108492,1.87449646,-1.687683105,-1.120697021
14.72,0.260986328,-0.906799316,1.550079346,-2.425354004,0.321735382,1.776733398,0.741577148,1.955253601,1.339149475,2.42408371,-0.912864685,1.210018158,-2.297149658,-0.920288086,-0.487457275,1.289581299,1.12271E-05,0.864135742,1.0496521,-0.317855835,0.627990723,-2.680297852,0.079673767,-2.10786438,-0.00136749,-0.000950797,-0.036193848,-0.000845425,2.167556763,1.945968628,0.216796875,1.194168091,1.6065979,1.06640625,2.88785E-05,-6.31418E-05,2.34693E-05,1.83562851,-1.68888855,-1.088378906
14.73,0.273590088,-0.894638062,1.518051147,-2.427825928,0.399604797,1.816986084,0.724060059,1.939468384,1.342758179,2.500244141,-0.92149353,1.262793541,-2.287322998,-0.91784668,-0.505523682,1.277648926,8.68421E-05,0.892272949,1.064239502,-0.356811523,0.612670898,-2.674072266,0.083335876,-2.118881226,-0.00136824,-0.000950046,-0.066604614,-0.000843923,2.160140991,1.974777222,0.222900391,1.169761658,1.655456543,1.093292236,-3.9354E-05,-0.00010488,-1.24313E-05,1.853179932,-1.665908813,-1.101837158
14.74,0.281158447,-0.83745575,1.532730103,-2.404464722,0.375644684,1.864532471,0.721557617,1.924888611,1.399269104,2.547389984,-0.916557312,1.265248299,-2.311889648,-0.933410645,-0.530822754,1.266876221,6.98287E-05,0.89352417,1.075195313,-0.358024597,0.617736816,-2.604858398,0.07233429,-2.096801758,-0.001352488,-0.000946291,-0.069137573,-0.000849179,2.181152344,1.990386963,0.248352051,1.191726685,1.680511475,1.06640625,3.83556E-05,-8.78051E-05,8.20421E-05,1.909606934,-1.681625366,-1.10723877
14.75,0.307678223,-0.803390503,1.53805542,-2.392150879,0.360071182,1.852325439,0.800354004,1.945541382,1.419708252,2.532884598,-0.906715393,1.259111404,-2.305755615,-0.920288086,-0.536849976,1.268066406,-1.71289E-05,0.883728027,1.076416016,-0.302032471,0.613952637,-2.598632813,0.08946228,-2.074707031,-0.001353988,-0.000947042,-0.052658081,-0.000851432,2.183624268,1.985580444,0.29675293,1.22467041,1.644165039,1.061279297,0.000112275,-7.45263E-05,9.33781E-05,1.898319244,-1.693725586,-1.081665039
14.76,0.322814941,-0.842323303,1.50604248,-2.374923706,0.387622833,1.813293457,0.836608887,1.952827454,1.396865845,2.515958786,-0.904251099,1.244382858,-2.230773926,-0.915466309,-0.536849976,1.251342773,-4.54839E-05,0.891052246,1.078857422,-0.261863708,0.589660645,-2.64440918,0.052757263,-2.083312988,-0.001359239,-0.000954552,-0.05519104,-0.000855936,2.195983887,1.974777222,0.289489746,1.200263977,1.607849121,1.08303833,4.5076E-07,4.12036E-05,7.25947E-05,1.831867218,-1.67074585,-1.060119629
14.77,0.310211182,-0.887336731,1.515380859,-2.350326538,0.388820648,1.802307129,0.805358887,1.917602539,1.387245178,2.525630951,-0.907943726,1.266475677,-2.225860596,-0.928649902,-0.495880127,1.269287109,4.33633E-05,0.886199951,1.087371826,-0.257003784,0.61517334,-2.61340332,0.031967163,-2.063644409,-0.001349487,-0.000956054,-0.060272217,-0.000857438,2.205871582,1.971176147,0.272521973,1.184402466,1.597808838,1.098419189,-0.000103794,2.22307E-05,2.91355E-05,1.819328308,-1.652603149,-1.022399902
14.78,0.291259766,-0.871520996,1.548736572,-2.342956543,0.425958633,1.843811035,0.782836914,1.935821533,1.407684326,2.563106537,-0.909172058,1.291022301,-2.270111084,-0.91784668,-0.468170166,1.290771484,3.20207E-05,0.887420654,1.070343018,-0.303260803,0.657348633,-2.588745117,0.074775696,-2.030517578,-0.001352488,-0.000950046,-0.046325684,-0.000857438,2.181152344,2.00958252,0.330688477,1.214912415,1.627868652,1.10736084,-6.58892E-05,-3.46843E-05,-3.88846E-05,1.888290405,-1.634475708,-1.021057129
14.79,0.293792725,-0.848403931,1.55140686,-2.356491089,0.431949615,1.858428955,0.767822266,1.995346069,1.430534363,2.607833862,-0.901786804,1.277522087,-2.240600586,-0.919067383,-0.505523682,1.251342773,-4.73754E-05,0.920410156,1.066680908,-0.300819397,0.649719238,-2.61340332,0.094352722,-2.032958984,-0.00136299,-0.000949295,-0.05519104,-0.000863445,2.213287354,2.033599854,0.359741211,1.234436035,1.660461426,1.126556396,-3.9354E-05,6.96611E-05,-1.81012E-05,1.927158356,-1.617538452,-1.042602539
14.8,0.32913208,-0.836242676,1.548736572,-2.334365845,0.387622833,1.819396973,0.759094238,1.978340149,1.404083252,2.628385544,-0.909172058,1.30206871,-2.212341309,-0.934631348,-0.511535645,1.225036621,2.82396E-05,0.906982422,1.083709717,-0.242393494,0.662414551,-2.609741211,0.050308228,-2.05506897,-0.001359989,-0.000956054,-0.060272217,-0.000862694,2.242950439,1.999984741,0.342773438,1.221008301,1.644165039,1.164978027,-4.31444E-05,0.000132268,-6.76513E-06,1.873245239,-1.632064819,-1.011627197
14.81,0.350585938,-0.814338684,1.498046875,-2.293762207,0.412780762,1.81817627,0.79284668,1.966186523,1.380027771,2.61387825,-0.906715393,1.310660362,-2.228302002,-0.927429199,-0.475402832,1.244171143,0.000113307,0.869049072,1.072753906,-0.244827271,0.675231934,-2.578735352,0.028289795,-2.041564941,-0.001359239,-0.000964315,-0.015930176,-0.000854435,2.195983887,1.983184814,0.396118164,1.229545593,1.62286377,1.199523926,-1.47149E-05,6.96611E-05,-6.34454E-05,1.865718842,-1.6381073,-1.019714355
14.82,0.3203125,-0.824073792,1.471374512,-2.29989624,0.463094711,1.825500488,0.820373535,2.006278992,1.41129303,2.633220673,-0.893173218,1.278749466,-2.204956055,-0.90826416,-0.468170166,1.246582031,6.79381E-05,0.926544189,1.077636719,-0.24848175,0.643310547,-2.57019043,0.091903687,-1.986328125,-0.001353238,-0.000954552,0.004348755,-0.000852933,2.186096191,2.013198853,0.432434082,1.252731323,1.641662598,1.205963135,-7.53645E-05,-9.34973E-05,-5.40018E-05,1.920886993,-1.606658936,-1.050689697
14.83,0.313964844,-0.824073792,1.51272583,-2.310974121,0.472677231,1.826690674,0.83782959,1.992912292,1.435340881,2.670696259,-0.907943726,1.327842712,-2.160736084,-0.869934082,-0.469390869,1.231048584,6.41569E-05,0.98651123,1.121459961,-0.197364807,0.664978027,-2.584960938,0.143287659,-1.967910767,-0.001349487,-0.000941033,-0.013381958,-0.000860441,2.193511963,2.022796631,0.419128418,1.22467041,1.655456543,1.199523926,-0.000124643,-0.000142824,1.40183E-05,1.91211319,-1.587310791,-1.010284424
14.84,0.355651855,-0.782707214,1.479370117,-2.298690796,0.473875046,1.843811035,0.847900391,1.952827454,1.455780029,2.661026001,-0.904251099,1.348707199,-2.170562744,-0.874694824,-0.477813721,1.23223877,7.92798E-05,0.969390869,1.134857178,-0.175453186,0.710998535,-2.562744141,0.131057739,-1.958099365,-0.001351738,-0.000949295,-0.000717163,-0.000861943,2.186096191,1.985580444,0.428771973,1.206367493,1.659210205,1.205963135,-1.85054E-05,2.22307E-05,-4.87268E-06,1.879512787,-1.609085083,-1.014312744
14.85,0.358154297,-0.758384705,1.434005737,-2.275299072,0.499031067,1.820648193,0.820373535,1.972267151,1.450973511,2.687620163,-0.884559631,1.279976845,-2.186553955,-0.91784668,-0.504318237,1.250152588,1.50073E-05,0.979156494,1.117797852,-0.188842773,0.698181152,-2.525634766,0.135948181,-1.911453247,-0.001348737,-0.000956805,0.043624878,-0.000854435,2.221939087,1.968780518,0.434875488,1.242973328,1.679260254,1.23538208,4.02518E-05,2.60249E-05,-7.47852E-05,1.875751495,-1.630844116,-1.041259766
14.86,0.353118896,-0.766891479,1.455352783,-2.269165039,0.507417679,1.814544678,0.812866211,2.000198364,1.406478882,2.717842102,-0.896865845,1.282430649,-2.159515381,-0.872375488,-0.50793457,1.25970459,8.68421E-05,1.004852295,1.082489014,-0.196136475,0.686706543,-2.555297852,0.135948181,-1.897964478,-0.001351738,-0.000965066,0.043624878,-0.000856687,2.226882935,1.979568481,0.454223633,1.24785614,1.67175293,1.25201416,-4.50406E-05,-8.78051E-05,-6.76513E-06,1.87449646,-1.632064819,-1.004882813
14.87,0.364471436,-0.791229248,1.435348511,-2.281463623,0.478668213,1.808441162,0.804077148,1.985626221,1.417304993,2.677949905,-0.910415649,1.309432983,-2.142303467,-0.840026855,-0.503112793,1.226226807,0.000156785,0.99017334,1.056915283,-0.214401245,0.708435059,-2.563964844,0.091903687,-1.91267395,-0.001351738,-0.000974078,0.006881714,-0.000860441,2.188568115,2.00718689,0.496643066,1.222229004,1.642944336,1.227722168,-9.43169E-05,-3.46843E-05,8.77082E-05,1.895812988,-1.6381073,-1.010284424
14.88,0.327850342,-0.766891479,1.39932251,-2.261779785,0.485853195,1.777954102,0.801635742,1.985626221,1.443756104,2.686412811,-0.905479431,1.29224968,-2.152130127,-0.885498047,-0.49949646,1.192810059,9.33651E-06,0.976715088,1.088592529,-0.208312988,0.732666016,-2.489746094,0.082115173,-1.911453247,-0.001353238,-0.000961311,-0.00831604,-0.000860441,2.200927734,2.042007446,0.514770508,1.218566895,1.642944336,1.199523926,-4.50406E-05,-6.50398E-05,3.10279E-05,1.91336441,-1.62600708,-1.016998291
14.89,0.33291626,-0.727966309,1.411331177,-2.22366333,0.528978348,1.809631348,0.845397949,2.007492065,1.428123474,2.715425491,-0.879623413,1.293477058,-2.125091553,-0.873535156,-0.460952759,1.195159912,-1.14581E-05,0.998748779,1.133636475,-0.155982971,0.746765137,-2.450073242,0.120040894,-1.888122559,-0.00136374,-0.000950046,-0.018463135,-0.000872455,2.233062744,2.045608521,0.507507324,1.238090515,1.651672363,1.221282959,1.37165E-05,-0.000127647,-6.53379E-05,1.910858154,-1.604232788,-0.96182251
14.9,0.404876709,-0.724319458,1.420669556,-2.222427368,0.524188995,1.815734863,0.850402832,2.037864685,1.443756104,2.703336716,-0.839012146,1.316797256,-2.069793701,-0.866333008,-0.422393799,1.161682129,9.81838E-05,1.010955811,1.142150879,-0.149894714,0.751831055,-2.479858398,0.162857056,-1.853744507,-0.001361489,-0.000956054,-0.019729614,-0.000873205,2.245422363,2.051605225,0.507507324,1.250289917,1.67300415,1.2840271,7.24737E-05,5.1558E-06,-5.77793E-05,1.930919647,-1.592147827,-0.936218262
14.91,0.396026611,-0.680519104,1.439346313,-2.211349487,0.501426697,1.791351318,0.835327148,2.064582825,1.455780029,2.728723526,-0.852546692,1.369571686,-2.077148438,-0.880737305,-0.426010132,1.143798828,1.87885E-05,0.982818604,1.140930176,-0.182754517,0.740356445,-2.48840332,0.164085388,-1.858673096,-0.001353988,-0.00096056,-0.001983643,-0.000857438,2.246673584,2.063598633,0.51965332,1.218566895,1.716827393,1.294250488,9.90089E-05,6.96611E-05,3.48054E-05,1.954742432,-1.555877686,-0.938903809
14.92,0.339233398,-0.648887634,1.432662964,-2.169525146,0.52538681,1.81817627,0.844116211,2.052436829,1.4401474,2.752901077,-0.910415649,1.400256157,-2.090698242,-0.847167969,-0.424804688,1.179626465,-7.19503E-05,0.9815979,1.137268066,-0.157196045,0.726318359,-2.487304688,0.11882019,-1.867279053,-0.001353988,-0.000964315,0.000549316,-0.000855936,2.224411011,2.054000854,0.515991211,1.185623169,1.71307373,1.245635986,6.6787E-05,-2.14037E-05,5.55888E-05,1.929664612,-1.520812988,-0.949676514
14.93,0.3203125,-0.702423096,1.380645752,-2.163391113,0.521793365,1.797454834,0.836608887,2.034217834,1.436546326,2.713006973,-0.905479431,1.367117882,-2.039093018,-0.817260742,-0.403121948,1.179626465,7.44592E-06,1.002410889,1.11050415,-0.138938904,0.730163574,-2.508300781,0.117591858,-1.843933105,-0.001357739,-0.000959809,0.017028809,-0.000862694,2.221939087,2.051605225,0.517211914,1.17830658,1.706817627,1.220001221,1.56127E-05,5.1558E-06,2.53581E-05,1.880764008,-1.532897949,-0.960449219
14.94,0.317779541,-0.741348267,1.37663269,-2.183074951,0.491844177,1.743804932,0.816589355,2.009918213,1.435340881,2.671905518,-0.887016296,1.316797256,-2.044006348,-0.794494629,-0.4115448,1.159332275,7.73901E-05,0.995056152,1.108062744,-0.174232483,0.726318359,-2.458740234,0.127380371,-1.839035034,-0.001356989,-0.000946291,0.048690796,-0.000860441,2.229354858,2.049194336,0.546264648,1.214912415,1.721862793,1.236663818,-2.04016E-05,6.7763E-05,2.68593E-06,1.877006531,-1.53894043,-0.949676514
14.95,0.331665039,-0.732833862,1.389984131,-2.203979492,0.507417679,1.74017334,0.794128418,1.981987,1.438941956,2.705755234,-0.907943726,1.29224968,-2.077148438,-0.802856445,-0.415161133,1.173675537,7.36089E-05,0.988952637,1.11050415,-0.166931152,0.719909668,-2.41796875,0.117591858,-1.839035034,-0.001354738,-0.000959809,0.019546509,-0.000850681,2.183624268,2.042007446,0.559570313,1.252731323,1.700561523,1.271240234,-4.88292E-05,1.46423E-05,-4.07733E-05,1.899570465,-1.511123657,-0.963134766
14.96,0.358154297,-0.714584351,1.381973267,-2.196594238,0.518198013,1.74017334,0.79284668,1.991699219,1.417304993,2.762571335,-0.895637512,1.305750847,-2.024353027,-0.842407227,-0.37902832,1.185638428,1.31167E-05,0.98651123,1.073974609,-0.140159607,0.73651123,-2.480957031,0.149398804,-1.803436279,-0.00136449,-0.000973327,0.001815796,-0.000852182,2.189804077,2.028793335,0.557189941,1.244194031,1.714355469,1.296813965,-3.34159E-06,-2.43261E-06,-7.28928E-05,1.907096863,-1.51234436,-0.980651855
14.97,0.380889893,-0.697555542,1.37663269,-2.156005859,0.537366867,1.759674072,0.821594238,2.019638062,1.39806366,2.760154724,-0.88331604,1.318024635,-1.978851318,-0.830383301,-0.371795654,1.150970459,-1.33486E-05,0.982818604,1.09588623,-0.136497498,0.750549316,-2.497070313,0.159187317,-1.792373657,-0.00136674,-0.000955303,0.049972534,-0.000867199,2.278808594,2.015594482,0.555969238,1.268592834,1.730651855,1.291717529,0.000117961,-3.84785E-05,-8.23438E-05,1.915874481,-1.531692505,-0.932189941
14.98,0.382141113,-0.682952881,1.361968994,-2.13508606,0.580490112,1.810882568,0.84161377,2.036651611,1.45337677,2.761363983,-0.905479431,1.33029747,-1.999755859,-0.799255371,-0.410354614,1.172454834,0.000124649,0.996307373,1.161651611,-0.142585754,0.762023926,-2.451293945,0.146957397,-1.810806274,-0.001360739,-0.000950797,0.065170288,-0.000863445,2.265213013,2.044403076,0.542602539,1.289337158,1.67175293,1.287872314,0.000100901,-0.000112468,-5.21094E-05,1.903335571,-1.514770508,-0.898498535
14.99,0.370788574,-0.661056519,1.371307373,-2.110488892,0.561323166,1.813293457,0.836608887,2.053649902,1.499069214,2.790376663,-0.907943726,1.360980988,-1.983795166,-0.802856445,-0.40914917,1.234588623,0.000171909,1.042785645,1.136077881,-0.157196045,0.768432617,-2.44140625,0.172637939,-1.767822266,-0.00136524,-0.000956054,0.049972534,-0.000843172,2.182388306,2.055206299,0.540222168,1.255172729,1.674224854,1.287872314,4.23938E-06,-7.45263E-05,-1.05426E-05,1.884525299,-1.523223877,-0.921417236
15,0.382141113,-0.663490295,1.381973267,-2.093292236,0.520595551,1.764526367,0.829101563,2.041503906,1.465400696,2.796421051,-0.871009827,1.364663124,-1.953033447,-0.798095703,-0.377822876,1.165283203,5.65955E-05,1.050109863,1.066680908,-0.121902466,0.749267578,-2.427734375,0.151847839,-1.71875,-0.001359239,-0.000950046,0.044891357,-0.000839418,2.197219849,2.019195557,0.563232422,1.217346191,1.731903076,1.26739502,2.31937E-05,-1.57133E-05,5.55888E-05,1.899570465,-1.56312561,-0.928131104
15.01,0.390991211,-0.690254211,1.361968994,-2.120330811,0.536167145,1.72555542,0.831604004,2.002632141,1.424514771,2.77586937,-0.847625732,1.325387955,-1.967803955,-0.764526367,-0.392272949,1.112731934,6.79381E-05,1.009735107,1.066680908,-0.109725952,0.733947754,-2.420410156,0.11025238,-1.751876831,-0.001350987,-0.000958307,0.027160645,-0.000848428,2.229354858,2.025192261,0.564453125,1.20148468,1.704315186,1.26739502,-9.02824E-06,-8.123E-06,0.000140615,1.894557953,-1.525650024,-0.911956787
15.02,0.385955811,-0.673225403,1.3699646,-2.128936768,0.545749664,1.687713623,0.836608887,2.014778137,1.431732178,2.735977173,-0.874702454,1.311887741,-1.965332031,-0.758544922,-0.387466431,1.155731201,0.000128429,1.009735107,1.076416016,-0.174232483,0.769714355,-2.436523438,0.154296875,-1.773986816,-0.00136374,-0.000964315,0.006881714,-0.000849179,2.21081543,2.07081604,0.536560059,1.253952026,1.669250488,1.275054932,-0.000115167,-8.123E-06,0.00012172,1.833122253,-1.472442627,-0.882354736
15.03,0.39352417,-0.648887634,1.385986328,-2.110488892,0.524188995,1.685302734,0.826599121,2.050003052,1.455780029,2.734767914,-0.882095337,1.310660362,-1.946899414,-0.793273926,-0.346496582,1.136627197,8.11704E-05,0.993835449,1.075195313,-0.175453186,0.818237305,-2.404296875,0.195892334,-1.717514038,-0.001368991,-0.000955303,-0.007049561,-0.000843172,2.199691772,2.082824707,0.514770508,1.275917053,1.683013916,1.244354248,-7.1574E-05,6.20726E-05,8.01496E-05,1.831867218,-1.471221924,-0.851379395
15.04,0.401062012,-0.645240784,1.360626221,-2.084655762,0.520595551,1.715789795,0.807861328,2.034217834,1.448570251,2.781913757,-0.843933105,1.286112785,-1.972717285,-0.774108887,-0.345291138,1.117492676,2.82396E-05,0.965698242,1.104431152,-0.138938904,0.800354004,-2.353515625,0.165298462,-1.697875977,-0.001357739,-0.000951548,0.008163452,-0.000846927,2.197219849,2.051605225,0.501464844,1.230766296,1.696807861,1.213623047,4.5076E-07,0.000111399,0.000106607,1.902080536,-1.478485107,-0.841949463
15.05,0.404876709,-0.619689941,1.340621948,-2.046539307,0.52538681,1.699920654,0.79284668,2.020858765,1.448570251,2.807300568,-0.848854065,1.327842712,-1.982543945,-0.71661377,-0.365768433,1.123443604,2.82396E-05,1.004852295,1.100769043,-0.135284424,0.794006348,-2.355957031,0.150619507,-1.712585449,-0.001353238,-0.000956054,0.043624878,-0.000860441,2.186096191,2.028793335,0.528137207,1.219787598,1.703063965,1.246917725,-6.96778E-05,-4.7965E-05,0.000102825,1.908348083,-1.520812988,-0.860809326
15.06,0.392242432,-0.619689941,1.357955933,-2.029312134,0.513404846,1.680389404,0.781555176,2.025718689,1.455780029,2.794002533,-0.855010986,1.356071472,-1.930938721,-0.741760254,-0.373001099,1.113922119,1.31167E-05,1.035461426,1.089813232,-0.107292175,0.819519043,-2.375854492,0.159187317,-1.713821411,-0.001356989,-0.000964315,0.082901001,-0.000854435,2.198455811,2.04800415,0.568054199,1.183189392,1.701812744,1.309631348,-2.98768E-05,-8.02167E-05,8.77082E-05,1.885780334,-1.534103394,-0.881011963
15.07,0.370788574,-0.630638123,1.380645752,-2.031784058,0.499031067,1.697479248,0.787841797,2.02935791,1.449768066,2.79763031,-0.816848755,1.308205605,-1.903900146,-0.780090332,-0.354919434,1.107910156,2.44593E-05,1.040313721,1.112915039,-0.103645325,0.781188965,-2.374511719,0.16040802,-1.728561401,-0.001361489,-0.000959058,0.103179932,-0.000843923,2.214523315,2.091217041,0.558410645,1.162445068,1.699310303,1.294250488,8.57394E-05,8.67359E-05,6.50361E-05,1.873245239,-1.466400146,-0.875610352
15.08,0.380889893,-0.609962463,1.348632813,-2.023178101,0.508615494,1.709686279,0.790344238,2.056083679,1.481033325,2.807300568,-0.840240479,1.333979607,-1.907592773,-0.746582031,-0.329620361,1.085205078,5.09247E-05,1.050109863,1.108062744,-0.160842896,0.770996094,-2.354858398,0.167747498,-1.692962646,-0.001353988,-0.000944037,0.074035645,-0.000847677,2.21081543,2.112838745,0.537780762,1.234436035,1.709320068,1.237945557,8.02986E-06,6.96611E-05,2.72468E-05,1.845661163,-1.454299927,-0.891784668
15.09,0.387176514,-0.618476868,1.293930054,-2.003509521,0.52538681,1.70111084,0.784057617,2.060943604,1.472610474,2.773452759,-0.857475281,1.374481201,-1.919891357,-0.731018066,-0.326019287,1.123443604,-1.52383E-05,1.031768799,1.087371826,-0.175453186,0.832275391,-2.344848633,0.181213379,-1.656143188,-0.001349487,-0.000954552,0.052505493,-0.000846927,2.218231201,2.092422485,0.551147461,1.242973328,1.726867676,1.222564697,-2.60845E-05,5.44824E-05,1.02408E-05,1.865718842,-1.489364624,-0.929473877
15.1,0.382141113,-0.622123718,1.300598145,-1.985046387,0.511013031,1.695007324,0.776550293,2.026931763,1.416099548,2.7722435,-0.804534912,1.338888168,-1.91619873,-0.754943848,-0.350112915,1.166503906,-3.03611E-05,1.003631592,1.077636719,-0.151107788,0.843811035,-2.373413086,0.186103821,-1.6512146,-0.001361489,-0.000971825,0.042358398,-0.000849179,2.203399658,2.056396484,0.610473633,1.197822571,1.710571289,1.23538208,5.7308E-05,0.000115193,1.02408E-05,1.885780334,-1.450668335,-0.894470215
15.11,0.399810791,-0.607528687,1.3152771,-1.999801636,0.521793365,1.692626953,0.77532959,2.02935791,1.423316956,2.802465439,-0.835319519,1.332752228,-1.864593506,-0.757385254,-0.37059021,1.136627197,1.7751E-06,1.023223877,1.087371826,-0.159629822,0.801635742,-2.381958008,0.162857056,-1.62789917,-0.001356238,-0.00096056,0.018295288,-0.00085894,2.171264648,2.062408447,0.626220703,1.229545593,1.680511475,1.25970459,-3.34159E-06,-3.65824E-05,3.29167E-05,1.893302917,-1.439788818,-0.821746826
15.12,0.387176514,-0.633071899,1.295257568,-2.017028809,0.548147202,1.693817139,0.815368652,2.071876526,1.418510437,2.77586937,-0.901786804,1.34747982,-1.849822998,-0.733398438,-0.313964844,1.134216309,-8.70731E-05,1.079498291,1.105651855,-0.160842896,0.81060791,-2.342407227,0.142059326,-1.630355835,-0.001344236,-0.000947042,0.053771973,-0.000858189,2.182388306,2.094818115,0.570495605,1.244194031,1.711853027,1.286590576,-5.83064E-05,-0.000125749,1.21295E-05,1.900829315,-1.511123657,-0.815032959
15.13,0.380889893,-0.636726379,1.283248901,-1.975204468,0.505022049,1.686523438,0.815368652,2.060943604,1.410087585,2.766199112,-0.853782654,1.33029747,-1.874389648,-0.735778809,-0.285064697,1.127044678,-0.000130551,1.066040039,1.087371826,-0.125549316,0.843811035,-2.332519531,0.162857056,-1.618087769,-0.001353238,-0.000950046,0.110778809,-0.000852933,2.191040039,2.082824707,0.551147461,1.214912415,1.748168945,1.304534912,-2.2294E-05,-4.32879E-06,-4.07733E-05,1.880764008,-1.486938477,-0.831176758
15.14,0.428863525,-0.609962463,1.26991272,-1.969039917,0.491844177,1.654815674,0.759094238,2.01599884,1.450973511,2.802465439,-0.786064148,1.34747982,-1.884246826,-0.77532959,-0.336853027,1.109161377,-4.35943E-05,0.992614746,1.076416016,-0.113380432,0.843811035,-2.337402344,0.173873901,-1.591079712,-0.00136299,-0.000953801,0.101913452,-0.000858189,2.17250061,2.068405151,0.548706055,1.212471008,1.721862793,1.282775879,-9.02824E-06,-4.9863E-05,-5.40018E-05,1.894557953,-1.428909302,-0.837921143
15.15,0.413696289,-0.592933655,1.265914917,-1.999801636,0.5325737,1.648712158,0.760314941,2.04271698,1.42691803,2.802465439,-0.81930542,1.365890503,-1.869476318,-0.762145996,-0.322402954,1.123443604,1.31167E-05,1.012176514,1.065460205,-0.136497498,0.85144043,-2.321289063,0.151847839,-1.625457764,-0.001360739,-0.000958307,0.06010437,-0.000863445,2.181152344,2.055206299,0.542602539,1.17830658,1.688018799,1.23538208,4.59384E-05,-0.000140928,1.96882E-05,1.880764008,-1.470016479,-0.855438232
15.16,0.370788574,-0.563735962,1.287261963,-1.935852051,0.508615494,1.651123047,0.756591797,2.07673645,1.388450623,2.784332275,-0.856239319,1.324160576,-1.842437744,-0.713012695,-0.300720215,1.095977783,2.06791E-05,1.073364258,1.033782959,-0.149894714,0.832275391,-2.334960938,0.129829407,-1.629135132,-0.001351738,-0.000958307,0.056304932,-0.000855186,2.187332153,2.020401001,0.574157715,1.147796631,1.684265137,1.234100342,1.18203E-05,-1.95075E-05,6.31474E-05,1.81055069,-1.48815918,-0.868896484
15.17,0.39855957,-0.566169739,1.297927856,-1.89402771,0.470281601,1.624359131,0.716552734,2.0730896,1.422111511,2.787958145,-0.825462341,1.335206985,-1.858428955,-0.731018066,-0.341674805,1.07925415,5.55534E-06,1.052581787,1.0496521,-0.141372681,0.791442871,-2.355957031,0.132270813,-1.594772339,-0.001358489,-0.000958307,0.067703247,-0.00084092,2.166320801,2.044403076,0.580200195,1.189285278,1.657958984,1.266113281,-7.53645E-05,4.30997E-05,-2.56598E-05,1.844402313,-1.463973999,-0.84463501
15.18,0.404876709,-0.600227356,1.305938721,-1.965362549,0.481061935,1.595062256,0.732788086,2.077949524,1.444961548,2.796421051,-0.80330658,1.370799065,-1.868255615,-0.736938477,-0.335647583,1.139038086,1.50073E-05,1.041564941,1.080078125,-0.13772583,0.790161133,-2.336303711,0.153068542,-1.611953735,-0.001378742,-0.000968821,0.048690796,-0.000841671,2.177444458,2.084014893,0.531738281,1.20148468,1.666717529,1.25201416,-2.41902E-05,-6.22682E-06,-2.37711E-05,1.905841827,-1.455505371,-0.821746826
15.19,0.39352417,-0.60144043,1.288589478,-1.988723755,0.48225975,1.606018066,0.751586914,2.0597229,1.423316956,2.786748886,-0.787307739,1.338888168,-1.837524414,-0.704650879,-0.285064697,1.168884277,4.71435E-05,1.08682251,1.077636719,-0.110939026,0.818237305,-2.287963867,0.171424866,-1.600906372,-0.001371241,-0.000971074,0.046173096,-0.000856687,2.192276001,2.066009521,0.534118652,1.188064575,1.731903076,1.234100342,-4.50406E-05,-1.76094E-05,2.91355E-05,1.87449646,-1.430114746,-0.86618042
15.2,0.426330566,-0.566169739,1.244567871,-1.932159424,0.477470398,1.671905518,0.777832031,2.045150757,1.407684326,2.754110336,-0.799613953,1.322933197,-1.812957764,-0.702270508,-0.27180481,1.146148682,1.31167E-05,1.105163574,1.080078125,-0.097557068,0.825866699,-2.295410156,0.173873901,-1.535842896,-0.001351738,-0.000956805,0.061355591,-0.000865697,2.158905029,2.072006226,0.587463379,1.211242676,1.696807861,1.253295898,-7.72588E-05,-6.31418E-05,-2.56598E-05,1.848167419,-1.428909302,-0.859466553
15.21,0.438934326,-0.543052673,1.261901855,-1.905090332,0.4930439,1.654815674,0.821594238,2.054862976,1.430534363,2.764989853,-0.853782654,1.340115547,-1.805603027,-0.677062988,-0.300720215,1.127044678,-2.09091E-05,1.081939697,1.092224121,-0.138938904,0.800354004,-2.352294922,0.148170471,-1.533370972,-0.001359989,-0.00095305,0.053771973,-0.000861943,2.129241943,2.114028931,0.588623047,1.199043274,1.65045166,1.258422852,-2.98768E-05,-0.000110572,-4.87268E-06,1.866973877,-1.457931519,-0.804229736
15.22,0.394775391,-0.571037292,1.303268433,-1.933380127,0.483457565,1.560943604,0.766601563,2.0597229,1.418510437,2.803674698,-0.8463974,1.340115547,-1.798217773,-0.681884766,-0.294692993,1.095977783,3.66475E-06,1.055023193,1.083709717,-0.132850647,0.827209473,-2.347412109,0.138397217,-1.573898315,-0.001371241,-0.00096056,0.043624878,-0.000855936,2.131713867,2.106826782,0.560791016,1.149017334,1.705566406,1.269958496,-2.04016E-05,-6.31418E-05,7.82609E-05,1.866973877,-1.449462891,-0.835205078
15.23,0.353118896,-0.602661133,1.280593872,-1.933380127,0.479866028,1.556030273,0.72277832,2.080383301,1.370414734,2.784332275,-0.81930542,1.341342926,-1.778533936,-0.735778809,-0.27180481,1.103149414,3.01311E-05,1.039093018,1.038665771,-0.120674133,0.838684082,-2.294189453,0.140846252,-1.555480957,-0.001361489,-0.000952299,0.051223755,-0.000851432,2.134185791,2.067214966,0.582641602,1.146583557,1.724365234,1.25970459,4.02518E-05,5.1558E-06,7.82609E-05,1.853179932,-1.434951782,-0.885040283
15.24,0.384674072,-0.603874207,1.264572144,-1.892807007,0.511013031,1.580444336,0.779052734,2.068229675,1.370414734,2.76861763,-0.835319519,1.333979607,-1.808044434,-0.710632324,-0.29107666,1.130645752,1.87885E-05,1.050109863,1.038665771,-0.157196045,0.786315918,-2.278076172,0.151847839,-1.534606934,-0.001353988,-0.000944037,0.062637329,-0.000849179,2.145309448,2.075622559,0.595947266,1.166099548,1.715606689,1.227722168,4.97289E-05,1.84365E-05,7.25947E-05,1.846912384,-1.440994263,-0.872924805
15.25,0.412445068,-0.588066101,1.304595947,-1.914932251,0.521793365,1.591430664,0.784057617,2.048789978,1.372817993,2.809719086,-0.831626892,1.308205605,-1.832641602,-0.687866211,-0.279037476,1.092407227,-1.71289E-05,1.069702148,1.080078125,-0.182754517,0.829711914,-2.253295898,0.214241028,-1.544433594,-0.001362239,-0.000953801,0.065170288,-0.000851432,2.163848877,2.109222412,0.549865723,1.168540955,1.735656738,1.244354248,-2.04016E-05,-6.22682E-06,-1.62125E-05,1.821838379,-1.418029785,-0.84463501
15.26,0.382141113,-0.53818512,1.311264038,-1.943237305,0.544551849,1.625549316,0.74786377,2.077949524,1.393257141,2.82664299,-0.806999207,1.309432983,-1.77734375,-0.717834473,-0.258544922,1.092407227,-5.78631E-06,1.063598633,1.061798096,-0.199798584,0.903808594,-2.234741211,0.200790405,-1.532165527,-0.001371241,-0.000957556,0.06010437,-0.000854435,2.132949829,2.082824707,0.503845215,1.163665771,1.718109131,1.245635986,-3.36673E-05,8.95187E-06,-0.000131469,1.828105927,-1.402313232,-0.840606689
15.27,0.379608154,-0.526023865,1.255233765,-1.927246094,0.552938461,1.602386475,0.772827148,2.064582825,1.449768066,2.786748886,-0.783615112,1.319252014,-1.760131836,-0.696228027,-0.280227661,1.123443604,6.03767E-05,1.0574646,1.053253174,-0.148674011,0.862915039,-2.294189453,0.126159668,-1.517425537,-0.00136824,-0.000949295,0.074035645,-0.000854435,2.085983276,2.014389038,0.51965332,1.15512085,1.670471191,1.213623047,2.88785E-05,4.6894E-05,-1.05426E-05,1.86195755,-1.436157227,-0.816375732
15.28,0.396026611,-0.560089111,1.271240234,-1.960449219,0.495439529,1.535308838,0.777832031,2.019638062,1.422111511,2.755317688,-0.793449402,1.306978226,-1.79083252,-0.661499023,-0.274215698,1.088806152,8.87318E-05,1.052581787,1.077636719,-0.124336243,0.799072266,-2.32019043,0.165298462,-1.506378174,-0.001358489,-0.000947042,0.100646973,-0.000860441,2.100814819,2.027603149,0.545043945,1.161224365,1.66796875,1.200805664,8.76356E-05,-4.32879E-06,0.000129279,1.845661163,-1.439788818,-0.789428711
15.29,0.383422852,-0.549133301,1.329956055,-1.961685181,0.466686249,1.542633057,0.732788086,2.047576904,1.348770142,2.74323082,-0.850090027,1.322933197,-1.745391846,-0.66986084,-0.25012207,1.066101074,3.95821E-05,1.034240723,1.071533203,-0.19127655,0.805480957,-2.280517578,0.208129883,-1.490432739,-0.001353988,-0.000946291,0.10824585,-0.000870953,2.141601563,2.118835449,0.522033691,1.17830658,1.710571289,1.21875,-3.17711E-05,-8.40109E-05,4.61414E-05,1.840644836,-1.408355713,-0.846008301
15.3,0.32913208,-0.563735962,1.29927063,-1.902648926,0.501426697,1.581665039,0.715270996,2.099815369,1.363197327,2.727514267,-0.875930786,1.316797256,-1.708496094,-0.691467285,-0.283843994,1.07208252,-1.15484E-07,1.0574646,1.073974609,-0.182754517,0.839904785,-2.276855469,0.156745911,-1.476928711,-0.001351738,-0.000950046,0.095581055,-0.000860441,2.142822266,2.153640747,0.500244141,1.166099548,1.744415283,1.244354248,-0.000137912,-8.78051E-05,-6.15604E-05,1.836883545,-1.398666382,-0.886413574
15.31,0.295043945,-0.599006653,1.241897583,-1.900177002,0.487052917,1.537780762,0.699035645,2.063369751,1.400474548,2.757736206,-0.855010986,1.282430649,-1.733093262,-0.680664063,-0.336853027,1.048217773,-3.22517E-05,1.095397949,1.076416016,-0.164497375,0.845031738,-2.28918457,0.127380371,-1.468322754,-0.001358489,-0.000952299,0.06010437,-0.000843923,2.113174438,2.080413818,0.491760254,1.145362854,1.743164063,1.207244873,-7.1574E-05,-1.19172E-05,-4.07733E-05,1.801773071,-1.408355713,-0.828491211
15.32,0.360687256,-0.53818512,1.260574341,-1.910018921,0.443927765,1.507293701,0.645263672,2.031791687,1.374023438,2.794002533,-0.848854065,1.310660362,-1.709747314,-0.660339355,-0.298294067,1.032684326,-2.09091E-05,1.078277588,1.041107178,-0.192489624,0.839904785,-2.285522461,0.140846252,-1.481826782,-0.001353238,-0.000947793,0.06010437,-0.000859691,2.074859619,2.052810669,0.507507324,1.149017334,1.705566406,1.188018799,-8.67378E-05,3.17171E-05,3.10279E-05,1.850673676,-1.413192749,-0.792144775
15.33,0.418762207,-0.496826172,1.291259766,-1.862060547,0.459501266,1.551177979,0.650268555,2.082809448,1.33795166,2.781913757,-0.853782654,1.326615334,-1.694976807,-0.693908691,-0.25012207,1.049377441,3.58019E-05,1.042785645,1.019195557,-0.149894714,0.845031738,-2.290527344,0.154296875,-1.505157471,-0.001340486,-0.000950046,0.101913452,-0.000873205,2.052597046,2.106826782,0.558410645,1.173423767,1.709320068,1.232818604,-0.000130329,-1.76094E-05,8.3521E-06,1.898319244,-1.408355713,-0.831176758
15.34,0.382141113,-0.528457642,1.243225098,-1.843597412,0.491844177,1.552368164,0.729064941,2.079162598,1.348770142,2.779495239,-0.857475281,1.298386574,-1.741699219,-0.723815918,-0.280227661,1.075683594,-1.52383E-05,1.05380249,1.048400879,-0.113380432,0.855285645,-2.304077148,0.161636353,-1.512527466,-0.001359989,-0.000949295,0.109512329,-0.000863445,2.095870972,2.061203003,0.576538086,1.203926086,1.746917725,1.241790771,-6.58892E-05,1.65403E-05,-3.32147E-05,1.839389801,-1.390213013,-0.855438232
15.35,0.336700439,-0.511421204,1.217880249,-1.882965088,0.4930439,1.534118652,0.750305176,2.058509827,1.387245178,2.783123016,-0.858703613,1.327842712,-1.749053955,-0.691467285,-0.253738403,1.082855225,-3.98131E-05,1.106414795,1.066680908,-0.13772583,0.879516602,-2.284179688,0.171424866,-1.494110107,-0.00136449,-0.000942535,0.10697937,-0.000860441,2.116882324,1.996383667,0.554748535,1.196609497,1.735656738,1.220001221,-2.2294E-05,9.43244E-05,3.66941E-05,1.829357147,-1.36239624,-0.836578369
15.36,0.349304199,-0.476142883,1.263244629,-1.890335083,0.463094711,1.530456543,0.694030762,2.104675293,1.3956604,2.758945465,-0.842704773,1.368344307,-1.708496094,-0.662719727,-0.222412109,1.050567627,1.50073E-05,1.100280762,1.027709961,-0.146247864,0.86932373,-2.260742188,0.170196533,-1.480606079,-0.001349487,-0.000939531,0.089248657,-0.00085894,2.061264038,2.022796631,0.520812988,1.138038635,1.696807861,1.164978027,7.24737E-05,7.34553E-05,6.88173E-05,1.853179932,-1.382949829,-0.805603027
15.37,0.368255615,-0.519935608,1.259231567,-1.855895996,0.466686249,1.482910156,0.66027832,2.113174438,1.360794067,2.733558655,-0.842704773,1.319252014,-1.688842773,-0.687866211,-0.29107666,1.044616699,-3.22517E-05,1.035461426,0.999725342,-0.145019531,0.837402344,-2.279296875,0.140846252,-1.483062744,-0.001356989,-0.000936527,0.071502686,-0.000859691,2.025405884,2.028793335,0.49420166,1.091674805,1.661712646,1.134246826,0.000140706,6.20726E-05,2.72468E-05,1.820583344,-1.434951782,-0.800201416
15.38,0.356903076,-0.568603516,1.241897583,-1.859588623,0.463094711,1.454833984,0.700317383,2.043930054,1.341560364,2.711799622,-0.825462341,1.266475677,-1.702362061,-0.696228027,-0.324813843,1.073272705,-2.00607E-06,1.035461426,0.992401123,-0.151107788,0.836120605,-2.281738281,0.124931335,-1.487976074,-0.001360739,-0.000950046,0.120925903,-0.000864946,2.051376343,2.021591187,0.50994873,1.139259338,1.67300415,1.195709229,-7.13207E-06,4.8792E-05,-2.94372E-05,1.816818237,-1.422851563,-0.828491211
15.39,0.354370117,-0.556434631,1.267242432,-1.869430542,0.418769836,1.458496094,0.729064941,2.017211914,1.349975586,2.71421814,-0.805770874,1.286112785,-1.718322754,-0.66986084,-0.295898438,1.05178833,4.52539E-05,1.073364258,0.992401123,-0.132850647,0.843811035,-2.256958008,0.166526794,-1.474472046,-0.001355488,-0.000958307,0.133590698,-0.000861943,2.102050781,2.051605225,0.551147461,1.222229004,1.724365234,1.217468262,-0.000100004,-8.123E-06,-7.47852E-05,1.828105927,-1.376907349,-0.828491211
15.4,0.358154297,-0.543052673,1.268569946,-1.852218628,0.453510284,1.475616455,0.70904541,2.075523376,1.378829956,2.74323082,-0.866088867,1.295931816,-1.709747314,-0.68548584,-0.264572144,1.039855957,-8.14013E-05,1.079498291,1.03503418,-0.101203918,0.85144043,-2.233520508,0.200790405,-1.441314697,-0.001362239,-0.000950797,0.08164978,-0.00085894,2.106994629,2.074417114,0.559570313,1.180740356,1.718109131,1.184173584,-1.44541E-06,-1.19172E-05,-1.432E-05,1.819328308,-1.367233276,-0.794830322
15.41,0.370788574,-0.530883789,1.240570068,-1.863265991,0.488250732,1.541412354,0.724060059,2.092521667,1.413696289,2.732349396,-0.872238159,1.297159195,-1.698669434,-0.693908691,-0.217590332,1.085205078,-7.38399E-05,1.090515137,1.041107178,-0.12311554,0.857849121,-2.21875,0.178764343,-1.427825928,-0.00136749,-0.00096056,0.08164978,-0.000858189,2.083511353,2.064804077,0.523254395,1.106315613,1.691802979,1.164978027,1.37165E-05,1.27461E-05,4.99189E-05,1.851928711,-1.368438721,-0.801574707
15.42,0.40612793,-0.491958618,1.199203491,-1.873138428,0.454708099,1.57434082,0.712768555,2.064582825,1.389648438,2.732349396,-0.79838562,1.320479393,-1.720794678,-0.659118652,-0.232040405,1.061340332,1.12271E-05,1.094177246,0.996063232,-0.171806335,0.856506348,-2.264404297,0.154296875,-1.432739258,-0.001362239,-0.000962813,0.10824585,-0.000849179,2.084747314,2.046798706,0.508728027,1.141700745,1.71307373,1.1534729,-4.12501E-05,1.65403E-05,1.59107E-05,1.860706329,-1.389007568,-0.847351074
15.43,0.396026611,-0.487091064,1.181869507,-1.854660034,0.466686249,1.519500732,0.657775879,2.058509827,1.333137512,2.769824982,-0.805770874,1.298386574,-1.736785889,-0.678283691,-0.283843994,0.994445801,-3.79235E-05,1.075805664,0.979003906,-0.170578003,0.875671387,-2.279296875,0.157958984,-1.42906189,-0.001360739,-0.00095305,0.125991821,-0.00084092,2.04888916,2.032394409,0.507507324,1.15512085,1.710571289,1.177764893,2.88785E-05,3.55113E-05,-3.69959E-05,1.816818237,-1.403503418,-0.836578369
15.44,0.33291626,-0.54548645,1.216552734,-1.839904785,0.481061935,1.479248047,0.656555176,2.051223755,1.315101624,2.764989853,-0.845161438,1.275067329,-1.725708008,-0.698669434,-0.269393921,1.017150879,-5.78631E-06,1.067260742,0.972900391,-0.147460938,0.891052246,-2.197631836,0.179985046,-1.399581909,-0.00136299,-0.00095305,0.10697937,-0.000845425,1.998214722,2.044403076,0.480895996,1.103874207,1.675506592,1.176483154,3.64613E-05,4.12036E-05,-0.000101235,1.83562851,-1.375701904,-0.785400391
15.45,0.300079346,-0.569816589,1.213882446,-1.825149536,0.428354263,1.474365234,0.662780762,2.058509827,1.303077698,2.722679138,-0.858703613,1.281204224,-1.704833984,-0.636352539,-0.265777588,1.050567627,7.17184E-05,1.081939697,0.953430176,-0.162071228,0.856506348,-2.200195313,0.176315308,-1.368896484,-0.001361489,-0.000956054,0.06010437,-0.000856687,2.000686646,2.068405151,0.496643066,1.091674805,1.654205322,1.122711182,-7.9155E-05,-1.57133E-05,-9.55686E-05,1.860706329,-1.367233276,-0.770599365
15.46,0.348083496,-0.526023865,1.181869507,-1.831298828,0.391218185,1.428009033,0.635253906,2.0597229,1.29586792,2.683994293,-0.848854065,1.234564781,-1.654418945,-0.62322998,-0.245300293,1.03503418,7.44592E-06,1.0831604,0.963165283,-0.170578003,0.825866699,-2.239746094,0.159187317,-1.376266479,-0.001359239,-0.000963564,0.066436768,-0.000865697,2.035308838,2.066009521,0.524475098,1.092895508,1.657958984,1.131713867,-2.04016E-05,2.22307E-05,2.72468E-05,1.841896057,-1.347885132,-0.775970459
15.47,0.408660889,-0.491958618,1.213882446,-1.854660034,0.412780762,1.428009033,0.623962402,2.045150757,1.328330994,2.722679138,-0.824241638,1.213700294,-1.620025635,-0.656738281,-0.166992188,1.039855957,-6.24983E-05,1.08682251,1.004577637,-0.151107788,0.864196777,-2.198852539,0.176315308,-1.397140503,-0.001359989,-0.000959809,0.070236206,-0.000873956,2.067443848,2.057617188,0.502685547,1.116073608,1.683013916,1.184173584,2.50898E-05,0.000141755,4.80302E-05,1.849422455,-1.334579468,-0.788116455
15.48,0.40234375,-0.494392395,1.231231689,-1.830062866,0.439134598,1.490234375,0.67401123,2.068229675,1.339149475,2.795211792,-0.831626892,1.279976845,-1.667938232,-0.631591797,-0.179031372,1.044616699,-4.73754E-05,1.092956543,1.00213623,-0.146247864,0.908874512,-2.207519531,0.179985046,-1.404510498,-0.001355488,-0.000955303,0.034759521,-0.000875458,2.035308838,2.074417114,0.489379883,1.173423767,1.715606689,1.171386719,-0.000100004,6.20726E-05,2.68593E-06,1.838134766,-1.386581421,-0.774627686
15.49,0.364471436,-0.491958618,1.196533203,-1.783325195,0.443927765,1.513397217,0.732788086,2.097381592,1.310295105,2.7722435,-0.859931946,1.304523468,-1.694976807,-0.639953613,-0.236862183,1.042205811,-1.33486E-05,1.06237793,0.997253418,-0.157196045,0.901245117,-2.252075195,0.162857056,-1.394683838,-0.001347987,-0.000968821,0.048690796,-0.000861943,2.009338379,2.085220337,0.485717773,1.157562256,1.720611572,1.140655518,-3.55635E-05,-3.46843E-05,8.20421E-05,1.791744232,-1.384170532,-0.746337891
15.5,0.335449219,-0.463973999,1.229888916,-1.794403076,0.441530228,1.485321045,0.689086914,2.093734741,1.311500549,2.719053268,-0.863624573,1.273839951,-1.644622803,-0.678283691,-0.21156311,1.061340332,2.25687E-05,1.077026367,1.024047852,-0.175453186,0.898681641,-2.224853516,0.149398804,-1.395904541,-0.001350237,-0.000956805,0.087982178,-0.000853684,2.045196533,2.069610596,0.463928223,1.114860535,1.698059082,1.144470215,6.86813E-05,7.15572E-05,8.20421E-05,1.780456543,-1.349105835,-0.744995117
15.51,0.308929443,-0.463973999,1.271240234,-1.830062866,0.427156448,1.439025879,0.607727051,2.086448669,1.319915771,2.711799622,-0.834075928,1.249292374,-1.644622803,-0.650756836,-0.207946777,1.036254883,3.95821E-05,1.101501465,0.996063232,-0.199798584,0.908874512,-2.198852539,0.123718262,-1.392211914,-0.001353238,-0.000938029,0.093032837,-0.000861192,2.046417236,2.060012817,0.466308594,1.135597229,1.689300537,1.131713867,-2.60845E-05,0.000107605,-5.40018E-05,1.806789398,-1.366027832,-0.76385498
15.52,0.316497803,-0.501686096,1.231231689,-1.816543579,0.399604797,1.429260254,0.606506348,2.075523376,1.285041809,2.740812302,-0.822998047,1.23579216,-1.674102783,-0.624389648,-0.252532959,0.996795654,6.22664E-05,1.074584961,0.961975098,-0.193717957,0.896118164,-2.21875,0.133506775,-1.344345093,-0.001351738,-0.000948544,0.100646973,-0.000867199,2.041473389,2.057617188,0.46875,1.138038635,1.711853027,1.163696289,-8.67378E-05,-6.12456E-05,-5.77793E-05,1.818077087,-1.34425354,-0.796142578
15.53,0.375823975,-0.496826172,1.241897583,-1.804244995,0.385227203,1.426818848,0.621459961,2.045150757,1.287452698,2.744438171,-0.843933105,1.272612572,-1.648284912,-0.631591797,-0.23324585,1.027862549,3.01311E-05,1.0831604,0.980224609,-0.175453186,0.892272949,-2.224853516,0.16040802,-1.325958252,-0.001345737,-0.000955303,0.114578247,-0.000873956,2.061264038,2.072006226,0.438476563,1.109977722,1.71307373,1.175231934,-0.000130329,-0.000127647,2.53581E-05,1.799266815,-1.315231323,-0.767883301
15.54,0.416229248,-0.456672668,1.280593872,-1.790710449,0.385227203,1.419494629,0.619018555,2.053649902,1.336746216,2.702127457,-0.851318359,1.303296089,-1.622467041,-0.637573242,-0.174224854,1.030273438,-3.79235E-05,1.100280762,0.993621826,-0.17666626,0.906311035,-2.188964844,0.165298462,-1.33821106,-0.001344986,-0.000949295,0.094314575,-0.000870202,2.045196533,2.120040894,0.432434082,1.118515015,1.681762695,1.086883545,-0.000117064,3.74094E-05,-1.99899E-05,1.821838379,-1.353927612,-0.74230957
15.55,0.382141113,-0.43964386,1.235214233,-1.748886108,0.381635666,1.441436768,0.649047852,2.127754211,1.310295105,2.693666458,-0.837776184,1.276294708,-1.586853027,-0.660339355,-0.187469482,0.988433838,2.25687E-05,1.072143555,0.974151611,-0.166931152,0.920349121,-2.185180664,0.157958984,-1.337005615,-0.001355488,-0.000952299,0.047424316,-0.000853684,2.0105896,2.105621338,0.45300293,1.122177124,1.676757813,1.071533203,9.92604E-06,0.000111399,-6.72266E-05,1.855690002,-1.368438721,-0.790771484
15.56,0.345550537,-0.477355957,1.193862915,-1.757522583,0.386425018,1.429260254,0.670288086,2.121681213,1.252578735,2.690038681,-0.848854065,1.262793541,-1.551208496,-0.679504395,-0.226013184,1.013549805,7.17184E-05,1.04888916,0.943695068,-0.186401367,0.922912598,-2.23840332,0.143287659,-1.346817017,-0.001357739,-0.000965817,0.055023193,-0.000861192,2.005645752,2.050415039,0.460266113,1.072151184,1.686767578,1.117614746,-3.55635E-05,3.17171E-05,-2.75485E-05,1.828105927,-1.335800171,-0.794830322
15.57,0.367004395,-0.523590088,1.191207886,-1.794403076,0.386425018,1.404876709,0.665283203,2.026931763,1.268211365,2.667070389,-0.916557312,1.261566162,-1.596679688,-0.642333984,-0.189880371,1.03503418,1.87885E-05,1.058685303,0.938812256,-0.213188171,0.907653809,-2.243408203,0.172637939,-1.346817017,-0.001349487,-0.000974078,0.112045288,-0.000874707,2.014282227,2.061203003,0.436035156,1.037994385,1.689300537,1.122711182,-9.05283E-05,3.55113E-05,-2.37711E-05,1.821838379,-1.333374023,-0.743652344
15.58,0.378356934,-0.476142883,1.199203491,-1.784561157,0.381635666,1.408538818,0.656555176,2.014778137,1.28263855,2.69124794,-0.936264038,1.246837616,-1.616333008,-0.604003906,-0.17300415,1.01473999,-4.54839E-05,1.074584961,0.954650879,-0.169364929,0.893554688,-2.202636719,0.195892334,-1.335769653,-0.001350237,-0.000962062,0.139923096,-0.000867199,1.980911255,2.063598633,0.409423828,1.031890869,1.708099365,1.129150391,-1.85054E-05,0.000126576,-3.69959E-05,1.849422455,-1.335800171,-0.747680664
15.59,0.372070313,-0.449378967,1.215209961,-1.759963989,0.40199852,1.387817383,0.64654541,2.058509827,1.276634216,2.708171844,-0.8673172,1.266475677,-1.599121094,-0.6171875,-0.219985962,1.048217773,-6.24983E-05,1.090515137,0.9765625,-0.138938904,0.903808594,-2.201293945,0.161636353,-1.345581055,-0.00136374,-0.000956054,0.150054932,-0.000862694,1.97102356,2.037200928,0.429992676,1.02822876,1.715606689,1.143218994,-9.24245E-05,8.10437E-05,-8.04514E-05,1.830612183,-1.333374023,-0.781341553
15.6,0.382141113,-0.490737915,1.229888916,-1.767349243,0.413978577,1.389007568,0.635253906,2.068229675,1.315101624,2.688829422,-0.834075928,1.295931816,-1.624938965,-0.604003906,-0.204330444,1.058959961,-3.98131E-05,1.101501465,0.9765625,-0.164497375,0.897399902,-2.196289063,0.138397217,-1.346817017,-0.001369741,-0.000963564,0.131057739,-0.000866448,2.004394531,2.046798706,0.454223633,1.057510376,1.693054199,1.156005859,-6.58892E-05,-8.78051E-05,-0.000142805,1.815567017,-1.343048096,-0.762512207
15.61,0.387176514,-0.457893372,1.263244629,-1.785797119,0.392416,1.425598145,0.590270996,2.057296753,1.317504883,2.711799622,-0.840240479,1.266475677,-1.608978271,-0.571716309,-0.182647705,1.013549805,-5.30463E-05,1.080718994,0.960754395,-0.173019409,0.85144043,-2.158081055,0.150619507,-1.312454224,-0.001356238,-0.000956805,0.058837891,-0.000864946,1.992050171,2.057617188,0.426330566,1.075813293,1.684265137,1.143218994,0.00012554,-9.72934E-05,-0.000116352,1.820583344,-1.330963135,-0.732879639
15.62,0.361938477,-0.444511414,1.273925781,-1.774719238,0.372049332,1.396331787,0.565246582,2.058509827,1.26700592,2.738393784,-0.835319519,1.227200508,-1.599121094,-0.625549316,-0.218795776,1.005187988,1.87885E-05,1.0831604,0.968048096,-0.168144226,0.841247559,-2.123413086,0.177536011,-1.290344238,-0.001353238,-0.000952299,0.068969727,-0.000861943,1.975967407,2.066009521,0.404541016,1.045310974,1.686767578,1.122711182,4.97289E-05,3.74094E-05,-2.37711E-05,1.809299469,-1.316452026,-0.738250732
15.63,0.33291626,-0.488304138,1.223220825,-1.794403076,0.360071182,1.347595215,0.596496582,2.069442749,1.277832031,2.679159164,-0.839012146,1.211245537,-1.622467041,-0.678283691,-0.212768555,1.000396729,0.000109526,1.128417969,0.970489502,-0.17666626,0.879516602,-2.118408203,0.187324524,-1.3099823,-0.001361489,-0.000961311,0.161468506,-0.000863445,1.980911255,2.084014893,0.445739746,1.029449463,1.685546875,1.132995605,-0.000120852,7.72495E-05,7.25947E-05,1.825595856,-1.321273804,-0.762512207
15.64,0.344268799,-0.47492218,1.184539795,-1.811630249,0.364864349,1.370758057,0.609008789,2.046363831,1.276634216,2.634429932,-0.834075928,1.200199127,-1.561035156,-0.636352539,-0.179031372,0.998016357,6.03767E-05,1.12109375,0.965637207,-0.197364807,0.933166504,-2.159179688,0.16040802,-1.302612305,-0.001359989,-0.000964315,0.147521973,-0.000865697,1.980911255,2.087615967,0.47479248,1.05140686,1.69052124,1.140655518,-4.31444E-05,2.60249E-05,8.58195E-05,1.83562851,-1.326126099,-0.766540527
15.65,0.361938477,-0.442077637,1.200546265,-1.739044189,0.373247147,1.371948242,0.604003906,2.033004761,1.242965698,2.685203552,-0.811920166,1.251747131,-1.525421143,-0.611206055,-0.191085815,1.043426514,5.65955E-05,1.102722168,0.960754395,-0.211959839,0.962524414,-2.216186523,0.128608704,-1.251052856,-0.00136449,-0.000966568,0.072769165,-0.000864196,1.984619141,2.087615967,0.42755127,1.07459259,1.698059082,1.121459961,1.18203E-05,5.1558E-06,4.57093E-06,1.805538177,-1.327331543,-0.735565186
15.66,0.373321533,-0.40436554,1.225891113,-1.698455811,0.345695496,1.343933105,0.602722168,2.071876526,1.281433105,2.690038681,-0.79838562,1.289794922,-1.574584961,-0.601623535,-0.191085815,1.061340332,5.09247E-05,1.12109375,0.944915771,-0.173019409,0.91784668,-2.19140625,0.137168884,-1.232666016,-0.00136674,-0.000963564,0.08416748,-0.000863445,1.985855103,2.103225708,0.39239502,1.092895508,1.714355469,1.097137451,-2.60845E-05,-2.89921E-05,-4.83319E-05,1.808040619,-1.329742432,-0.72479248
15.67,0.392242432,-0.401931763,1.261901855,-1.746444702,0.333717346,1.35244751,0.59777832,2.092521667,1.294670105,2.658607483,-0.800842285,1.239473343,-1.5831604,-0.565673828,-0.156143188,1.042205811,-2.84715E-05,1.100280762,0.975372314,-0.131637573,0.892272949,-2.128295898,0.161636353,-1.27192688,-0.001353988,-0.000950046,0.120925903,-0.000864196,1.968551636,2.100814819,0.416687012,1.090454102,1.693054199,1.093292236,6.29947E-05,-7.45263E-05,-4.2662E-05,1.825595856,-1.340637207,-0.728820801
15.68,0.385955811,-0.466407776,1.25390625,-1.755050659,0.355278015,1.343933105,0.600280762,2.07673645,1.264602661,2.687620163,-0.831626892,1.214927673,-1.592987061,-0.581237793,-0.170608521,1.055389404,-1.15484E-07,1.068481445,1.00579834,-0.175453186,0.901245117,-2.154296875,0.161636353,-1.302612305,-0.001358489,-0.000947042,0.128509521,-0.000865697,1.943832397,2.058807373,0.432434082,1.037994385,1.66796875,1.088165283,6.29947E-05,-4.7965E-05,-3.32147E-05,1.803028107,-1.34425354,-0.726165771
15.69,0.383422852,-0.444511414,1.221878052,-1.715682983,0.368455887,1.341461182,0.609008789,2.074302673,1.273025513,2.66827774,-0.852546692,1.211245537,-1.599121094,-0.612426758,-0.199523926,1.062561035,-1.14581E-05,1.074584961,0.93762207,-0.199798584,0.88848877,-2.206298828,0.138397217,-1.282974243,-0.00136299,-0.000952299,0.137390137,-0.000870202,1.945068359,2.022796631,0.420288086,1.008705139,1.686767578,1.097137451,1.56127E-05,-1.0021E-05,-3.69959E-05,1.772937775,-1.334579468,-0.775970459
15.7,0.384674072,-0.388549805,1.252563477,-1.697250366,0.363664627,1.345123291,0.617736816,2.062156677,1.274223328,2.656190872,-0.830383301,1.183016777,-1.538909912,-0.606384277,-0.160964966,1.020721436,-7.19503E-05,1.077026367,0.880401611,-0.163284302,0.906311035,-2.201293945,0.122489929,-1.268234253,-0.001356989,-0.000952299,0.141189575,-0.000864946,1.973510742,2.055206299,0.43359375,1.020904541,1.67175293,1.117614746,6.48908E-05,8.95187E-06,-3.1326E-05,1.761650085,-1.316452026,-0.8230896
15.71,0.370788574,-0.426261902,1.281921387,-1.694778442,0.338506699,1.312194824,0.622741699,2.045150757,1.258590698,2.727514267,-0.845161438,1.21860981,-1.509429932,-0.594421387,-0.140487671,1.011138916,-3.79235E-05,1.052581787,0.929077148,-0.17666626,0.906311035,-2.140625,0.164085388,-1.27192688,-0.001369741,-0.000947793,0.123458862,-0.000861192,1.988327026,2.102020264,0.451782227,1.012367249,1.661712646,1.086883545,-7.34683E-05,-6.22682E-06,-3.69959E-05,1.787982941,-1.28137207,-0.765197754
15.72,0.384674072,-0.437210083,1.260574341,-1.68862915,0.31694603,1.320770264,0.614013672,2.079162598,1.23815155,2.702127457,-0.864852905,1.265248299,-1.531555176,-0.593261719,-0.159759521,1.033843994,-4.92651E-05,1.052581787,0.989990234,-0.196136475,0.88079834,-2.09375,0.18976593,-1.279296875,-0.001376492,-0.000949295,0.093032837,-0.000875458,1.966079712,2.085220337,0.460266113,1.011146545,1.700561523,1.08303833,-0.000132225,-2.89921E-05,-8.801E-05,1.838134766,-1.280166626,-0.72479248
15.73,0.365722656,-0.438423157,1.213882446,-1.689865112,0.328924179,1.36340332,0.590270996,2.110748291,1.221321106,2.651353836,-0.815612793,1.240700722,-1.515563965,-0.60760498,-0.169403076,1.021911621,-5.68265E-05,1.08682251,0.985107422,-0.174232483,0.903808594,-2.149414063,0.137168884,-1.285430908,-0.001358489,-0.000956805,0.098114014,-0.00086795,1.922821045,2.052810669,0.457885742,1.02822876,1.715606689,1.120178223,0.000108484,9.43244E-05,-1.81012E-05,1.840644836,-1.310394287,-0.785400391
15.74,0.353118896,-0.459106445,1.200546265,-1.712005615,0.345695496,1.360992432,0.568969727,2.074302673,1.218910217,2.703336716,-0.820541382,1.233337402,-1.498382568,-0.599243164,-0.189880371,1.030273438,1.68979E-05,1.073364258,0.936401367,-0.18032074,0.911437988,-2.19519043,0.132270813,-1.255981445,-0.001354738,-0.00095305,0.160186768,-0.00084993,1.911697388,2.069610596,0.398498535,1.023345947,1.704315186,1.113769531,7.62623E-05,0.000128474,9.52668E-05,1.795505524,-1.297088623,-0.777313232
15.75,0.407409668,-0.417747498,1.235214233,-1.746444702,0.355278015,1.335357666,0.598999023,2.051223755,1.206893921,2.700918198,-0.895637512,1.232110023,-1.513122559,-0.572875977,-0.171813965,1.060150146,0.000111417,1.066040039,0.902313232,-0.193717957,0.87701416,-2.159179688,0.154296875,-1.252288818,-0.001360739,-0.000940282,0.180465698,-0.000854435,1.937652588,2.07081604,0.379089355,0.994064331,1.699310303,1.080474854,-0.000137912,-5.17592E-05,-6.15604E-05,1.790493011,-1.295898438,-0.685760498
15.76,0.394775391,-0.41166687,1.228546143,-1.764877319,0.368455887,1.306091309,0.635253906,2.080383301,1.198478699,2.683994293,-0.909172058,1.196516991,-1.497131348,-0.560913086,-0.132049561,1.054138184,0.000137881,1.094177246,0.920562744,-0.181541443,0.871887207,-2.192626953,0.113929749,-1.273162842,-0.001361489,-0.00094554,0.103179932,-0.000851432,1.93888855,2.040802002,0.421508789,1.009925842,1.684265137,1.059997559,-8.48416E-05,-7.07321E-05,-0.000154141,1.819328308,-1.312820435,-0.665557861
15.77,0.360687256,-0.444511414,1.213882446,-1.743972778,0.333717346,1.278076172,0.601501465,2.102241516,1.215309143,2.722679138,-0.874702454,1.202653885,-1.497131348,-0.568115234,-0.126022339,1.021911621,6.60475E-05,1.09173584,0.919342041,-0.190055847,0.903808594,-2.222412109,0.113929749,-1.251052856,-0.00136524,-0.000963564,0.08416748,-0.000846176,1.931472778,2.056396484,0.403381348,1.064826965,1.659210205,1.092010498,4.5076E-07,4.12036E-05,4.61414E-05,1.820583344,-1.286209106,-0.726165771
15.78,0.382141113,-0.409233093,1.233886719,-1.705856323,0.271425247,1.264648438,0.561462402,2.086448669,1.25378418,2.703336716,-0.861167908,1.221064568,-1.535217285,-0.608825684,-0.111572266,1.000396729,5.47059E-05,1.116210938,0.886474609,-0.203453064,0.940856934,-2.155517578,0.142059326,-1.25352478,-0.001356989,-0.000959809,0.143722534,-0.000861192,1.937652588,2.04800415,0.385192871,1.045310974,1.686767578,1.116333008,-1.66092E-05,7.91475E-05,0.000114162,1.805538177,-1.295898438,-0.732879639
15.79,0.354370117,-0.37273407,1.20854187,-1.700927734,0.297779083,1.275604248,0.57019043,2.058509827,1.263404846,2.652563095,-0.848854065,1.185471535,-1.521728516,-0.614807129,-0.118804932,1.017150879,0.000118978,1.140655518,0.915710449,-0.194923401,0.942077637,-2.145629883,0.113929749,-1.267028809,-0.001347237,-0.000956054,0.139923096,-0.000862694,1.929000854,2.016784668,0.421508789,0.987960815,1.715606689,1.070251465,-5.2359E-06,6.96611E-05,1.21295E-05,1.795505524,-1.352722168,-0.67767334
15.8,0.343017578,-0.387336731,1.183197021,-1.736602783,0.351686478,1.308532715,0.582763672,2.057296753,1.220115662,2.650144577,-0.840240479,1.174425125,-1.511871338,-0.568115234,-0.144104004,1.013549805,4.71435E-05,1.092956543,0.92300415,-0.214401245,0.906311035,-2.154296875,0.117591858,-1.236343384,-0.001356989,-0.000957556,0.101913452,-0.000850681,1.937652588,2.034805298,0.436035156,0.99772644,1.659210205,1.027984619,-9.02824E-06,1.46423E-05,-4.45545E-05,1.791744232,-1.340637207,-0.704620361
15.81,0.375823975,-0.410453796,1.181869507,-1.758728027,0.327726364,1.296386719,0.562744141,2.069442749,1.199684143,2.677949905,-0.863624573,1.214927673,-1.515563965,-0.554870605,-0.127227783,0.995605469,-0.000143784,1.080718994,0.902313232,-0.23387146,0.885925293,-2.169189453,0.151847839,-1.219161987,-0.001354738,-0.000943286,0.101913452,-0.000852933,1.929000854,2.020401001,0.413024902,1.035545349,1.637908936,1.044647217,-0.000100004,-2.51997E-05,2.68593E-06,1.767921448,-1.298309326,-0.757141113
15.82,0.372070313,-0.428695679,1.161849976,-1.734130859,0.292985916,1.257354736,0.520202637,2.060943604,1.22492981,2.680366516,-0.869789124,1.219837189,-1.492218018,-0.569274902,-0.11277771,1.025482178,-6.62785E-05,1.12109375,0.932739258,-0.220481873,0.864196777,-2.21496582,0.154296875,-1.230209351,-0.001346487,-0.000946291,0.12979126,-0.000858189,1.903045654,2.001190186,0.393676758,1.037994385,1.686767578,1.045928955,-9.05283E-05,1.0848E-05,4.61414E-05,1.755382538,-1.300735474,-0.726165771
15.83,0.401062012,-0.415313721,1.164520264,-1.707092285,0.309757233,1.274414063,0.520202637,2.047576904,1.22492981,2.646518707,-0.859931946,1.191608429,-1.498382568,-0.560913086,-0.11277771,1.050567627,0.000109526,1.112518311,0.929077148,-0.220481873,0.870605469,-2.180297852,0.157958984,-1.25352478,-0.001352488,-0.000962813,0.125991821,-0.000859691,1.920349121,2.042007446,0.405761719,1.013587952,1.693054199,1.031829834,2.31937E-05,4.30997E-05,-6.53379E-05,1.786727905,-1.304351807,-0.687103271
15.84,0.413696289,-0.367866516,1.181869507,-1.691101074,0.334915161,1.263458252,0.590270996,2.060943604,1.203285217,2.645309448,-0.875930786,1.192835808,-1.520477295,-0.541748047,-0.103149414,1.030273438,2.63499E-05,1.095397949,0.896209717,-0.220481873,0.920349121,-2.14440918,0.16897583,-1.257217407,-0.001358489,-0.00095305,0.096832275,-0.000855186,1.917877197,2.069610596,0.426330566,0.998947144,1.661712646,1.070251465,1.37165E-05,1.36159E-06,-0.000125799,1.787982941,-1.301940918,-0.670928955
15.85,0.382141113,-0.330154419,1.191207886,-1.659103394,0.286998749,1.212249756,0.632751465,2.0730896,1.210502625,2.664651871,-0.864852905,1.208790779,-1.502075195,-0.554870605,-0.124832153,0.96572876,2.63499E-05,1.15045166,0.880401611,-0.208312988,0.921691895,-2.156738281,0.167747498,-1.206878662,-0.00136824,-0.000951548,0.096832275,-0.000857438,1.896865845,2.042007446,0.425170898,1.02456665,1.636657715,1.061279297,2.6986E-05,-4.32879E-06,-4.83319E-05,1.779205322,-1.328536987,-0.666870117
15.86,0.414978027,-0.347190857,1.176528931,-1.664031982,0.22590065,1.243927002,0.600280762,2.068229675,1.204483032,2.650144577,-0.856239319,1.205108643,-1.487304688,-0.604003906,-0.147705078,0.957366943,8.87318E-05,1.157806396,0.853607178,-0.227798462,0.916564941,-2.140625,0.157958984,-1.192153931,-0.001374242,-0.000969572,0.110778809,-0.000861943,1.910461426,2.017990112,0.406982422,1.027008057,1.62411499,1.01776123,7.4368E-05,2.98191E-05,-4.2662E-05,1.803028107,-1.34425354,-0.709991455
15.87,0.421295166,-0.415313721,1.148513794,-1.699691772,0.257047653,1.287811279,0.58026123,2.0597229,1.210502625,2.632013321,-0.8673172,1.176879883,-1.520477295,-0.626831055,-0.12121582,1.052978516,2.06791E-05,1.081939697,0.853607178,-0.242393494,0.94720459,-2.125854492,0.135948181,-1.230209351,-0.001359989,-0.000957556,0.134857178,-0.000853684,1.905517578,2.044403076,0.398498535,0.991622925,1.646697998,1.045928955,-7.13207E-06,2.60249E-05,-7.1004E-05,1.804283142,-1.314041138,-0.732879639
15.88,0.363189697,-0.417747498,1.207214355,-1.686172485,0.283403397,1.264648438,0.577697754,2.048789978,1.24055481,2.641683578,-0.859931946,1.175652504,-1.511871338,-0.601623535,-0.109161377,1.05178833,6.41569E-05,1.072143555,0.890136719,-0.218048096,0.924255371,-2.134521484,0.134719849,-1.240020752,-0.001347237,-0.000949295,0.162734985,-0.000854435,1.865966797,2.056396484,0.386352539,1.019683838,1.662963867,1.081756592,-0.000124643,5.44824E-05,-5.77793E-05,1.814311981,-1.295898438,-0.685760498
15.89,0.353118896,-0.342323303,1.280593872,-1.654190063,0.265434265,1.275604248,0.544006348,2.064582825,1.210502625,2.673114777,-0.855010986,1.21860981,-1.456573486,-0.583679199,-0.128433228,0.98248291,8.30609E-05,1.100280762,0.915710449,-0.203453064,0.893554688,-2.141967773,0.171424866,-1.237548828,-0.001356238,-0.00096807,0.148803711,-0.000860441,1.859786987,2.017990112,0.367004395,1.025787354,1.674224854,1.088165283,-0.000149284,5.06882E-05,-8.99024E-05,1.816818237,-1.312820435,-0.692474365
15.9,0.379608154,-0.320419312,1.239227295,-1.659103394,0.275016785,1.295135498,0.520202637,2.07673645,1.179237366,2.71421814,-0.850090027,1.223519325,-1.467651367,-0.583679199,-0.100723267,1.015899658,-7.19503E-05,1.081939697,0.901092529,-0.182754517,0.924255371,-2.135742188,0.173873901,-1.214233398,-0.001370491,-0.000965066,0.151321411,-0.000855186,1.899337769,2.00958252,0.364624023,0.985527039,1.678009033,1.070251465,-6.77835E-05,2.03345E-05,-8.04514E-05,1.785476685,-1.318862915,-0.736907959
15.91,0.384674072,-0.342323303,1.201858521,-1.686172485,0.288192749,1.253692627,0.528991699,2.057296753,1.178031921,2.693666458,-0.857475281,1.194063187,-1.515563965,-0.557312012,-0.083862305,1.045806885,-8.14013E-05,1.0831604,0.891357422,-0.186401367,0.936950684,-2.143188477,0.137168884,-1.167602539,-0.001352488,-0.00094554,0.169067383,-0.000859691,1.920349121,2.045608521,0.373046875,1.016021729,1.64541626,1.052337646,-5.45159E-05,0.000115193,-1.24313E-05,1.780456543,-1.306777954,-0.723449707
15.92,0.348083496,-0.345970154,1.229888916,-1.689865112,0.257047653,1.20614624,0.552734375,2.082809448,1.182846069,2.633220673,-0.877174377,1.173197746,-1.508209229,-0.557312012,-0.118804932,1.01473999,8.11704E-05,1.102722168,0.90838623,-0.222923279,0.924255371,-2.159179688,0.143287659,-1.176193237,-0.001344986,-0.000944037,0.118377686,-0.000864196,1.879562378,2.040802002,0.391235352,1.023345947,1.644165039,1.047210693,-7.1574E-05,0.000145549,5.55888E-05,1.774188995,-1.292266846,-0.734222412
15.93,0.327850342,-0.364219666,1.233886719,-1.666503906,0.236684799,1.181762695,0.563964844,2.097381592,1.199684143,2.645309448,-0.87348175,1.153559685,-1.471313477,-0.577636719,-0.122406006,0.998016357,8.11704E-05,1.096618652,0.899871826,-0.199798584,0.920349121,-2.155517578,0.165298462,-1.222839355,-0.001370491,-0.000954552,0.08164978,-0.000856687,1.849899292,2.00958252,0.402099609,0.983078003,1.678009033,1.026702881,3.83556E-05,-4.7965E-05,8.58195E-05,1.747859955,-1.259613037,-0.743652344
15.94,0.345550537,-0.40436554,1.209869385,-1.662796021,0.270227432,1.191497803,0.541503906,2.065803528,1.174423218,2.667070389,-0.87348175,1.1584692,-1.494689941,-0.515380859,-0.093505859,0.983673096,2.82396E-05,1.114959717,0.89743042,-0.174232483,0.911437988,-2.136962891,0.171424866,-1.224060059,-0.00136299,-0.000965066,0.120925903,-0.00085894,1.884506226,2.027603149,0.374267578,0.991622925,1.689300537,1.00112915,4.02518E-05,-9.16012E-05,-8.65385E-06,1.752872467,-1.234222412,-0.715362549
15.95,0.326599121,-0.401931763,1.196533203,-1.702163696,0.286998749,1.20489502,0.531494141,2.07673645,1.13835907,2.630802155,-0.887016296,1.173197746,-1.508209229,-0.484191895,-0.085067749,1.001617432,3.58019E-05,1.12109375,0.947357178,-0.203453064,0.91784668,-2.083740234,0.164085388,-1.195846558,-0.001338985,-0.00096807,0.150054932,-0.000854435,1.878326416,2.045608521,0.342773438,0.986747742,1.704315186,0.996002197,-5.26197E-05,9.81186E-05,-8.65385E-06,1.786727905,-1.255981445,-0.738250732
15.96,0.322814941,-0.370300293,1.199203491,-1.709533691,0.263038635,1.168365479,0.557739258,2.086448669,1.141960144,2.61387825,-0.86239624,1.179334641,-1.447967529,-0.560913086,-0.12121582,1.056549072,-5.78631E-06,1.068481445,0.969268799,-0.23387146,0.926757813,-2.082519531,0.145736694,-1.189682007,-0.001345737,-0.000959809,0.125991821,-0.000838668,1.821456909,2.029998779,0.342773438,0.967224121,1.695556641,1.01776123,-1.47149E-05,0.000100017,3.10279E-05,1.780456543,-1.292266846,-0.723449707
15.97,0.380889893,-0.364219666,1.209869385,-1.640670776,0.271425247,1.167114258,0.560241699,2.087661743,1.159996033,2.621131897,-0.855010986,1.186698914,-1.435699463,-0.582458496,-0.145294189,1.061340332,-7.67689E-06,1.068481445,0.898651123,-0.229011536,0.948486328,-2.16418457,0.149398804,-1.204421997,-0.001355488,-0.000952299,0.124710083,-0.000843172,1.820236206,2.027603149,0.356079102,0.970878601,1.631652832,1.034423828,-2.2294E-05,-1.19172E-05,-4.2662E-05,1.769176483,-1.278961182,-0.652069092
15.98,0.421295166,-0.332588196,1.220550537,-1.629592896,0.285800934,1.215911865,0.528991699,2.084022522,1.164810181,2.633220673,-0.901786804,1.163378716,-1.4737854,-0.532165527,-0.092300415,1.043426514,-1.52383E-05,1.123535156,0.849945068,-0.194923401,0.971496582,-2.151855469,0.164085388,-1.186004639,-0.001350987,-0.000958307,0.17666626,-0.000853684,1.861022949,2.016784668,0.350036621,0.967224121,1.616607666,1.008789063,-5.26197E-05,2.22307E-05,6.46338E-06,1.790493011,-1.235427856,-0.672302246
15.99,0.392242432,-0.308258057,1.219207764,-1.650497437,0.259443283,1.217102051,0.526428223,2.040290833,1.170822144,2.66827774,-0.889480591,1.137604713,-1.432006836,-0.518981934,-0.040496826,1.02432251,-4.73754E-05,1.118652344,0.86819458,-0.207099915,0.930603027,-2.092407227,0.155509949,-1.144271851,-0.001346487,-0.000959058,0.174133301,-0.000844674,1.893157959,1.98677063,0.334289551,0.995277405,1.644165039,0.990875244,2.88785E-05,1.65403E-05,-1.24313E-05,1.777950287,-1.24269104,-0.750396729
16,0.359436035,-0.349624634,1.20854187,-1.613601685,0.269029617,1.203704834,0.551452637,2.02935791,1.192466736,2.650144577,-0.877174377,1.16951561,-1.396362305,-0.551269531,-0.069396973,0.99319458,-7.67689E-06,1.095397949,0.834106445,-0.236305237,0.893554688,-2.14440918,0.135948181,-1.139373779,-0.001348737,-0.000952299,0.125991821,-0.000844674,1.873382568,2.011993408,0.335510254,0.991622925,1.652954102,0.996002197,6.48908E-05,-1.57133E-05,-0.000125799,1.792995453,-1.292266846,-0.71673584
16.01,0.374572754,-0.378822327,1.203201294,-1.619750977,0.282205582,1.193939209,0.557739258,2.058509827,1.157592773,2.596954346,-0.928878784,1.176879883,-1.44430542,-0.575256348,-0.109161377,1.005187988,2.25687E-05,1.12600708,0.797607422,-0.205886841,0.948486328,-2.16796875,0.146957397,-1.140609741,-0.001348737,-0.000951548,0.120925903,-0.000855936,1.82270813,2.040802002,0.336730957,0.914756775,1.684265137,0.981933594,7.24737E-05,8.67359E-05,8.3521E-06,1.809299469,-1.315231323,-0.642669678
16.02,0.369537354,-0.377601624,1.211212158,-1.635742188,0.247465134,1.200042725,0.551452637,2.063369751,1.115516663,2.611461639,-0.895637512,1.119194984,-1.456573486,-0.547729492,-0.100723267,1.029083252,2.82396E-05,1.154144287,0.846313477,-0.192489624,0.9765625,-2.119628906,0.170196533,-1.144271851,-0.001350237,-0.000946291,0.131057739,-0.000853684,1.83505249,1.990386963,0.333068848,0.924514771,1.704315186,0.988311768,4.78327E-05,9.05301E-05,4.61414E-05,1.752872467,-1.295898438,-0.67767334
16.03,0.364471436,-0.358139038,1.225891113,-1.618515015,0.242671967,1.226867676,0.544006348,2.028144836,1.149177551,2.622341156,-0.837776184,1.133922577,-1.457824707,-0.520141602,-0.08265686,1.025482178,1.68979E-05,1.144348145,0.869415283,-0.219268799,0.902526855,-2.130859375,0.166526794,-1.177429199,-0.001357739,-0.000950046,0.122177124,-0.00084993,1.859786987,1.997589111,0.323425293,0.996505737,1.689300537,0.994720459,4.5076E-07,1.0848E-05,-0.000118241,1.769176483,-1.277755737,-0.683044434
16.04,0.396026611,-0.321640015,1.223220825,-1.619750977,0.258245468,1.174407959,0.503967285,1.996559143,1.182846069,2.61025238,-0.858703613,1.170742989,-1.478729248,-0.542907715,-0.070602417,0.99319458,-4.92651E-05,1.135772705,0.856048584,-0.24118042,0.864196777,-2.139526367,0.155509949,-1.157791138,-0.001358489,-0.000955303,0.105712891,-0.000859691,1.83505249,2.062408447,0.313720703,0.989181519,1.679260254,0.958892822,9.71127E-05,8.95187E-06,-3.51034E-05,1.844402313,-1.258407593,-0.645355225
16.05,0.394775391,-0.317993164,1.20854187,-1.612380981,0.26423645,1.103759766,0.480224609,2.037864685,1.173225403,2.618715286,-0.872238159,1.138832092,-1.438171387,-0.556152344,-0.077835083,0.960968018,-5.78631E-06,1.12109375,0.888885498,-0.24118042,0.91784668,-2.109741211,0.149398804,-1.103759766,-0.001359239,-0.000947793,0.137390137,-0.000858189,1.826416016,2.046798706,0.335510254,0.945259094,1.685546875,0.957611084,0.0001426,3.25963E-06,0.000100937,1.865718842,-1.240264893,-0.689788818
16.06,0.358154297,-0.347190857,1.200546265,-1.607437134,0.254653931,1.114715576,0.488952637,2.056083679,1.168418884,2.606626511,-0.877174377,1.133922577,-1.400054932,-0.551269531,-0.095916748,0.966949463,6.98287E-05,1.094177246,0.890136719,-0.218048096,0.925476074,-2.101074219,0.151847839,-1.132003784,-0.001362239,-0.000955303,0.184280396,-0.000843923,1.847427368,2.036010742,0.343994141,0.933052063,1.698059082,0.993438721,2.6986E-05,3.93074E-05,-1.81012E-05,1.844402313,-1.249938965,-0.692474365
16.07,0.325317383,-0.367866516,1.213882446,-1.576721191,0.22350502,1.152496338,0.475158691,2.017211914,1.162406921,2.619924545,-0.887016296,1.132695198,-1.420959473,-0.57409668,-0.089889526,0.99319458,-6.43879E-05,1.096618652,0.841430664,-0.188842773,0.864196777,-2.08996582,0.176315308,-1.152862549,-0.001352488,-0.000965066,0.160186768,-0.000853684,1.856079102,2.063598633,0.314880371,0.925735474,1.680511475,0.994720459,1.18203E-05,5.44824E-05,-9.36761E-05,1.777950287,-1.239059448,-0.689788818
16.08,0.339233398,-0.37273407,1.256576538,-1.538574219,0.227098465,1.145172119,0.502685547,2.054862976,1.135955811,2.681577682,-0.898094177,1.110603333,-1.432006836,-0.547729492,-0.086273193,1.01473999,-0.000121099,1.116210938,0.852386475,-0.165718079,0.878234863,-2.105957031,0.177536011,-1.118499756,-0.001352488,-0.000956054,0.156387329,-0.00086795,1.844955444,2.044403076,0.310119629,0.935501099,1.625366211,0.981933594,3.07746E-05,-2.43261E-06,-2.94372E-05,1.757892609,-1.212463379,-0.707275391
16.09,0.373321533,-0.3800354,1.264572144,-1.589004517,0.259443283,1.111053467,0.542724609,2.079162598,1.146774292,2.677949905,-0.907943726,1.116740227,-1.441833496,-0.508178711,-0.077835083,1.0027771,-3.22517E-05,1.122314453,0.865783691,-0.165718079,0.922912598,-2.135742188,0.140846252,-1.136917114,-0.00136749,-0.00094554,0.169067383,-0.000859691,1.833831787,2.019195557,0.300415039,0.958679199,1.6015625,0.978088379,-6.3993E-05,-2.70959E-05,2.15769E-05,1.804283142,-1.208816528,-0.618408203
16.1,0.355651855,-0.390983582,1.232559204,-1.641906738,0.257047653,1.139068604,0.531494141,2.058509827,1.159996033,2.607833862,-0.909172058,1.104467392,-1.460266113,-0.560913086,-0.094696045,0.995605469,-4.73754E-05,1.144348145,0.849945068,-0.203453064,0.901245117,-2.11340332,0.134719849,-1.168823242,-0.00136524,-0.000943286,0.119659424,-0.000855186,1.827636719,2.00958252,0.300415039,0.924514771,1.631652832,0.92175293,-0.000111377,3.25963E-06,4.57093E-06,1.829357147,-1.222122192,-0.606292725
16.11,0.343017578,-0.343536377,1.225891113,-1.618515015,0.241474152,1.193939209,0.520202637,2.085235596,1.137161255,2.599372864,-0.911636353,1.105694771,-1.427093506,-0.575256348,-0.106750488,1.01473999,-3.22517E-05,1.154144287,0.858459473,-0.247268677,0.903808594,-2.138183594,0.150619507,-1.151626587,-0.001353238,-0.000942535,0.137390137,-0.000855936,1.828887939,2.00958252,0.348876953,0.911094666,1.646697998,0.884643555,-9.62131E-05,7.91475E-05,-8.23438E-05,1.843151093,-1.248733521,-0.697845459
16.12,0.351837158,-0.276626587,1.203201294,-1.584075928,0.248662949,1.179321289,0.501464844,2.071876526,1.137161255,2.604207993,-0.889480591,1.132695198,-1.396362305,-0.503417969,-0.048919678,1.006378174,2.82396E-05,1.108856201,0.877960205,-0.244827271,0.926757813,-2.162963867,0.157958984,-1.157791138,-0.001355488,-0.000934274,0.199462891,-0.000852933,1.80909729,2.050415039,0.364624023,0.959899902,1.637908936,0.951171875,-7.9155E-05,9.43244E-05,-3.32147E-05,1.839389801,-1.240264893,-0.692474365
16.13,0.344268799,-0.285140991,1.189865112,-1.574249268,0.248662949,1.153686523,0.483947754,2.047576904,1.131141663,2.567941666,-0.895637512,1.098330498,-1.422180176,-0.524963379,-0.062179565,0.989624023,3.66475E-06,1.079498291,0.879150391,-0.221710205,0.925476074,-2.087402344,0.155509949,-1.168823242,-0.001362239,-0.000939531,0.167800903,-0.000855936,1.785629272,2.07081604,0.33190918,0.940376282,1.678009033,0.976806641,-1.44541E-06,4.6894E-05,8.96007E-05,1.805538177,-1.218505859,-0.66015625
16.14,0.34173584,-0.30947113,1.233886719,-1.582839966,0.21631813,1.135437012,0.475158691,2.058509827,1.12272644,2.587284088,-0.925186157,1.079919815,-1.412353516,-0.606384277,-0.091094971,0.998016357,-3.03611E-05,1.102722168,0.845092773,-0.221710205,0.928039551,-2.050292969,0.146957397,-1.151626587,-0.001357739,-0.000949295,0.141189575,-0.000861943,1.814041138,2.060012817,0.307678223,0.895233154,1.71307373,0.940948486,-2.60845E-05,2.41287E-05,3.29167E-05,1.81055069,-1.234222412,-0.672302246
16.15,0.346801758,-0.314338684,1.233886719,-1.589004517,0.197151184,1.118347168,0.466430664,2.043930054,1.13835907,2.612670898,-0.901786804,1.13024044,-1.36932373,-0.588439941,-0.034469604,1.019500732,7.44592E-06,1.116210938,0.828033447,-0.231445313,0.925476074,-2.071411133,0.16897583,-1.133239746,-0.001346487,-0.000941784,0.19821167,-0.000861943,1.804168701,2.055206299,0.314880371,0.92817688,1.655456543,0.938415527,-9.43169E-05,1.36159E-06,-6.76513E-06,1.821838379,-1.243881226,-0.666870117
16.16,0.33795166,-0.335021973,1.212539673,-1.586547852,0.234287262,1.136627197,0.502685547,2.056083679,1.111907959,2.589702606,-0.907943726,1.135149956,-1.376708984,-0.511779785,-0.058563232,1.031433105,4.52539E-05,1.106414795,0.849945068,-0.23021698,0.908874512,-2.071411133,0.164085388,-1.098861694,-0.001346487,-0.000938029,0.208343506,-0.000853684,1.76461792,2.057617188,0.336730957,0.946479797,1.586517334,0.919189453,6.13369E-06,1.27461E-05,3.85828E-05,1.81055069,-1.243881226,-0.670928955
16.17,0.33795166,-0.349624634,1.248565674,-1.593917847,0.251058578,1.142730713,0.530212402,2.086448669,1.110702515,2.58486557,-0.922721863,1.097103119,-1.398834229,-0.504638672,-0.113983154,1.01473999,3.39113E-05,1.101501465,0.831695557,-0.238746643,0.915283203,-2.103515625,0.11025238,-1.098861694,-0.001354738,-0.000941033,0.139923096,-0.000846176,1.823944092,2.082824707,0.335510254,0.918411255,1.621612549,0.916625977,6.86813E-05,3.17171E-05,-5.02206E-05,1.841896057,-1.241470337,-0.680358887
16.18,0.358154297,-0.331375122,1.271240234,-1.623428345,0.204339981,1.118347168,0.487731934,2.099815369,1.129943848,2.577613831,-0.88331604,1.082374573,-1.379180908,-0.550109863,-0.057357788,1.017150879,2.82396E-05,1.105163574,0.819488525,-0.258216858,0.936950684,-2.148071289,0.117591858,-1.117263794,-0.001346487,-0.00094554,0.138656616,-0.000853684,1.847427368,2.080413818,0.320983887,0.924514771,1.662963867,0.952453613,1.94032E-05,1.36159E-06,-6.15604E-05,1.845661163,-1.231796265,-0.631866455
16.19,0.358154297,-0.325286865,1.248565674,-1.639434814,0.176784515,1.108612061,0.487731934,2.087661743,1.085456848,2.576402664,-0.888252258,1.077465057,-1.36932373,-0.530944824,-0.042907715,1.029083252,2.25687E-05,1.108856201,0.849945068,-0.225357056,0.949768066,-2.140625,0.159187317,-1.070632935,-0.001340486,-0.000956054,0.184280396,-0.000861192,1.785629272,2.060012817,0.307678223,0.937934875,1.629119873,0.93069458,-3.9354E-05,8.95187E-06,8.58195E-05,1.791744232,-1.241470337,-0.607635498
16.2,0.324066162,-0.331375122,1.204544067,-1.598831177,0.148035049,1.111053467,0.523925781,2.048789978,1.113105774,2.592119217,-0.911636353,1.100785255,-1.382873535,-0.487792969,-0.101928711,1.017150879,-1.71289E-05,1.118652344,0.838989258,-0.186401367,0.944641113,-2.099853516,0.165298462,-1.052215576,-0.001359239,-0.000959058,0.167800903,-0.00085894,1.790557861,2.074417114,0.300415039,0.950134277,1.607849121,0.892303467,-5.83064E-05,-4.22727E-05,2.53581E-05,1.816818237,-1.237838745,-0.662841797
16.21,0.312713623,-0.316772461,1.172515869,-1.564407349,0.137254715,1.113464355,0.491455078,2.057296753,1.163604736,2.567941666,-0.888252258,1.132695198,-1.381622314,-0.503417969,-0.079040527,1.018310547,-5.49359E-05,1.127227783,0.829223633,-0.237533569,0.925476074,-2.06640625,0.142059326,-1.086578369,-0.001368991,-0.000949295,0.148803711,-0.000861943,1.823944092,2.062408447,0.336730957,0.972099304,1.604095459,0.9140625,-1.66092E-05,-0.000137134,-8.801E-05,1.858196259,-1.216079712,-0.681732178
16.22,0.346801758,-0.331375122,1.197875977,-1.574249268,0.205537796,1.12322998,0.461425781,2.075523376,1.098678589,2.546180725,-0.887016296,1.14128685,-1.357055664,-0.523742676,-0.035675049,1.045806885,-6.81691E-05,1.122314453,0.846313477,-0.293510437,0.931884766,-2.054077148,0.11882019,-1.102554321,-0.00136299,-0.00094554,0.162734985,-0.000859691,1.856079102,2.033599854,0.373046875,0.97820282,1.605316162,0.953735352,-9.62131E-05,-2.51997E-05,2.53581E-05,1.808040619,-1.20640564,-0.637268066
16.23,0.365722656,-0.339889526,1.229888916,-1.563171387,0.240276337,1.140289307,0.490234375,2.036651611,1.079437256,2.560688019,-0.903022766,1.159696579,-1.336151123,-0.520141602,-0.058563232,1.066101074,-9.56748E-06,1.133331299,0.830474854,-0.24848175,0.920349121,-2.054077148,0.148170471,-1.113586426,-0.001357739,-0.000947793,0.170333862,-0.000853684,1.862258911,2.061203003,0.354919434,0.975761414,1.62286377,0.980651855,-0.000206145,7.34553E-05,0.000110384,1.816818237,-1.20640564,-0.613037109
16.24,0.374572754,-0.299743652,1.223220825,-1.538574219,0.210327148,1.12322998,0.502685547,2.030578613,1.143165588,2.581237793,-0.88331604,1.147423744,-1.36932373,-0.489074707,-0.059768677,1.054138184,4.71435E-05,1.129638672,0.826812744,-0.201011658,0.892272949,-2.072631836,0.159187317,-1.092712402,-0.001357739,-0.000948544,0.177932739,-0.000849179,1.807876587,2.086410522,0.329467773,0.955024719,1.637908936,0.972930908,-0.00010569,-1.38152E-05,3.48054E-05,1.865718842,-1.226959229,-0.61706543
16.25,0.382141113,-0.277839661,1.243225098,-1.548416138,0.180379868,1.080566406,0.480224609,2.064582825,1.161201477,2.58849144,-0.864852905,1.09587574,-1.387756348,-0.47467041,-0.040496826,1.031433105,-1.15484E-07,1.100280762,0.851165771,-0.209533691,0.919128418,-2.107299805,0.135948181,-1.090270996,-0.00136299,-0.000948544,0.193130493,-0.000852933,1.775741577,2.033599854,0.308837891,0.939155579,1.661712646,0.92175293,-3.17711E-05,-8.123E-06,2.72468E-05,1.81055069,-1.240264893,-0.625152588
16.26,0.387176514,-0.299743652,1.260574341,-1.557037354,0.161212921,1.072021484,0.483947754,2.047576904,1.135955811,2.576402664,-0.877174377,1.094648361,-1.337371826,-0.503417969,-0.036880493,1.021911621,5.55534E-06,1.119873047,0.840209961,-0.220481873,0.924255371,-2.115966797,0.182426453,-1.124633789,-0.00136374,-0.000944789,0.186798096,-0.000865697,1.772018433,1.98677063,0.272521973,0.933052063,1.629119873,0.908935547,-8.10511E-05,2.79229E-05,6.12587E-05,1.770427704,-1.239059448,-0.642669678
16.27,0.404876709,-0.298522949,1.232559204,-1.548416138,0.197151184,1.079315186,0.496459961,2.009918213,1.101081848,2.573986053,-0.911636353,1.08482933,-1.336151123,-0.529785156,-0.018798828,1.012329102,7.54995E-05,1.114959717,0.825622559,-0.259437561,0.896118164,-2.067626953,0.18976593,-1.112365723,-0.001354738,-0.000947042,0.163986206,-0.000866448,1.795501709,2.027603149,0.234985352,0.918411255,1.58404541,0.916625977,-1.09226E-05,-1.95075E-05,-2.98396E-06,1.828105927,-1.24269104,-0.666870117
16.28,0.367004395,-0.260810852,1.215209961,-1.566879272,0.224702835,1.065917969,0.462646484,2.02935791,1.090263367,2.577613831,-0.928878784,1.05782795,-1.355804443,-0.52734375,-0.000732422,1.0027771,1.68979E-05,1.067260742,0.838989258,-0.286209106,0.91784668,-2.026855469,0.111480713,-1.060821533,-0.001352488,-0.000952299,0.165267944,-0.000864196,1.804168701,2.058807373,0.238647461,0.926956177,1.627868652,0.879516602,3.26689E-05,2.79229E-05,3.10279E-05,1.868228912,-1.203979492,-0.669586182
16.29,0.359436035,-0.280273438,1.211212158,-1.579162598,0.173192978,1.095184326,0.448913574,2.047576904,1.10710144,2.560688019,-0.910415649,1.098330498,-1.323852539,-0.48059082,-0.006744385,0.996795654,-1.33486E-05,1.114959717,0.841430664,-0.275260925,0.93951416,-2.060180664,0.115142822,-1.038711548,-0.001356989,-0.000944037,0.166534424,-0.000866448,1.759674072,2.00958252,0.265258789,0.924514771,1.661712646,0.874389648,-7.13207E-06,0.000103811,6.50361E-05,1.818077087,-1.142318726,-0.644012451
16.3,0.40612793,-0.31312561,1.244567871,-1.542251587,0.150432587,1.136627197,0.448913574,2.005058289,1.116714478,2.558269501,-0.89440155,1.102012634,-1.33493042,-0.459106445,-0.039291382,0.972900391,-1.15484E-07,1.157806396,0.823150635,-0.282562256,0.905090332,-2.083740234,0.162857056,-1.069396973,-0.001356238,-0.000950046,0.156387329,-0.000859691,1.753479004,1.98677063,0.271362305,0.912315369,1.65045166,0.925598145,4.59384E-05,1.27461E-05,-4.87268E-06,1.800521851,-1.145950317,-0.641326904
16.31,0.359436035,-0.297309875,1.273925781,-1.522583008,0.195953369,1.104949951,0.426452637,1.979553223,1.120323181,2.553434372,-0.872238159,1.038189888,-1.343536377,-0.486633301,-0.059768677,0.958557129,-8.89637E-05,1.096618652,0.804901123,-0.275260925,0.885925293,-2.059082031,0.123718262,-1.080444336,-0.001360739,-0.000958307,0.167800903,-0.000855936,1.751022339,2.021591187,0.290710449,0.95135498,1.65045166,0.938415527,-1.47149E-05,-7.45263E-05,3.29167E-05,1.83562851,-1.182220459,-0.644012451
16.32,0.346801758,-0.297309875,1.244567871,-1.529968262,0.230693817,1.086639404,0.45892334,2.022071838,1.129943848,2.555850983,-0.855010986,1.098330498,-1.321411133,-0.484191895,-0.042907715,1.007568359,-8.51825E-05,1.08682251,0.819488525,-0.242393494,0.907653809,-2.052734375,0.121269226,-1.066940308,-0.001368991,-0.000940282,0.180465698,-0.00085894,1.749771118,2.019195557,0.30279541,0.967224121,1.652954102,0.901275635,-0.000120852,-2.51997E-05,3.29167E-05,1.792995453,-1.216079712,-0.637268066
16.33,0.407409668,-0.311904907,1.255233765,-1.557037354,0.204339981,1.101287842,0.485229492,2.075523376,1.145568848,2.570360184,-0.882095337,1.185471535,-1.373016357,-0.479431152,-0.034469604,1.049377441,-7.67689E-06,1.132080078,0.830474854,-0.235092163,0.899963379,-2.07019043,0.187324524,-1.082901001,-0.001361489,-0.000935025,0.185531616,-0.000862694,1.785629272,2.015594482,0.271362305,0.924514771,1.627868652,0.899993896,-2.41902E-05,-2.89921E-05,-1.432E-05,1.790493011,-1.237838745,-0.646697998
16.34,0.375823975,-0.291221619,1.283248901,-1.590240479,0.154026031,1.081787109,0.442687988,2.087661743,1.113105774,2.541345596,-0.919029236,1.122877121,-1.400054932,-0.493835449,-0.048919678,1.023101807,1.50073E-05,1.15045166,0.793945313,-0.254570007,0.889709473,-2.080078125,0.151847839,-1.087814331,-0.001355488,-0.000950797,0.190612793,-0.00085894,1.754714966,2.032394409,0.238647461,0.913536072,1.592803955,0.916625977,6.48908E-05,-2.14037E-05,3.48054E-05,1.844402313,-1.214874268,-0.614379883
16.35,0.324066162,-0.263244629,1.271240234,-1.532409668,0.148035049,1.086639404,0.44519043,2.086448669,1.060203552,2.528049469,-0.943641663,1.078692436,-1.328765869,-0.478271484,-0.051330566,1.011138916,4.71435E-05,1.140655518,0.776885986,-0.257003784,0.907653809,-2.107299805,0.11025238,-1.059585571,-0.001359989,-0.000957556,0.195663452,-0.000855936,1.721343994,2.014389038,0.236206055,0.923294067,1.616607666,0.910217285,2.12993E-05,4.49978E-05,4.42527E-05,1.800521851,-1.213668823,-0.598236084
16.36,0.315246582,-0.302177429,1.264572144,-1.504135132,0.154026031,1.082977295,0.480224609,2.085235596,1.068618774,2.537719727,-0.941184998,1.076237679,-1.289459229,-0.456665039,-0.038070679,1.017150879,5.65955E-05,1.114959717,0.792724609,-0.270385742,0.916564941,-2.143188477,0.145736694,-1.043624878,-0.001356989,-0.000954552,0.204544067,-0.000861943,1.772018433,1.997589111,0.255554199,0.925735474,1.657958984,0.935821533,-1.47149E-05,2.79229E-05,-4.45545E-05,1.785476685,-1.23059082,-0.630523682
16.37,0.308929443,-0.322853088,1.239227295,-1.58039856,0.140850067,1.039093018,0.461425781,2.074302673,1.062606812,2.522003174,-0.899330139,1.056600571,-1.321411133,-0.485473633,-0.029647827,0.980072021,6.22664E-05,1.124755859,0.784179688,-0.304466248,0.921691895,-2.115966797,0.124931335,-1.058349609,-0.001353238,-0.000951548,0.191864014,-0.000861943,1.772018433,2.015594482,0.270080566,0.934280396,1.644165039,0.952453613,-2.04016E-05,2.60249E-05,-8.99024E-05,1.820583344,-1.187057495,-0.627868652
16.38,0.340484619,-0.277839661,1.205871582,-1.573013306,0.130065918,1.039093018,0.433959961,2.085235596,1.032546997,2.509914398,-0.874702454,1.079919815,-1.342315674,-0.503417969,-0.038070679,0.972900391,5.47059E-05,1.152893066,0.782989502,-0.277687073,0.928039551,-2.057739258,0.123718262,-1.070632935,-0.001356238,-0.000956054,0.19694519,-0.000860441,1.744827271,2.025192261,0.250732422,0.922073364,1.626647949,0.92175293,-4.31444E-05,6.20726E-05,4.57093E-06,1.79801178,-1.156829834,-0.610351563
16.39,0.370788574,-0.280273438,1.225891113,-1.532409668,0.139650345,1.054962158,0.43145752,2.09009552,1.045776367,2.517168045,-0.907943726,1.088511467,-1.352111816,-0.471069336,-0.048919678,1.036254883,7.44592E-06,1.160217285,0.790283203,-0.224136353,0.915283203,-2.046630859,0.162857056,-1.048522949,-0.00136374,-0.000959809,0.190612793,-0.000864196,1.770782471,2.00479126,0.253173828,0.908653259,1.626647949,0.891021729,-2.04016E-05,6.7763E-05,8.96007E-05,1.799266815,-1.173751831,-0.613037109
16.4,0.351837158,-0.290008545,1.279251099,-1.550888062,0.173192978,1.040344238,0.426452637,2.053649902,1.069824219,2.565523148,-0.931335449,1.067646027,-1.370574951,-0.490234375,-0.046524048,1.068511963,-3.03611E-05,1.174926758,0.787841797,-0.23021698,0.920349121,-2.067626953,0.140846252,-1.030136108,-0.00136674,-0.00095305,0.143722534,-0.000864946,1.734954834,1.998794556,0.273742676,0.913536072,1.619110107,0.896148682,3.07746E-05,3.17171E-05,5.18113E-05,1.811805725,-1.182220459,-0.657470703
16.41,0.3203125,-0.277839661,1.261901855,-1.561950684,0.170797348,1.035430908,0.416381836,2.02935791,1.089065552,2.590909958,-0.925186157,1.08482933,-1.352111816,-0.514160156,-0.040496826,1.03503418,-4.54839E-05,1.171264648,0.795166016,-0.271614075,0.958679199,-2.060180664,0.149398804,-1.042388916,-0.001362239,-0.000955303,0.142456055,-0.000862694,1.715164185,2.017990112,0.249511719,0.939155579,1.629119873,0.899993896,6.13369E-06,-1.95075E-05,1.59107E-05,1.781715393,-1.195526123,-0.683044434
16.42,0.33291626,-0.297309875,1.221878052,-1.569320679,0.14563942,1.061065674,0.43145752,2.028144836,1.092666626,2.542554855,-0.938720703,1.100785255,-1.342315674,-0.471069336,-0.023620605,0.990844727,-4.17037E-05,1.15045166,0.767150879,-0.288650513,0.952331543,-2.04296875,0.157958984,-1.043624878,-0.001362239,-0.000961311,0.146255493,-0.000856687,1.77696228,2.028793335,0.224060059,0.9477005,1.646697998,0.869262695,-5.26197E-05,2.79229E-05,-1.09524E-06,1.786727905,-1.225753784,-0.63861084
16.43,0.345550537,-0.291221619,1.225891113,-1.545959473,0.170797348,1.052490234,0.462646484,2.053649902,1.067420959,2.542554855,-0.922721863,1.073782921,-1.380401611,-0.479431152,-0.023620605,0.990844727,-1.15484E-07,1.158996582,0.742797852,-0.289863586,0.922912598,-2.09375,0.098014832,-1.043624878,-0.001356238,-0.000955303,0.147521973,-0.000852933,1.73248291,2.025192261,0.237426758,0.903778076,1.640411377,0.879516602,-7.34683E-05,9.05301E-05,-4.2662E-05,1.808040619,-1.245101929,-0.625152588
16.44,0.32913208,-0.269325256,1.219207764,-1.50289917,0.193555832,0.996429443,0.418884277,2.070663452,1.024139404,2.575195313,-0.901786804,1.067646027,-1.380401611,-0.504638672,-0.058563232,1.013549805,4.52539E-05,1.127227783,0.779327393,-0.308120728,0.93951416,-2.122070313,0.067436218,-1.053451538,-0.001344986,-0.000947793,0.179199219,-0.000855936,1.676849365,1.990386963,0.234985352,0.909873962,1.62286377,0.88079834,-3.36673E-05,4.49978E-05,6.46338E-06,1.800521851,-1.24269104,-0.67364502
16.45,0.334197998,-0.263244629,1.236557007,-1.50289917,0.150432587,0.996429443,0.383911133,2.037864685,1.020530701,2.540138245,-0.919029236,1.068873405,-1.3644104,-0.473449707,-0.030853271,1.011138916,6.03767E-05,1.064819336,0.787841797,-0.306907654,0.933166504,-2.045410156,0.071098328,-1.044845581,-0.001356238,-0.00095305,0.184280396,-0.000855936,1.755950928,1.966369629,0.230163574,0.952575684,1.615356445,0.834686279,4.02518E-05,-3.84785E-05,3.66941E-05,1.816818237,-1.229385376,-0.712677002
16.46,0.327850342,-0.260810852,1.273925781,-1.525054932,0.113294601,1.007415771,0.453918457,2.026931763,1.050582886,2.532884598,-0.911636353,1.036962509,-1.33984375,-0.460266113,0.043838501,1.006378174,2.06791E-05,1.079498291,0.773223877,-0.288650513,0.912719727,-2.008300781,0.096801758,-1.027664185,-0.001359989,-0.000965066,0.174133301,-0.000852933,1.810348511,2.014389038,0.277404785,0.915977478,1.627868652,0.867980957,2.6986E-05,-3.08901E-05,-3.88846E-05,1.809299469,-1.210037231,-0.666870117
16.47,0.322814941,-0.27419281,1.268569946,-1.539810181,0.115690231,0.987884521,0.44519043,2.058509827,1.032546997,2.575195313,-0.911636353,1.03573513,-1.291900635,-0.481872559,0.0052948,1.033843994,-8.14013E-05,1.132080078,0.773223877,-0.28012085,0.929321289,-2.045410156,0.13961792,-1.02520752,-0.001351738,-0.000965817,0.177932739,-0.00084993,1.770782471,2.068405151,0.285827637,0.895233154,1.62411499,0.893585205,-1.47149E-05,2.03345E-05,-6.15604E-05,1.754131317,-1.184631348,-0.580718994
16.48,0.355651855,-0.2498703,1.23789978,-1.547195435,0.100118637,1.012268066,0.36138916,2.062156677,1.025337219,2.546180725,-0.92641449,1.056600571,-1.31036377,-0.50579834,-0.060974121,1.037445068,-8.14013E-05,1.154144287,0.758636475,-0.260650635,0.948486328,-2.077636719,0.132270813,-1.038711548,-0.00136374,-0.000950797,0.174133301,-0.000851432,1.743591309,2.045608521,0.241027832,0.9477005,1.599060059,0.855163574,5.35175E-05,-5.36442E-07,-2.37711E-05,1.772937775,-1.183441162,-0.587432861
16.49,0.363189697,-0.218238831,1.200546265,-1.520126343,0.073764801,1.020812988,0.39263916,2.043930054,1.060203552,2.496616364,-0.899330139,1.050463676,-1.316497803,-0.493835449,-0.021224976,1.007568359,3.01311E-05,1.117431641,0.779327393,-0.264305115,0.953552246,-2.103515625,0.129829407,-1.031341553,-0.001368991,-0.000943286,0.170333862,-0.000855936,1.742355347,1.991577148,0.227722168,0.962341309,1.602813721,0.869262695,6.11003E-05,1.27461E-05,6.12587E-05,1.839389801,-1.191894531,-0.649383545
16.5,0.345550537,-0.224319458,1.215209961,-1.486923218,0.102514267,0.992797852,0.45892334,2.033004761,1.049385071,2.511123657,-0.899330139,1.023462296,-1.294372559,-0.471069336,-0.020004272,1.03503418,5.09247E-05,1.069702148,0.802459717,-0.305679321,0.93951416,-2.072631836,0.138397217,-1.011703491,-0.001362239,-0.000957556,0.180465698,-0.000864196,1.730010986,2.00718689,0.213195801,0.930618286,1.625366211,0.88079834,-3.55635E-05,3.55113E-05,7.0706E-05,1.838134766,-1.199157715,-0.657470703
16.51,0.315246582,-0.217018127,1.265914917,-1.495529175,0.143241882,0.991546631,0.416381836,2.039077759,1.012115479,2.513540268,-0.920249939,1.011188507,-1.312805176,-0.473449707,-0.029647827,1.048217773,3.58019E-05,1.102722168,0.757415771,-0.316642761,0.922912598,-2.026855469,0.131057739,-1.011703491,-0.00136449,-0.00096056,0.189331055,-0.000862694,1.723815918,2.038406372,0.216796875,0.909873962,1.626647949,0.842376709,-5.26197E-05,-6.22682E-06,6.46338E-06,1.792995453,-1.225753784,-0.614379883
16.52,0.277374268,-0.219451904,1.277908325,-1.505371094,0.092931747,1.002563477,0.355102539,2.04271698,1.039764404,2.513540268,-0.931335449,1.032052994,-1.295623779,-0.467468262,0.013717651,1.013549805,4.52539E-05,1.108856201,0.70993042,-0.302032471,0.93951416,-2.094848633,0.122489929,-1.027664185,-0.00136674,-0.000950046,0.170333862,-0.000851432,1.73248291,2.00479126,0.242248535,0.895233154,1.591552734,0.850067139,-3.36673E-05,5.1558E-06,4.61414E-05,1.770427704,-1.228164673,-0.606292725
16.53,0.313964844,-0.245002747,1.283248901,-1.493057251,0.076160431,1.012268066,0.391418457,2.034217834,1.068618774,2.538927078,-0.949798584,1.049236298,-1.300506592,-0.451904297,-0.011581421,1.046966553,1.31167E-05,1.0574646,0.722106934,-0.282562256,0.975280762,-2.14440918,0.106590271,-1.017837524,-0.001368991,-0.00095305,0.160186768,-0.000861192,1.726287842,1.990386963,0.209533691,0.889129639,1.576507568,0.885925293,-2.04016E-05,5.25862E-05,8.3521E-06,1.769176483,-1.202774048,-0.635925293
16.54,0.401062012,-0.271759033,1.271240234,-1.47215271,0.152828217,1.017150879,0.428955078,2.01599884,1.030143738,2.520795822,-0.917800903,1.054145813,-1.33493042,-0.456665039,-0.013977051,1.069671631,-2.09091E-05,1.097839355,0.772033691,-0.271614075,0.959960938,-2.068847656,0.157958984,-0.990844727,-0.00136374,-0.000952299,0.195663452,-0.000872455,1.697875977,2.04800415,0.173217773,0.892791748,1.612854004,0.876922607,-3.9354E-05,8.67359E-05,-7.66739E-05,1.766666412,-1.194320679,-0.649383545
16.55,0.409942627,-0.258377075,1.257904053,-1.483215332,0.169599533,1.000091553,0.403869629,2.013565063,1.020530701,2.512332916,-0.920249939,1.038189888,-1.300506592,-0.48059082,0.018539429,1.033843994,-2.09091E-05,1.15045166,0.770812988,-0.299598694,0.914001465,-2.021972656,0.194664001,-0.988388062,-0.001353238,-0.000953801,0.191864014,-0.000861943,1.647186279,2.049194336,0.186523438,0.887908936,1.619110107,0.837249756,-8.67378E-05,7.34553E-05,-6.76513E-06,1.781715393,-1.184631348,-0.646697998
16.56,0.353118896,-0.234054565,1.272583008,-1.517654419,0.120483398,0.986694336,0.403869629,2.037864685,1.066215515,2.525630951,-0.969490051,1.028370857,-1.275939941,-0.498596191,0.010101318,1.055389404,-3.41423E-05,1.110076904,0.731842041,-0.302032471,0.924255371,-2.055297852,0.112701416,-0.94909668,-0.001359239,-0.000962813,0.146255493,-0.000861192,1.642242432,1.995178223,0.205871582,0.87815094,1.596557617,0.823181152,-6.02026E-05,8.95187E-06,4.04753E-05,1.814311981,-1.173751831,-0.626495361
16.57,0.3203125,-0.245002747,1.264572144,-1.511520386,0.096523285,0.987884521,0.417663574,2.022071838,1.067420959,2.535301208,-0.936264038,1.067646027,-1.282073975,-0.471069336,0.018539429,1.094787598,-2.84715E-05,1.092956543,0.764709473,-0.29473114,0.934448242,-2.057739258,0.09312439,-0.934371948,-0.001369741,-0.000952299,0.171600342,-0.0008687,1.696624756,2.002380371,0.225280762,0.870826721,1.6065979,0.834686279,-5.26197E-05,-4.32879E-06,-3.88846E-05,1.838134766,-1.164077759,-0.641326904
16.58,0.325317383,-0.2498703,1.249908447,-1.500457764,0.107307434,0.981781006,0.401367188,2.01235199,1.052993774,2.576402664,-0.907943726,1.0750103,-1.279632568,-0.432739258,-0.004348755,1.064910889,-3.89665E-06,1.138214111,0.7890625,-0.315422058,0.891052246,-2.030517578,0.159187317,-0.984710693,-0.00136599,-0.00095305,0.204544067,-0.000861943,1.701568604,2.013198853,0.244628906,0.885475159,1.634155273,0.833404541,-0.000103794,-1.95075E-05,-8.42325E-05,1.831867218,-1.145950317,-0.662841797
16.59,0.361938477,-0.255943298,1.248565674,-1.501693726,0.096523285,0.979370117,0.401367188,2.065803528,1.075836182,2.555850983,-0.930107117,1.034507751,-1.298065186,-0.487792969,-0.028442383,1.033843994,-2.46903E-05,1.152893066,0.758636475,-0.312995911,0.894836426,-2.045410156,0.126159668,-0.96383667,-0.001353238,-0.000979336,0.181732178,-0.000855186,1.684265137,1.990386963,0.230163574,0.912315369,1.626647949,0.807830811,-8.10511E-05,2.22307E-05,-1.432E-05,1.81055069,-1.156829834,-0.63458252
16.6,0.373321533,-0.254730225,1.244567871,-1.47215271,0.051002502,0.94644165,0.422668457,2.084022522,1.037361145,2.506286621,-0.911636353,1.023462296,-1.31036377,-0.55255127,0.001678467,1.041015625,-7.67689E-06,1.124755859,0.764709473,-0.297172546,0.934448242,-2.049072266,0.084564209,-0.94052124,-0.001353238,-0.000980087,0.193130493,-0.000858189,1.701568604,1.985580444,0.219238281,0.898895264,1.605316162,0.802703857,-1.47149E-05,0.00012468,6.31474E-05,1.811805725,-1.183441162,-0.596893311
16.61,0.322814941,-0.229187012,1.229888916,-1.47215271,0.077358246,0.903747559,0.435180664,2.062156677,0.977241516,2.53046608,-0.899330139,1.03573513,-1.279632568,-0.479431152,0.007705688,1.043426514,1.12271E-05,1.0831604,0.764709473,-0.29473114,0.944641113,-2.011962891,0.135948181,-0.97857666,-0.00136674,-0.000958307,0.224807739,-0.000861943,1.701568604,1.980773926,0.234985352,0.862289429,1.62411499,0.835968018,-7.13207E-06,6.96611E-05,4.04753E-05,1.828105927,-1.189483643,-0.573974609
16.62,0.317779541,-0.204849243,1.235214233,-1.531204224,0.139650345,0.941589355,0.422668457,2.054862976,1.004898071,2.518377304,-0.915328979,1.019780159,-1.243988037,-0.388427734,0.0052948,1.066101074,-3.03611E-05,1.059906006,0.730651855,-0.314208984,0.959960938,-2.025634766,0.142059326,-0.983474731,-0.001359239,-0.000944789,0.188079834,-0.000871704,1.678085327,1.977172852,0.226501465,0.861068726,1.621612549,0.852630615,-7.13207E-06,8.95187E-06,-1.99899E-05,1.790493011,-1.201568604,-0.619781494
16.63,0.363189697,-0.230400085,1.261901855,-1.543487549,0.09532547,0.970825195,0.40637207,2.035430908,1.016914368,2.500244141,-0.907943726,0.99032402,-1.252593994,-0.403991699,0.017333984,1.056549072,2.44593E-05,1.0831604,0.723327637,-0.315422058,0.934448242,-2.041625977,0.112701416,-0.967529297,-0.001350237,-0.000944789,0.151321411,-0.000876209,1.648422241,1.983184814,0.198669434,0.879371643,1.596557617,0.829589844,8.02986E-06,2.79229E-05,1.21295E-05,1.760398865,-1.200363159,-0.653411865
16.64,0.375823975,-0.257156372,1.224563599,-1.513977051,0.036626816,0.941589355,0.405151367,2.006278992,0.98085022,2.50387001,-0.912864685,1.023462296,-1.306671143,-0.436340332,0.008911133,1.001617432,0.000100074,1.100280762,0.740386963,-0.295944214,0.899963379,-2.028076172,0.120040894,-0.952789307,-0.001360739,-0.000953801,0.161468506,-0.000866448,1.647186279,1.980773926,0.190124512,0.879371643,1.614105225,0.823181152,4.23938E-06,-1.57133E-05,8.20421E-05,1.836883545,-1.162872314,-0.61706543
16.65,0.349304199,-0.230400085,1.20854187,-1.510284424,0.096523285,0.93548584,0.372619629,2.030578613,0.985656738,2.479692459,-0.923942566,1.078692436,-1.34475708,-0.429138184,-0.015197754,1.044616699,4.33633E-05,1.101501465,0.762298584,-0.300819397,0.928039551,-2.077636719,0.099243164,-0.95892334,-0.001359239,-0.000956805,0.148803711,-0.000862694,1.687973022,1.979568481,0.213195801,0.861068726,1.62286377,0.821899414,1.37165E-05,-4.22727E-05,4.42527E-05,1.868228912,-1.156829834,-0.652069092
16.66,0.296325684,-0.218238831,1.277908325,-1.494293213,0.151630402,0.945251465,0.350097656,2.074302673,1.021728516,2.50387001,-0.910415649,1.068873405,-1.322631836,-0.441101074,-0.034469604,1.109161377,7.44592E-06,1.144348145,0.790283203,-0.29473114,0.949768066,-2.080078125,0.088226318,-1.00189209,-0.001355488,-0.000962813,0.141189575,-0.000862694,1.673141479,2.002380371,0.222900391,0.853752136,1.619110107,0.809112549,-4.31444E-05,2.60249E-05,-2.56598E-05,1.805538177,-1.185852051,-0.689788818
16.67,0.303894043,-0.227966309,1.288589478,-1.491851807,0.115690231,0.959869385,0.377685547,2.056083679,1.036155701,2.523212433,-0.933799744,1.01855278,-1.314025879,-0.478271484,-0.006744385,1.062561035,1.50073E-05,1.145568848,0.785430908,-0.275260925,0.944641113,-2.030517578,0.131057739,-1.00189209,-0.00136449,-0.00096807,0.165267944,-0.000858189,1.63482666,2.010787964,0.227722168,0.863510132,1.637908936,0.824462891,-0.000134122,6.7763E-05,1.21295E-05,1.809299469,-1.214874268,-0.642669678
16.68,0.354370117,-0.264457703,1.245895386,-1.5078125,0.077358246,0.952545166,0.386413574,2.028144836,1.002487183,2.505079269,-0.973182678,0.985414505,-1.333709717,-0.478271484,0.017333984,1.000396729,-2.46903E-05,1.094177246,0.705047607,-0.270385742,0.942077637,-2.059082031,0.16040802,-0.952789307,-0.00136674,-0.000954552,0.156387329,-0.000861943,1.639770508,1.989181519,0.261657715,0.869606018,1.621612549,0.810394287,-7.1574E-05,8.95187E-06,5.37001E-05,1.820583344,-1.24269104,-0.623809814
16.69,0.349304199,-0.27419281,1.249908447,-1.494293213,0.077358246,0.926940918,0.386413574,2.048789978,0.977241516,2.494197845,-0.944877625,1.013643265,-1.314025879,-0.44708252,0.004089355,0.999206543,5.28144E-05,1.122314453,0.662445068,-0.284996033,0.934448242,-2.062744141,0.170196533,-0.92578125,-0.00136374,-0.000939531,0.155136108,-0.000867199,1.637298584,1.98197937,0.214416504,0.883033752,1.595306396,0.787353516,-5.64121E-05,1.27461E-05,3.66941E-05,1.774188995,-1.23664856,-0.652069092
16.7,0.325317383,-0.218238831,1.25390625,-1.494293213,0.096523285,0.922058105,0.387634277,2.058509827,0.990470886,2.492990494,-0.901786804,1.04678154,-1.295623779,-0.459106445,0.012512207,1.008728027,0.000185141,1.161468506,0.728179932,-0.34828949,0.914001465,-1.995849609,0.172637939,-0.942977905,-0.00136299,-0.000936527,0.194412231,-0.000864196,1.669433594,1.977172852,0.138061523,0.874488831,1.614105225,0.819335938,-0.000120852,8.8634E-05,8.20421E-05,1.775444031,-1.216079712,-0.679016113
16.71,0.32913208,-0.221885681,1.225891113,-1.496765137,0.100118637,0.908660889,0.380187988,2.052436829,0.974838257,2.508705139,-0.916557312,1.019780159,-1.302978516,-0.490234375,0.023361206,0.984863281,0.000135992,1.103942871,0.768371582,-0.364112854,0.903808594,-1.98840332,0.144508362,-0.960159302,-0.001361489,-0.000942535,0.193130493,-0.000858189,1.706512451,1.974777222,0.173217773,0.829345703,1.630401611,0.8487854,-3.34159E-06,6.01746E-05,5.93662E-05,1.779205322,-1.217285156,-0.664215088
16.72,0.355651855,-0.243782043,1.229888916,-1.473388672,0.100118637,0.90133667,0.377685547,2.046363831,0.96522522,2.472438812,-0.939949036,0.997688293,-1.326324463,-0.466247559,0.031784058,0.995605469,-1.15484E-07,1.074584961,0.775695801,-0.289863586,0.919128418,-2.04296875,0.11882019,-0.965072632,-0.001358489,-0.000958307,0.181732178,-0.00085894,1.655838013,1.98677063,0.188964844,0.823242188,1.604095459,0.835968018,5.35175E-05,4.6894E-05,-9.17912E-05,1.756637573,-1.217285156,-0.626495361
16.73,0.360687256,-0.198768616,1.281921387,-1.450027466,0.09532547,0.948883057,0.37890625,2.030578613,0.985656738,2.479692459,-0.964569092,1.022234917,-1.322631836,-0.444702148,0.047454834,1.055389404,-3.79235E-05,1.123535156,0.787841797,-0.254570007,0.919128418,-2.062744141,0.134719849,-0.990844727,-0.001356989,-0.000953801,0.200744629,-0.000864196,1.637298584,1.979568481,0.133239746,0.851303101,1.558959961,0.815490723,-5.45159E-05,0.000109503,-7.28928E-05,1.796760559,-1.218505859,-0.652069092
16.74,0.336700439,-0.17565155,1.295257568,-1.450027466,0.045015335,0.976928711,0.386413574,2.02935791,0.984451294,2.554643631,-0.981811523,1.038189888,-1.269805908,-0.46270752,0.047454834,1.052978516,2.63499E-05,1.12109375,0.746459961,-0.272827148,0.911437988,-2.028076172,0.135948181,-1.008026123,-0.00136449,-0.000935025,0.191864014,-0.000870953,1.695388794,1.957962036,0.13079834,0.867172241,1.550201416,0.788635254,-6.96778E-05,5.06882E-05,4.99189E-05,1.831867218,-1.223342896,-0.696533203
16.75,0.343017578,-0.190254211,1.25390625,-1.469696045,0.027044296,0.951293945,0.372619629,2.036651611,0.96522522,2.517168045,-0.968269348,1.017325401,-1.256256104,-0.457885742,0.04624939,1.032684326,8.11704E-05,1.085601807,0.717224121,-0.306907654,0.91015625,-2.020629883,0.113929749,-0.989608765,-0.00136374,-0.000952299,0.171600342,-0.000872455,1.707748413,1.942352295,0.161071777,0.864730835,1.56149292,0.739959717,-8.10511E-05,-5.36442E-07,-2.37711E-05,1.800521851,-1.210037231,-0.666870117
16.76,0.326599121,-0.231620789,1.229888916,-1.480773926,0.070169449,0.948883057,0.351379395,2.01599884,0.942375183,2.470022202,-0.957183838,0.995233536,-1.295623779,-0.439880371,0.04624939,1.039855957,7.54995E-05,1.103942871,0.736724854,-0.331253052,0.889709473,-2.040527344,0.128608704,-0.977340698,-0.001355488,-0.000964315,0.181732178,-0.000861192,1.66078186,1.975982666,0.168395996,0.852531433,1.546447754,0.734863281,-9.05283E-05,8.95187E-06,-3.88846E-05,1.780456543,-1.190689087,-0.613037109
16.77,0.288726807,-0.236480713,1.233886719,-1.504135132,0.062980652,0.924468994,0.370117188,1.990486145,0.953193665,2.520795822,-0.92641449,0.99032402,-1.305419922,-0.454284668,0.041427612,1.043426514,1.50073E-05,1.133331299,0.756195068,-0.314208984,0.86932373,-2.018188477,0.131057739,-0.97366333,-0.00136299,-0.00094554,0.17666626,-0.000860441,1.627410889,2.015594482,0.15020752,0.865951538,1.541442871,0.809112549,-4.69331E-05,-5.93476E-05,7.25947E-05,1.777950287,-1.162872314,-0.603607178
16.78,0.305145264,-0.173217773,1.247238159,-1.485687256,0.036626816,0.896453857,0.398925781,2.018424988,0.979652405,2.514749527,-0.92149353,1.01855278,-1.274719238,-0.459106445,0.043838501,1.042205811,-2.09091E-05,1.12600708,0.758636475,-0.29108429,0.87310791,-2.04296875,0.140846252,-0.94052124,-0.001376492,-0.000944789,0.152603149,-0.000870953,1.627410889,1.978378296,0.145324707,0.870826721,1.575256348,0.841094971,-6.20969E-05,-2.51997E-05,-8.65385E-06,1.776699066,-1.159255981,-0.621124268
16.79,0.3203125,-0.192687988,1.271240234,-1.411880493,0.064178467,0.920806885,0.387634277,2.051223755,0.97844696,2.44947052,-0.970733643,1.05782795,-1.266113281,-0.431518555,0.061920166,1.020721436,2.63499E-05,1.117431641,0.72088623,-0.28012085,0.906311035,-2.086303711,0.175086975,-0.947891235,-0.00136749,-0.000962062,0.171600342,-0.000859691,1.647186279,1.950759888,0.17565918,0.873275757,1.621612549,0.780914307,-7.1574E-05,0.000136063,-0.000116352,1.811805725,-1.191894531,-0.625152588
16.8,0.307678223,-0.258377075,1.285919189,-1.406967163,0.083347321,0.912322998,0.358886719,2.043930054,0.971229553,2.466394424,-0.953491211,1.030825615,-1.269805908,-0.450683594,0.073959351,1.02432251,1.68979E-05,1.141876221,0.717224121,-0.288650513,0.928039551,-2.025634766,0.151847839,-0.985916138,-0.001353238,-0.000964315,0.202011108,-0.000854435,1.662017822,1.984375,0.155029297,0.885475159,1.629119873,0.760437012,-2.41902E-05,0.000134166,-3.69959E-05,1.845661163,-1.191894531,-0.619781494
16.81,0.306396484,-0.215805054,1.267242432,-1.432800293,0.073764801,0.906219482,0.370117188,2.051223755,0.976043701,2.494197845,-0.932571411,0.994006157,-1.258728027,-0.472229004,0.063110352,1.030273438,-3.03611E-05,1.163909912,0.744018555,-0.33732605,0.931884766,-2.007080078,0.120040894,-0.967529297,-0.001353988,-0.00095305,0.181732178,-0.00086795,1.678085327,2.001190186,0.117492676,0.865951538,1.574005127,0.778381348,7.4368E-05,5.63804E-05,6.12587E-05,1.808040619,-1.181015015,-0.642669678
16.82,0.305145264,-0.184173584,1.244567871,-1.448791504,0.073764801,0.911071777,0.390136719,2.050003052,0.971229553,2.466394424,-0.980575562,1.00137043,-1.273468018,-0.439880371,0.058303833,1.017150879,5.47059E-05,1.130859375,0.703826904,-0.360458374,0.944641113,-2.076293945,0.111480713,-0.946655273,-0.001352488,-0.000947042,0.134857178,-0.000861192,1.66696167,1.98197937,0.158691406,0.848869324,1.571502686,0.738677979,7.62623E-05,8.8634E-05,3.66941E-05,1.771682739,-1.185852051,-0.662841797
16.83,0.303894043,-0.212150574,1.256576538,-1.473388672,0.067773819,0.889129639,0.388916016,2.003845215,0.937561035,2.467603683,-0.981811523,0.997688293,-1.259979248,-0.466247559,0.073959351,1.058959961,0.000156785,1.092956543,0.686798096,-0.336112976,0.928039551,-2.084960938,0.085784912,-0.961395264,-0.001348737,-0.000956054,0.132324219,-0.000851432,1.595275879,1.969970703,0.167114258,0.842765808,1.616607666,0.732299805,-4.12501E-05,7.15572E-05,1.59107E-05,1.828105927,-1.181015015,-0.625152588
16.84,0.322814941,-0.191467285,1.25390625,-1.468460083,0.048606873,0.879394531,0.376403809,1.983200073,0.921928406,2.473648071,-0.97442627,1.000143051,-1.247680664,-0.498596191,0.070343018,1.067321777,8.30609E-05,1.0831604,0.725769043,-0.312995911,0.91015625,-2.051635742,0.099243164,-0.976104736,-0.001353238,-0.000959809,0.169067383,-0.000856687,1.581680298,1.962768555,0.135620117,0.823242188,1.594055176,0.784790039,-5.2359E-06,3.55113E-05,3.66941E-05,1.866973877,-1.199157715,-0.600921631
16.85,0.326599121,-0.168357849,1.251220703,-1.466018677,0.033033371,0.850097656,0.336364746,2.000198364,0.939971924,2.457933426,-0.98550415,0.980505943,-1.287017822,-0.465087891,0.051071167,1.018310547,-5.87171E-05,1.089294434,0.708709717,-0.325164795,0.945922852,-2.034179688,0.143287659,-0.968734741,-0.001356989,-0.000949295,0.169067383,-0.00085894,1.616287231,1.939956665,0.138061523,0.811042786,1.576507568,0.777099609,5.54137E-05,4.12036E-05,-4.45545E-05,1.820583344,-1.262023926,-0.61706543
16.86,0.293792725,-0.217018127,1.288589478,-1.473388672,-0.000509262,0.844055176,0.325134277,1.998985291,0.959205627,2.463975906,-0.959655762,0.928956985,-1.274719238,-0.46862793,0.063110352,1.043426514,-7.95117E-05,1.103942871,0.658782959,-0.36289978,0.940856934,-2.034179688,0.128608704,-0.94052124,-0.001355488,-0.000948544,0.17666626,-0.000864946,1.591552734,1.947158813,0.142944336,0.830558777,1.574005127,0.73739624,1.37165E-05,3.93074E-05,-3.1326E-05,1.800521851,-1.263244629,-0.633239746
16.87,0.293792725,-0.248649597,1.287261963,-1.464782715,-0.022069931,0.859863281,0.342651367,1.981987,0.970024109,2.472438812,-0.95841217,0.930184364,-1.228027344,-0.49621582,0.076370239,1.07208252,-6.62785E-05,1.099060059,0.697753906,-0.36289978,0.894836426,-2.037963867,0.116378784,-0.91229248,-0.001354738,-0.000953801,0.204544067,-0.000873956,1.60887146,1.974777222,0.15625,0.845207214,1.56149292,0.729736328,-1.44541E-06,7.34553E-05,8.01496E-05,1.792995453,-1.187057495,-0.658813477
16.88,0.325317383,-0.196334839,1.275253296,-1.454940796,0.012670517,0.842803955,0.316345215,1.9686203,0.945983887,2.471229553,-0.959655762,0.963322639,-1.224304199,-0.448303223,0.065536499,1.021911621,-6.43879E-05,1.108856201,0.775695801,-0.330024719,0.911437988,-2.029296875,0.140846252,-0.927017212,-0.00136599,-0.000948544,0.182998657,-0.000871704,1.638534546,1.942352295,0.16595459,0.815925598,1.596557617,0.755340576,-2.41902E-05,3.17171E-05,8.3521E-06,1.769176483,-1.168914795,-0.661499023
16.89,0.313964844,-0.163490295,1.283248901,-1.446334839,0.064178467,0.844055176,0.335144043,1.961326599,0.926742554,2.460350037,-0.943641663,0.986641884,-1.266113281,-0.389587402,0.055892944,1.027862549,5.28144E-05,1.12109375,0.775695801,-0.305679321,0.931884766,-2.025634766,0.122489929,-0.984710693,-0.001369741,-0.000943286,0.174133301,-0.000862694,1.580444336,1.935150146,0.15020752,0.811042786,1.602813721,0.770690918,-4.31444E-05,-8.78051E-05,7.93487E-07,1.790493011,-1.173751831,-0.625152588
16.9,0.278625488,-0.180519104,1.249908447,-1.468460083,0.082147598,0.853790283,0.402648926,1.983200073,0.956802368,2.443426132,-0.949798584,1.027143478,-1.298065186,-0.418395996,0.048660278,1.07208252,0.000118978,1.124755859,0.74887085,-0.292297363,0.929321289,-2.056518555,0.087013245,-1.009262085,-0.001351738,-0.000943286,0.209609985,-0.00085894,1.549545288,1.999984741,0.144104004,0.843986511,1.576507568,0.73614502,4.5076E-07,-4.03766E-05,6.88173E-05,1.809299469,-1.162872314,-0.610351563
16.91,0.260986328,-0.159835815,1.260574341,-1.474624634,0.041419983,0.863525391,0.353881836,2.000198364,0.968826294,2.450679779,-0.952262878,1.014870644,-1.271026611,-0.459106445,0.02456665,1.036254883,4.52539E-05,1.148010254,0.724517822,-0.323944092,0.930603027,-2.101074219,0.087013245,-0.969970703,-0.001349487,-0.000941784,0.194412231,-0.000861192,1.570541382,1.966369629,0.151367188,0.834228516,1.567749023,0.722045898,2.31937E-05,0.000103811,-1.81012E-05,1.81306076,-1.193099976,-0.618408203
16.92,0.262207031,-0.203636169,1.323287964,-1.442626953,0.001886368,0.851348877,0.280090332,1.96497345,0.930351257,2.468812943,-0.99042511,0.968232155,-1.261199951,-0.445922852,0.002883911,1.03503418,8.30609E-05,1.139434814,0.675842285,-0.372634888,0.894836426,-2.067626953,0.094352722,-0.942977905,-0.00136449,-0.000939531,0.177932739,-0.000863445,1.58291626,1.912338257,0.138061523,0.817138672,1.526397705,0.733581543,-1.85054E-05,0.000113297,-3.69959E-05,1.81306076,-1.208816528,-0.600921631
16.93,0.278625488,-0.285140991,1.288589478,-1.450027466,0.049804688,0.825714111,0.307617188,1.962547302,0.891876221,2.468812943,-1.024894714,0.99032402,-1.278411865,-0.438720703,0.031784058,1.076873779,0.000164347,1.119873047,0.653930664,-0.366546631,0.875671387,-1.995849609,0.094352722,-0.941741943,-0.001372741,-0.00094554,0.224807739,-0.00085894,1.605163574,1.972366333,0.118713379,0.828125,1.530151367,0.709259033,-6.58892E-05,6.7763E-05,2.15769E-05,1.787982941,-1.191894531,-0.588806152
16.94,0.287475586,-0.218238831,1.215209961,-1.451263428,0.092931747,0.850097656,0.351379395,2.003845215,0.911109924,2.441009521,-0.971961975,0.987869263,-1.258728027,-0.433959961,0.071563721,1.043426514,0.000115197,1.099060059,0.684356689,-0.311767578,0.889709473,-2.013183594,0.112701416,-0.901229858,-0.00136674,-0.000954552,0.224807739,-0.000846176,1.618759155,1.983184814,0.107788086,0.793960571,1.58404541,0.69644165,-4.12501E-05,6.7763E-05,7.93487E-07,1.765411377,-1.189483643,-0.613037109
16.95,0.296325684,-0.165924072,1.240570068,-1.420501709,0.071367264,0.861114502,0.346374512,2.006278992,0.962814331,2.416830063,-0.936264038,0.938775063,-1.25012207,-0.419555664,0.070343018,1.048217773,0.000100074,1.072143555,0.717224121,-0.29473114,0.88079834,-2.045410156,0.144508362,-0.887741089,-0.001356238,-0.000961311,0.209609985,-0.000843172,1.613815308,1.945968628,0.107788086,0.782981873,1.566467285,0.73739624,1.7507E-05,7.34553E-05,-5.58905E-05,1.779205322,-1.199157715,-0.637268066
16.96,0.310211182,-0.219451904,1.287261963,-1.422958374,0.040222168,0.857452393,0.325134277,2.013565063,0.94959259,2.437381744,-0.953491211,0.953503609,-1.242767334,-0.436340332,0.066726685,1.08404541,0.000151115,1.103942871,0.719665527,-0.336112976,0.897399902,-2.034179688,0.109031677,-0.95892334,-0.00136824,-0.000961311,0.214675903,-0.000861943,1.595275879,1.95916748,0.151367188,0.830558777,1.55645752,0.765594482,-2.79807E-05,-5.36442E-07,-7.85626E-05,1.816818237,-1.200363159,-0.633239746
16.97,0.305145264,-0.214584351,1.252563477,-1.446334839,-0.016082764,0.870880127,0.325134277,1.998985291,0.935157776,2.448261261,-0.978118896,0.986641884,-1.228027344,-0.471069336,0.043838501,1.041015625,0.000117088,1.118652344,0.701416016,-0.319076538,0.93572998,-2.023071289,0.058876038,-0.985916138,-0.001374242,-0.000957556,0.160186768,-0.000865697,1.575485229,1.971176147,0.164733887,0.831787109,1.582763672,0.729736328,-4.50406E-05,-9.91896E-05,-2.94372E-05,1.800521851,-1.201568604,-0.603607178
16.98,0.296325684,-0.164703369,1.197875977,-1.425430298,-0.040039063,0.853790283,0.325134277,1.983200073,0.960411072,2.402322769,-0.98550415,0.979278564,-1.268554688,-0.459106445,0.002883911,1.031433105,3.58019E-05,1.099060059,0.696533203,-0.29838562,0.908874512,-1.985961914,0.09312439,-0.933151245,-0.001355488,-0.000959058,0.157653809,-0.000852182,1.577957153,1.950759888,0.121154785,0.825683594,1.555206299,0.71182251,6.13369E-06,-5.36572E-05,-1.432E-05,1.790493011,-1.211242676,-0.622436523
16.99,0.295043945,-0.193901062,1.223220825,-1.390991211,0.001886368,0.840393066,0.323913574,2.034217834,0.921928406,2.387817383,-0.948570251,0.987869263,-1.275939941,-0.419555664,0.034210205,1.063751221,-2.00607E-06,1.12600708,0.702636719,-0.34828949,0.883361816,-1.972412109,0.107803345,-0.918411255,-0.001356238,-0.000956054,0.208343506,-0.000856687,1.590332031,1.924346924,0.141723633,0.824462891,1.547698975,0.757873535,-6.02026E-05,-2.33017E-05,-3.51034E-05,1.806789398,-1.176177979,-0.653411865
17,0.298858643,-0.243782043,1.247238159,-1.442626953,0.017459869,0.857452393,0.346374512,2.020858765,0.896682739,2.432546616,-0.949798584,0.982959747,-1.248901367,-0.426757813,0.070343018,1.062561035,-5.78631E-06,1.140655518,0.688018799,-0.334899902,0.91015625,-2.018188477,0.07233429,-0.962600708,-0.001368991,-0.000949295,0.208343506,-0.000864196,1.622467041,1.935150146,0.174438477,0.787857056,1.592803955,0.777099609,-0.000120852,-2.51997E-05,-2.37711E-05,1.764160156,-1.151992798,-0.604949951
17.01,0.306396484,-0.191467285,1.200546265,-1.488143921,0.00548172,0.870880127,0.346374512,1.983200073,0.919532776,2.451887131,-0.976882935,0.947366714,-1.284545898,-0.425537109,0.025772095,1.048217773,2.06791E-05,1.099060059,0.675842285,-0.315422058,0.875671387,-2.03918457,0.087013245,-0.9871521,-0.00136449,-0.000955303,0.21975708,-0.000861192,1.612579346,1.960372925,0.153808594,0.77809906,1.582763672,0.746368408,-8.48416E-05,8.29417E-05,-3.88846E-05,1.759143829,-1.190689087,-0.614379883
17.02,0.287475586,-0.150108337,1.221878052,-1.430343628,-0.013687134,0.869628906,0.317626953,1.989273071,0.879852295,2.455514908,-0.980575562,0.930184364,-1.261199951,-0.392028809,0.018539429,1.044616699,3.95821E-05,1.077026367,0.688018799,-0.361671448,0.834838867,-2.047851563,0.116378784,-0.95892334,-0.00136299,-0.000962813,0.199462891,-0.000859691,1.537185669,1.955566406,0.116271973,0.807380676,1.532653809,0.742523193,-7.1574E-05,4.6894E-05,-2.18786E-05,1.784221649,-1.177383423,-0.669586182
17.03,0.282440186,-0.198768616,1.300598145,-1.404510498,-0.025665283,0.820861816,0.293823242,1.957687378,0.871437073,2.473648071,-0.99042511,0.926502228,-1.216949463,-0.414794922,0.087219238,1.070922852,-1.15484E-07,1.100280762,0.65637207,-0.358024597,0.912719727,-2.052734375,0.113929749,-0.922103882,-0.001374992,-0.000957556,0.185531616,-0.000850681,1.55078125,1.957962036,0.087219238,0.802505493,1.545196533,0.724609375,-8.86321E-05,-9.34973E-05,4.57093E-06,1.740337372,-1.14352417,-0.621124268
17.04,0.301361084,-0.192687988,1.283248901,-1.441421509,0.004283905,0.77331543,0.298828125,1.955253601,0.914718628,2.453098297,-0.983039856,0.949821472,-1.285766602,-0.465087891,0.070343018,1.081665039,-3.22517E-05,1.084381104,0.604003906,-0.35193634,0.938293457,-2.026855469,0.11025238,-0.895095825,-0.001380243,-0.000955303,0.236221313,-0.000851432,1.627410889,1.949554443,0.100524902,0.764678955,1.56149292,0.677246094,-5.07254E-05,-2.14037E-05,-2.37711E-05,1.737827301,-1.138687134,-0.579376221
17.05,0.295043945,-0.174438477,1.249908447,-1.424194336,0.001886368,0.806213379,0.333862305,1.963760376,0.912315369,2.42045784,-0.968269348,0.957185745,-1.306671143,-0.46862793,0.01612854,1.07208252,1.31167E-05,1.041564941,0.62713623,-0.373847961,0.87701416,-2.021972656,0.082115173,-0.903686523,-0.001370491,-0.000959809,0.207077026,-0.000864196,1.601455688,1.909942627,0.093261719,0.764678955,1.531402588,0.692626953,9.92604E-06,7.53514E-05,-1.24313E-05,1.811805725,-1.120544434,-0.603607178
17.06,0.282440186,-0.198768616,1.291259766,-1.409439087,-0.036445618,0.861114502,0.340148926,1.928535461,0.905097961,2.441009521,-0.979347229,0.911774635,-1.257507324,-0.450683594,0.061920166,1.090026855,4.14727E-05,1.042785645,0.673400879,-0.347076416,0.894836426,-2.051635742,0.071098328,-0.965072632,-0.001362239,-0.000952299,0.157653809,-0.000859691,1.549545288,1.901550293,0.092041016,0.780540466,1.541442871,0.72845459,-1.44541E-06,-1.57133E-05,2.34693E-05,1.836883545,-1.159255981,-0.623809814
17.07,0.281158447,-0.187820435,1.285919189,-1.462310791,-0.026863098,0.859863281,0.325134277,1.975906372,0.907501221,2.432546616,-0.987960815,0.921592712,-1.256256104,-0.461486816,0.063110352,1.068511963,-1.15484E-07,1.047668457,0.688018799,-0.333679199,0.921691895,-2.055297852,0.107803345,-0.972427368,-0.001359989,-0.000950046,0.17539978,-0.000852182,1.559417725,1.93637085,0.145324707,0.775657654,1.563964844,0.716918945,2.31937E-05,-0.000116264,4.57093E-06,1.799266815,-1.201568604,-0.626495361
17.08,0.302612305,-0.203636169,1.23789978,-1.47706604,0.003084183,0.811126709,0.320129395,2.034217834,0.888267517,2.39507103,-0.987960815,0.982959747,-1.23538208,-0.463867188,-0.003143311,1.026672363,-2.00607E-06,1.061157227,0.677062988,-0.349502563,0.911437988,-2.008300781,0.100463867,-0.933151245,-0.001349487,-0.000965817,0.174133301,-0.000852933,1.577957153,1.950759888,0.112609863,0.768333435,1.541442871,0.710540771,8.00528E-05,-8.40109E-05,-4.45545E-05,1.761650085,-1.151992798,-0.625152588
17.09,0.310211182,-0.225532532,1.244567871,-1.436508179,-0.002902985,0.766021729,0.303833008,1.956466675,0.858207703,2.411994934,-0.98550415,0.962095261,-1.191162109,-0.429138184,0.019744873,1.025482178,3.01311E-05,1.08682251,0.652709961,-0.306907654,0.897399902,-2.009521484,0.094352722,-0.947891235,-0.001347987,-0.000963564,0.167800903,-0.000855936,1.575485229,1.926757813,0.061767578,0.773216248,1.497558594,0.709259033,5.92042E-05,-6.22682E-06,-5.77793E-05,1.741592407,-1.127807617,-0.604949951
17.1,0.281158447,-0.197555542,1.235214233,-1.437713623,-0.022069931,0.764770508,0.313842773,1.927322388,0.871437073,2.411994934,-0.962104797,0.908092499,-1.208343506,-0.412353516,0.048660278,1.018310547,4.33633E-05,1.070922852,0.658782959,-0.278915405,0.874450684,-2.055297852,0.127380371,-0.950332642,-0.00136824,-0.000957556,0.186798096,-0.000857438,1.54460144,1.941162109,0.107788086,0.793960571,1.481292725,0.686187744,1.94032E-05,3.17171E-05,-4.2662E-05,1.731559753,-1.167709351,-0.590148926
17.11,0.292510986,-0.206069946,1.213882446,-1.450027466,-0.013687134,0.792785645,0.328857422,1.992912292,0.895484924,2.380563736,-0.943641663,0.926502228,-1.24520874,-0.420715332,0.035400391,1.026672363,4.33633E-05,1.055023193,0.680725098,-0.340988159,0.885925293,-2.041625977,0.124931335,-0.944213867,-0.001370491,-0.000967319,0.202011108,-0.000858189,1.534713745,1.93637085,0.099304199,0.795181274,1.530151367,0.684906006,6.13369E-06,2.98191E-05,-1.24313E-05,1.756637573,-1.188262939,-0.63861084
17.12,0.297576904,-0.231620789,1.243225098,-1.435272217,-0.002902985,0.796508789,0.297607422,1.946754456,0.863021851,2.384191513,-0.996582031,0.925274849,-1.241516113,-0.417114258,0.061920166,1.075683594,4.71435E-05,1.096618652,0.678283691,-0.381141663,0.915283203,-2.046630859,0.11025238,-0.983474731,-0.001353238,-0.000962813,0.234954834,-0.000863445,1.560668945,1.87272644,0.067810059,0.776878357,1.571502686,0.706695557,5.16232E-05,8.95187E-06,8.3521E-06,1.809299469,-1.196731567,-0.669586182
17.13,0.279907227,-0.215805054,1.249908447,-1.468460083,-0.020872116,0.784301758,0.290100098,1.911521912,0.860610962,2.39144516,-1.0495224,0.884773254,-1.247680664,-0.425537109,0.075164795,1.086456299,1.50073E-05,1.128417969,0.657592773,-0.360458374,0.93951416,-2.073852539,0.095573425,-1.011703491,-0.001357739,-0.00095305,0.257766724,-0.000862694,1.556945801,1.905151367,0.112609863,0.776878357,1.552703857,0.693878174,1.94032E-05,-2.70959E-05,-1.62125E-05,1.814311981,-1.189483643,-0.623809814
17.14,0.319030762,-0.198768616,1.259231567,-1.469696045,-0.025665283,0.778198242,0.283874512,1.972267151,0.882255554,2.389026642,-1.012588501,0.90686512,-1.272247314,-0.455505371,0.075164795,1.057739258,-5.11557E-05,1.106414795,0.632019043,-0.356811523,0.938293457,-2.046630859,0.098014832,-0.99697876,-0.001369741,-0.000959809,0.214675903,-0.000856687,1.540878296,1.942352295,0.101745605,0.77809906,1.531402588,0.682373047,-0.000100004,-7.83205E-05,-3.1326E-05,1.767921448,-1.162872314,-0.600921631
17.15,0.334197998,-0.189033508,1.29927063,-1.384841919,0.009075165,0.763580322,0.271362305,1.958900452,0.866630554,2.407157898,-0.989196777,0.942457199,-1.25012207,-0.448303223,0.083602905,1.068511963,-2.09091E-05,1.08682251,0.633209229,-0.34828949,0.868041992,-2.024414063,0.123718262,-0.951553345,-0.00136824,-0.000964315,0.180465698,-0.000852182,1.533462524,1.919540405,0.061767578,0.790306091,1.53894043,0.700286865,-8.48416E-05,-5.93476E-05,-3.88846E-05,1.764160156,-1.174972534,-0.633239746
17.16,0.310211182,-0.159835815,1.297927856,-1.368835449,0.019855499,0.740386963,0.283874512,1.934608459,0.882255554,2.410785675,-1.033508301,0.951048851,-1.209564209,-0.429138184,0.059509277,1.07925415,4.71435E-05,1.100280762,0.647827148,-0.322731018,0.854003906,-2.055297852,0.094352722,-0.93560791,-0.00136599,-0.00096056,0.199462891,-0.000855936,1.514923096,1.941162109,0.098144531,0.797622681,1.533905029,0.690063477,-1.09226E-05,-3.08901E-05,-1.99899E-05,1.803028107,-1.191894531,-0.610351563
17.17,0.345550537,-0.122123718,1.275253296,-1.413116455,-0.025665283,0.755004883,0.290100098,1.986846924,0.920730591,2.403533936,-1.023666382,0.970686913,-1.198516846,-0.445922852,0.053482056,1.042205811,2.82396E-05,1.12109375,0.657592773,-0.333679199,0.922912598,-2.131958008,0.039306641,-0.93560791,-0.001359989,-0.000958307,0.210876465,-0.000861943,1.54335022,1.927947998,0.122314453,0.791519165,1.475006104,0.643951416,-3.34159E-06,-9.91896E-05,2.68593E-06,1.819328308,-1.174972534,-0.57800293
17.18,0.374572754,-0.144020081,1.301925659,-1.42666626,-0.03285408,0.79888916,0.296325684,1.986846924,0.890670776,2.415620804,-0.97442627,0.963322639,-1.219421387,-0.465087891,0.089630127,1.023101807,-1.52383E-05,1.116210938,0.653930664,-0.368980408,0.933166504,-2.094848633,0.062545776,-0.907363892,-0.001350237,-0.000944789,0.202011108,-0.00084993,1.570541382,1.885940552,0.092041016,0.798835754,1.478759766,0.604278564,-2.04016E-05,-0.000140928,-2.56598E-05,1.81306076,-1.193099976,-0.63861084
17.19,0.33291626,-0.181739807,1.336624146,-1.427871704,-0.011289597,0.767211914,0.276367188,1.924888611,0.838973999,2.408369064,-0.986732483,0.927729607,-1.252593994,-0.463867188,0.088409424,1.018310547,1.12271E-05,1.08682251,0.617401123,-0.375068665,0.906311035,-1.982299805,0.08946228,-0.94052124,-0.001359239,-0.000925262,0.193130493,-0.00084092,1.548309326,1.891952515,0.075134277,0.793960571,1.562713623,0.620910645,-6.02026E-05,-9.53954E-05,-1.62125E-05,1.800521851,-1.212463379,-0.681732178
17.2,0.311462402,-0.173217773,1.289932251,-1.406967163,-0.04483223,0.739196777,0.262573242,1.906661987,0.863021851,2.401115417,-1.010116577,0.905637741,-1.229248047,-0.442321777,0.053482056,1.01473999,6.22664E-05,1.063598633,0.617401123,-0.343414307,0.906311035,-2.021972656,0.049095154,-0.989608765,-0.001356989,-0.000927515,0.205795288,-0.000854435,1.554473877,1.921951294,0.077514648,0.768333435,1.572753906,0.687469482,-0.000107586,-2.51997E-05,-2.75485E-05,1.784221649,-1.188262939,-0.65612793
17.21,0.33795166,-0.180519104,1.241897583,-1.390991211,-0.038841248,0.797698975,0.300109863,1.95160675,0.885864258,2.415620804,-1.01750946,0.905637741,-1.191162109,-0.426757813,0.043838501,1.049377441,5.28144E-05,1.081939697,0.674621582,-0.34828949,0.884643555,-2.050292969,0.036857605,-0.95892334,-0.001341986,-0.000949295,0.209609985,-0.000865697,1.54335022,1.93637085,0.070251465,0.75491333,1.55645752,0.672119141,-6.96778E-05,2.41287E-05,-7.1004E-05,1.776699066,-1.173751831,-0.639953613
17.22,0.32913208,-0.17565155,1.263244629,-1.418029785,-0.011289597,0.8074646,0.320129395,2.003845215,0.855804443,2.418039322,-1.035972595,0.92404747,-1.203460693,-0.442321777,0.049865723,1.060150146,4.14727E-05,1.101501465,0.702636719,-0.358024597,0.874450684,-1.976074219,0.066207886,-0.94052124,-0.001347987,-0.000958307,0.188079834,-0.000861192,1.523590088,1.902740479,0.050842285,0.764678955,1.566467285,0.606842041,3.26689E-05,1.84365E-05,4.57093E-06,1.786727905,-1.188262939,-0.626495361
17.23,0.312713623,-0.174438477,1.271240234,-1.443862915,-0.046030045,0.766021729,0.306335449,2.005058289,0.85219574,2.369684219,-1.018730164,0.926502228,-1.23538208,-0.430358887,0.042633057,1.044616699,4.14727E-05,1.070922852,0.672180176,-0.309341431,0.905090332,-1.995849609,0.091903687,-0.931915283,-0.001349487,-0.000947042,0.17666626,-0.000854435,1.556945801,1.889541626,0.064208984,0.756134033,1.537658691,0.636291504,3.26689E-05,-1.76094E-05,1.59107E-05,1.791744232,-1.22454834,-0.600921631
17.24,0.327850342,-0.208503723,1.267242432,-1.456176758,-0.072383881,0.778198242,0.306335449,1.9686203,0.872634888,2.326164246,-0.99042511,0.909319878,-1.224304199,-0.390808105,0.034210205,1.052978516,-2.09091E-05,1.080718994,0.640533447,-0.327590942,0.893554688,-2.067626953,0.116378784,-0.899993896,-0.001347987,-0.000946291,0.162734985,-0.000855186,1.548309326,1.91835022,0.104187012,0.723190308,1.481292725,0.67086792,4.5076E-07,-1.38152E-05,-0.000110686,1.745353699,-1.22454834,-0.615722656
17.25,0.308929443,-0.187820435,1.303268433,-1.457397461,-0.078374863,0.80380249,0.297607422,1.928535461,0.84979248,2.39748764,-1.013809204,0.874954224,-1.187469482,-0.387207031,0.05708313,1.048217773,-5.68265E-05,1.112518311,0.644165039,-0.389671326,0.896118164,-2.055297852,0.095573425,-0.913528442,-0.001355488,-0.000959809,0.15385437,-0.000855936,1.482788086,1.931564331,0.087219238,0.730514526,1.505065918,0.649078369,4.59384E-05,1.84365E-05,-0.000101235,1.702724457,-1.201568604,-0.642669678
17.26,0.273590088,-0.150108337,1.327270508,-1.447555542,-0.055612564,0.784301758,0.266357422,1.901809692,0.805305481,2.426502228,-1.023666382,0.836906433,-1.219421387,-0.395568848,0.092025757,1.050567627,4.71435E-05,1.047668457,0.65637207,-0.359237671,0.963806152,-2.003295898,0.075996399,-0.923339844,-0.001354738,-0.000963564,0.19694519,-0.000856687,1.476608276,1.941162109,0.042358398,0.757354736,1.575256348,0.647796631,3.26689E-05,1.84365E-05,-1.81012E-05,1.755382538,-1.219711304,-0.622436523
17.27,0.297576904,-0.161056519,1.264572144,-1.442626953,-0.03045845,0.753814697,0.278869629,1.932182312,0.812515259,2.340669632,-1.008895874,0.866362572,-1.251373291,-0.425537109,0.112518311,1.073272705,0.000132211,1.031768799,0.65512085,-0.323944092,0.951049805,-1.993408203,0.1016922,-0.913528442,-0.001357739,-0.000958307,0.252685547,-0.000853684,1.545822144,1.944763184,0.04119873,0.776878357,1.551452637,0.654205322,-7.34683E-05,1.0848E-05,-4.64432E-05,1.799266815,-1.205200195,-0.618408203
17.28,0.308929443,-0.195121765,1.240570068,-1.414352417,-0.060405731,0.735534668,0.288879395,1.954040527,0.875038147,2.34308815,-1.007667542,0.92404747,-1.219421387,-0.467468262,0.126968384,1.055389404,8.30609E-05,1.105163574,0.657592773,-0.327590942,0.902526855,-1.998413086,0.112701416,-0.936843872,-0.001362239,-0.00095305,0.251434326,-0.000846176,1.590332031,1.93637085,0.069030762,0.786636353,1.536407471,0.669555664,-7.53645E-05,-6.22682E-06,-8.99024E-05,1.751621246,-1.171340942,-0.625152588
17.29,0.284942627,-0.203636169,1.320602417,-1.387283325,-0.058010101,0.748962402,0.256286621,1.920028687,0.917129517,2.409576416,-1.011360168,0.921592712,-1.213256836,-0.438720703,0.111312866,1.061340332,1.68979E-05,1.074584961,0.667327881,-0.327590942,0.938293457,-1.997070313,0.107803345,-0.945419312,-0.001359989,-0.000956054,0.208343506,-0.000851432,1.559417725,1.921951294,0.069030762,0.763458252,1.551452637,0.710540771,3.45651E-05,-3.27863E-05,-5.02206E-05,1.740337372,-1.185852051,-0.610351563
17.3,0.326599121,-0.162269592,1.325942993,-1.418029785,-0.035247803,0.759918213,0.283874512,1.93825531,0.873840332,2.415620804,-1.021202087,0.916683197,-1.218170166,-0.39440918,0.052276611,1.099578857,3.66475E-06,1.042785645,0.65637207,-0.347076416,0.931884766,-1.993408203,0.111480713,-0.914733887,-0.001359989,-0.000956054,0.182998657,-0.000860441,1.501327515,1.894348145,0.036376953,0.764678955,1.498840332,0.693878174,8.02986E-06,-7.64225E-05,8.3521E-06,1.761650085,-1.194320679,-0.629180908
17.31,0.33795166,-0.130638123,1.279251099,-1.427871704,-0.035247803,0.739196777,0.315124512,1.983200073,0.822143555,2.381772995,-1.026123047,0.922820091,-1.196075439,-0.40637207,0.019744873,1.068511963,1.87885E-05,1.101501465,0.639312744,-0.381141663,0.87701416,-1.973632813,0.1016922,-0.893859863,-0.001359239,-0.000950046,0.200744629,-0.000849179,1.480316162,1.885940552,0.039978027,0.770782471,1.492584229,0.635009766,-2.79807E-05,-8.21147E-05,-8.65385E-06,1.73406601,-1.181015015,-0.635925293
17.32,0.276092529,-0.151321411,1.280593872,-1.382369995,-0.025665283,0.740386963,0.276367188,1.960113525,0.840179443,2.374519348,-1.027359009,0.860225677,-1.204650879,-0.407592773,0.020950317,1.043426514,1.87885E-05,1.110076904,0.638092041,-0.406715393,0.887207031,-1.984741211,0.053985596,-0.923339844,-0.001360739,-0.000956805,0.208343506,-0.000842422,1.505050659,1.923156738,0.046020508,0.736610413,1.517608643,0.646514893,8.02986E-06,-8.40109E-05,1.40183E-05,1.761650085,-1.179794312,-0.619781494
17.33,0.25592041,-0.167137146,1.271240234,-1.375,-0.050821304,0.741607666,0.26385498,1.935821533,0.854606628,2.398696899,-1.01750946,0.822177887,-1.252593994,-0.400390625,0.020950317,1.062561035,1.31167E-05,1.080718994,0.650268555,-0.384803772,0.902526855,-2.028076172,0.041748047,-0.938049316,-0.001360739,-0.00096056,0.189331055,-0.000850681,1.513687134,1.912338257,0.02545166,0.75491333,1.483795166,0.656768799,-3.17711E-05,-8.40109E-05,1.77994E-05,1.808040619,-1.189483643,-0.622436523
17.34,0.274841309,-0.153755188,1.25390625,-1.373764038,-0.069988251,0.702606201,0.311340332,1.96497345,0.860610962,2.386608124,-1.016281128,0.894592285,-1.258728027,-0.412353516,0.063110352,1.054138184,5.55534E-06,1.073364258,0.690460205,-0.326377869,0.907653809,-2.046630859,0.105354309,-0.896316528,-0.001355488,-0.000951548,0.184280396,-0.000855186,1.493927002,1.860733032,0.035095215,0.789077759,1.501312256,0.628601074,-2.98768E-05,5.63804E-05,-0.000157923,1.771682739,-1.187057495,-0.630523682
17.35,0.295043945,-0.157402039,1.273925781,-1.394668579,-0.043634415,0.711120605,0.337646484,1.973480225,0.875038147,2.386608124,-1.039665222,0.943684578,-1.196075439,-0.402770996,0.096847534,1.049377441,-7.19503E-05,1.081939697,0.6953125,-0.311767578,0.893554688,-2.030517578,0.105354309,-0.876678467,-0.001357739,-0.000946291,0.191864014,-0.000847677,1.480316162,1.899154663,0.049682617,0.765899658,1.545196533,0.651641846,-2.79807E-05,0.00012468,-0.000225943,1.754131317,-1.176177979,-0.642669678
17.36,0.308929443,-0.164703369,1.285919189,-1.462310791,-0.034049988,0.744049072,0.305114746,1.966186523,0.867828369,2.414411545,-1.001502991,0.931411743,-1.187469482,-0.423156738,0.071563721,1.055389404,-7.57305E-05,1.113739014,0.639312744,-0.332466125,0.839904785,-1.998413086,0.062545776,-0.869308472,-0.00136374,-0.000955303,0.195663452,-0.00084092,1.470443726,1.945968628,0.071411133,0.757354736,1.51260376,0.699005127,-5.45159E-05,-2.70959E-05,-1.99899E-05,1.764160156,-1.162872314,-0.646697998
17.37,0.327850342,-0.146453857,1.277908325,-1.429107666,-0.058010101,0.717224121,0.271362305,1.995346069,0.878646851,2.396280289,-0.981811523,0.938775063,-1.226776123,-0.472229004,0.0546875,1.044616699,5.09247E-05,1.136993408,0.621063232,-0.320289612,0.862915039,-2.037963867,0.085784912,-0.863174438,-0.001352488,-0.000956054,0.188079834,-0.000848428,1.460540771,1.923156738,0.072692871,0.763458252,1.49130249,0.691345215,-4.50406E-05,-0.000144722,9.71593E-05,1.73406601,-1.141113281,-0.66015625
17.38,0.346801758,-0.131858826,1.26991272,-1.375,-0.083164215,0.707458496,0.248840332,1.979553223,0.879852295,2.401115417,-1.034744263,0.95227623,-1.209564209,-0.448303223,0.036621094,1.025482178,7.73901E-05,1.123535156,0.64175415,-0.34828949,0.901245117,-2.110961914,0.084564209,-0.901229858,-0.001341986,-0.000941784,0.158935547,-0.000857438,1.4790802,1.896743774,0.038757324,0.75125885,1.51385498,0.660614014,-4.31444E-05,-9.91896E-05,4.42527E-05,1.725288391,-1.141113281,-0.672302246
17.39,0.288726807,-0.144020081,1.263244629,-1.420501709,-0.078374863,0.713562012,0.236328125,1.934608459,0.83657074,2.409576416,-1.024894714,0.91300106,-1.188690186,-0.435119629,0.023361206,1.013549805,9.33651E-06,1.100280762,0.625915527,-0.415222168,0.862915039,-2.094848633,0.063774109,-0.94052124,-0.001354738,-0.000943286,0.136123657,-0.000856687,1.505050659,1.891952515,0.036376953,0.747596741,1.510101318,0.654205322,2.50898E-05,-2.43261E-06,6.12587E-05,1.764160156,-1.16166687,-0.59954834
17.4,0.234466553,-0.165924072,1.281921387,-1.429107666,-0.105926514,0.691650391,0.251342773,1.962547302,0.813720703,2.378145218,-0.996582031,0.851634979,-1.219421387,-0.460266113,0.041427612,1.019500732,-3.89665E-06,1.084381104,0.591827393,-0.398193359,0.893554688,-2.030517578,0.079673767,-0.919647217,-0.00136749,-0.000950046,0.167800903,-0.000854435,1.475387573,1.911148071,0.038757324,0.757354736,1.500091553,0.623474121,0.000114171,3.25963E-06,4.42527E-05,1.770427704,-1.159255981,-0.553771973
17.41,0.26852417,-0.148887634,1.289932251,-1.376235962,-0.123895645,0.696502686,0.243835449,1.96497345,0.816123962,2.356386185,-1.031051636,0.858998299,-1.234161377,-0.431518555,0.043838501,1.026672363,5.65955E-05,1.08807373,0.585754395,-0.364112854,0.93572998,-2.026855469,0.080886841,-0.885284424,-0.00136449,-0.00094554,0.215942383,-0.000852933,1.451889038,1.926757813,0.049682617,0.750038147,1.487548828,0.620910645,5.7308E-05,-4.7965E-05,1.02408E-05,1.761650085,-1.150787354,-0.614379883
17.42,0.276092529,-0.147674561,1.279251099,-1.377441406,-0.049621582,0.692840576,0.230102539,1.915168762,0.818534851,2.345506668,-1.037200928,0.882318497,-1.21081543,-0.41595459,0.052276611,1.036254883,6.41569E-05,1.096618652,0.602783203,-0.371406555,0.870605469,-2.077636719,0.073547363,-0.8828125,-0.001348737,-0.000946291,0.236221313,-0.000855186,1.48651123,1.905151367,0.054504395,0.721969604,1.475006104,0.674682617,-9.05283E-05,-4.22727E-05,6.88173E-05,1.769176483,-1.174972534,-0.63861084
17.43,0.297576904,-0.167137146,1.303268433,-1.411880493,-0.03045845,0.687957764,0.235107422,1.933395386,0.837768555,2.362430573,-1.001502991,0.854088783,-1.213256836,-0.441101074,0.086013794,1.038635254,1.31167E-05,1.092956543,0.61618042,-0.343414307,0.856506348,-2.071411133,0.057647705,-0.884048462,-0.001335235,-0.000949295,0.238754272,-0.000856687,1.508743286,1.897949219,0.033935547,0.726852417,1.527618408,0.654205322,-0.000122748,-8.123E-06,6.12587E-05,1.722782135,-1.201568604,-0.626495361
17.44,0.32913208,-0.137939453,1.288589478,-1.392196655,-0.073581696,0.731842041,0.248840332,1.958900452,0.85219574,2.356386185,-1.028587341,0.841815948,-1.219421387,-0.424316406,0.082397461,1.017150879,3.58019E-05,1.090515137,0.621063232,-0.330024719,0.93572998,-2.002075195,0.063774109,-0.870544434,-0.001350987,-0.000949295,0.210876465,-0.000852182,1.526062012,1.927947998,0.044799805,0.775657654,1.558959961,0.611968994,-4.50406E-05,-3.65824E-05,1.59107E-05,1.712753296,-1.183441162,-0.61706543
17.45,0.26473999,-0.126991272,1.231231689,-1.392196655,-0.073581696,0.750152588,0.293823242,1.943115234,0.828147888,2.34308815,-1.0704422,0.879863739,-1.194854736,-0.401550293,0.067947388,1.0027771,1.7751E-06,1.08682251,0.632019043,-0.361671448,0.919128418,-2.000854492,0.099243164,-0.854598999,-0.001374242,-0.000948544,0.174133301,-0.000855186,1.514923096,1.921951294,0.038757324,0.768333435,1.501312256,0.645233154,-3.74578E-05,-0.000101086,1.59107E-05,1.752872467,-1.159255981,-0.59552002
17.46,0.244567871,-0.154975891,1.23789978,-1.420501709,-0.078374863,0.72088623,0.306335449,1.966186523,0.79208374,2.37210083,-1.011360168,0.899500847,-1.197296143,-0.430358887,0.065536499,1.005187988,-8.32919E-05,1.077026367,0.628356934,-0.366546631,0.852722168,-2.037963867,0.075996399,-0.855819702,-0.001362239,-0.000942535,0.158935547,-0.000860441,1.444473267,1.871536255,-0.001220703,0.698791504,1.49005127,0.652923584,1.7507E-05,-9.16012E-05,-1.81012E-05,1.726547241,-1.166503906,-0.598236084
17.47,0.282440186,-0.156188965,1.297927856,-1.413116455,-0.0819664,0.685546875,0.273864746,1.972267151,0.784866333,2.375728607,-0.970733643,0.854088783,-1.199768066,-0.449523926,0.04624939,1.007568359,-6.43879E-05,1.064819336,0.623474121,-0.376281738,0.86932373,-2.005859375,0.050308228,-0.865631104,-0.001347237,-0.000944789,0.161468506,-0.000855186,1.432113647,1.863128662,0.001220703,0.684143066,1.531402588,0.640106201,0.00013881,-1.76094E-05,-0.000125799,1.73657608,-1.150787354,-0.607635498
17.48,0.267272949,-0.154975891,1.327270508,-1.421737671,-0.062801361,0.67086792,0.261291504,1.935821533,0.812515259,2.350341797,-1.034744263,0.849180222,-1.194854736,-0.41595459,0.037811279,1.019500732,3.66475E-06,1.046447754,0.639312744,-0.393318176,0.88079834,-1.987304688,0.073547363,-0.880371094,-0.001351738,-0.000950797,0.191864014,-0.000849179,1.464248657,1.87272644,0.038757324,0.695129395,1.508850098,0.656768799,2.31937E-05,-6.22682E-06,-0.000176813,1.782966614,-1.13142395,-0.603607178
17.49,0.287475586,-0.157402039,1.279251099,-1.409439087,-0.073581696,0.696502686,0.246337891,1.935821533,0.808914185,2.344297409,-1.076599121,0.901955605,-1.234161377,-0.387207031,0.058303833,1.033843994,1.50073E-05,1.074584961,0.624694824,-0.358024597,0.879516602,-2.014526367,0.071098328,-0.911056519,-0.001356238,-0.000944789,0.214675903,-0.000851432,1.443237305,1.855926514,0.037536621,0.702453613,1.495056152,0.609375,-0.00010569,-7.83205E-05,-9.17912E-05,1.784221649,-1.151992798,-0.615722656
17.5,0.327850342,-0.112388611,1.232559204,-1.373764038,-0.083164215,0.717224121,0.253845215,1.947967529,0.763221741,2.338253021,-1.053215027,0.90686512,-1.236602783,-0.38482666,0.088409424,1.032684326,-3.41423E-05,1.111297607,0.632019043,-0.314208984,0.903808594,-2.013183594,0.078445435,-0.89755249,-0.001357739,-0.000941784,0.200744629,-0.000855186,1.430877686,1.882339478,0.018188477,0.72807312,1.531402588,0.599151611,1.18203E-05,-6.12456E-05,1.02408E-05,1.766666412,-1.168914795,-0.631866455
17.51,0.293792725,-0.083190918,1.287261963,-1.375,-0.054414749,0.711120605,0.280090332,1.943115234,0.800498962,2.345506668,-0.986732483,0.898273468,-1.187469482,-0.392028809,0.114929199,1.029083252,-6.81691E-05,1.085601807,0.674621582,-0.330024719,0.885925293,-1.998413086,0.107803345,-0.854598999,-0.001361489,-0.000944037,0.208343506,-0.000851432,1.465484619,1.894348145,0.027832031,0.752479553,1.520111084,0.650360107,5.92042E-05,1.0848E-05,5.93662E-05,1.74911499,-1.167709351,-0.600921631
17.52,0.267272949,-0.135505676,1.328613281,-1.382369995,-0.058010101,0.676971436,0.277587891,1.945541382,0.864219666,2.39144516,-0.964569092,0.888455391,-1.196075439,-0.387207031,0.107696533,1.031433105,-8.89637E-05,1.068481445,0.653930664,-0.368980408,0.906311035,-1.987304688,0.094352722,-0.852127075,-0.001358489,-0.000944037,0.22354126,-0.000852182,1.477844238,1.841522217,0.038757324,0.761016846,1.498840332,0.60043335,-6.58892E-05,7.05384E-06,6.46338E-06,1.775444031,-1.171340942,-0.606292725
17.53,0.297576904,-0.169570923,1.265914917,-1.392196655,-0.091552734,0.662384033,0.258789063,1.926101685,0.829353333,2.390233994,-1.011360168,0.863907814,-1.224304199,-0.400390625,0.075164795,1.044616699,-4.17037E-05,1.072143555,0.63079834,-0.371406555,0.970153809,-1.998413086,0.061325073,-0.866867065,-0.001352488,-0.000947042,0.224807739,-0.000852182,1.442001343,1.848724365,0.01574707,0.739059448,1.498840332,0.564575195,-7.9155E-05,2.41287E-05,-6.34454E-05,1.800521851,-1.173751831,-0.662841797
17.54,0.303894043,-0.134292603,1.236557007,-1.382369995,-0.102333069,0.679443359,0.227600098,1.90423584,0.788475037,2.340669632,-1.015052795,0.873726845,-1.213256836,-0.433959961,0.070343018,1.05178833,6.03767E-05,1.079498291,0.638092041,-0.347076416,0.940856934,-2.026855469,0.068656921,-0.886505127,-0.001353988,-0.000950797,0.212142944,-0.000846176,1.430877686,1.89553833,-0.008483887,0.736610413,1.464996338,0.60043335,1.37165E-05,-2.43261E-06,1.59107E-05,1.769176483,-1.151992798,-0.653411865
17.55,0.26852417,-0.133071899,1.275253296,-1.362686157,-0.110719681,0.636749268,0.213806152,1.927322388,0.793281555,2.344297409,-1.012588501,0.917910576,-1.203460693,-0.417114258,0.083602905,1.039855957,-1.90195E-05,1.079498291,0.606445313,-0.340988159,0.879516602,-2.041625977,0.104141235,-0.876678467,-0.001350237,-0.000949295,0.179199219,-0.000857438,1.469192505,1.903945923,0,0.742713928,1.471252441,0.608093262,-2.2294E-05,-6.69379E-05,9.71593E-05,1.746604919,-1.145950317,-0.622436523
17.56,0.253387451,-0.174438477,1.297927856,-1.361480713,-0.12269783,0.624572754,0.237548828,1.947967529,0.770439148,2.33946228,-1.047050476,0.931411743,-1.226776123,-0.390808105,0.086013794,1.026672363,-9.84157E-05,1.055023193,0.589385986,-0.383583069,0.87701416,-2.047851563,0.080886841,-0.847229004,-0.001338235,-0.000947042,0.182998657,-0.000862694,1.471664429,1.903945923,0.018188477,0.714653015,1.51385498,0.624755859,-2.60845E-05,-5.55534E-05,2.68593E-06,1.752872467,-1.189483643,-0.606292725
17.57,0.271057129,-0.174438477,1.304595947,-1.372528076,-0.116706848,0.678222656,0.252563477,1.916381836,0.727157593,2.295942307,-1.059356689,0.881091118,-1.242767334,-0.392028809,0.102874756,0.995605469,2.82396E-05,1.066040039,0.632019043,-0.409141541,0.914001465,-2.011962891,0.073547363,-0.880371094,-0.001336735,-0.000950797,0.210876465,-0.00084993,1.454376221,1.883544922,0.030273438,0.713432312,1.49005127,0.613250732,8.95299E-05,-4.7965E-05,-9.17912E-05,1.746604919,-1.199157715,-0.591461182
17.58,0.278625488,-0.159835815,1.285919189,-1.386077881,-0.099935532,0.667236328,0.238830566,1.879943848,0.757209778,2.323745728,-1.015052795,0.84058857,-1.241516113,-0.377624512,0.086013794,0.987243652,3.39113E-05,1.106414795,0.646636963,-0.349502563,0.928039551,-1.96875,0.11882019,-0.928237915,-0.001346487,-0.000950046,0.19694519,-0.000853684,1.481552124,1.869140625,0.04119873,0.723190308,1.498840332,0.572265625,5.35175E-05,-4.60688E-05,-2.37711E-05,1.73406601,-1.16166687,-0.623809814
17.59,0.26852417,-0.154975891,1.263244629,-1.347930908,-0.096343994,0.636749268,0.202514648,1.892089844,0.834159851,2.381772995,-0.971961975,0.861453056,-1.22064209,-0.385986328,0.04624939,1.036254883,-7.95117E-05,1.108856201,0.605224609,-0.320289612,0.887207031,-1.989746094,0.111480713,-0.90246582,-0.001353988,-0.000944789,0.156387329,-0.00085894,1.487731934,1.882339478,0.037536621,0.686584473,1.548950195,0.624755859,-4.88292E-05,-5.36572E-05,-1.24313E-05,1.739082336,-1.154418945,-0.658813477
17.6,0.279907227,-0.128204346,1.293930054,-1.346694946,-0.087957382,0.645294189,0.200012207,1.910308838,0.829353333,2.389026642,-1.011360168,0.877408981,-1.178863525,-0.400390625,0.05708313,1.048217773,-6.24983E-05,1.070922852,0.579650879,-0.377494812,0.879516602,-2.015625,0.087013245,-0.868103027,-0.001358489,-0.000946291,0.169067383,-0.00085894,1.456848145,1.869140625,0.016967773,0.647544861,1.518890381,0.626037598,2.12993E-05,-1.57133E-05,-0.000133358,1.737827301,-1.189483643,-0.668243408
17.61,0.289978027,-0.126991272,1.29927063,-1.413116455,-0.068790436,0.659912109,0.255065918,1.901809692,0.781257629,2.358804703,-1.045822144,0.849180222,-1.192352295,-0.407592773,0.055892944,1.032684326,-2.84715E-05,1.069702148,0.590606689,-0.383583069,0.914001465,-1.994628906,0.073547363,-0.866867065,-0.001356989,-0.000944789,0.213409424,-0.000861192,1.444473267,1.860733032,-0.013305664,0.673164368,1.478759766,0.547943115,0.000106588,5.44824E-05,-0.000118241,1.726547241,-1.212463379,-0.676300049
17.62,0.271057129,-0.146453857,1.257904053,-1.394668579,-0.092750549,0.683105469,0.230102539,1.916381836,0.790878296,2.306821823,-1.047050476,0.84058857,-1.224304199,-0.418395996,0.052276611,1.042205811,-5.87171E-05,1.09173584,0.623474121,-0.368980408,0.912719727,-1.994628906,0.064987183,-0.869308472,-0.001356238,-0.000938029,0.200744629,-0.000851432,1.460540771,1.871536255,-0.004821777,0.698791504,1.467498779,0.595336914,3.64613E-05,-4.60688E-05,2.91355E-05,1.719020844,-1.160461426,-0.652069092
17.63,0.254638672,-0.162269592,1.241897583,-1.365158081,-0.116706848,0.678222656,0.181335449,1.93825531,0.801696777,2.298358917,-1.056907654,0.833224297,-1.216949463,-0.409973145,0.069137573,1.048217773,-4.92651E-05,1.080718994,0.640533447,-0.403053284,0.875671387,-2.014526367,0.083335876,-0.877914429,-0.001357739,-0.000939531,0.170333862,-0.000851432,1.476608276,1.877532959,0.030273438,0.690246582,1.459991455,0.637573242,-2.79807E-05,-0.00013903,-2.98396E-06,1.727798462,-1.124176025,-0.619781494
17.64,0.250854492,-0.164703369,1.264572144,-1.410675049,-0.096343994,0.644042969,0.23260498,1.945541382,0.787269592,2.340669632,-1.045822144,0.824632645,-1.203460693,-0.431518555,0.051071167,1.043426514,1.87885E-05,1.09173584,0.613739014,-0.392105103,0.865478516,-1.995849609,0.079673767,-0.877914429,-0.001356989,-0.000947793,0.160186768,-0.000859691,1.472915649,1.901550293,0.042358398,0.717086792,1.516357422,0.594055176,4.23938E-06,-8.123E-06,-0.000103127,1.757892609,-1.191894531,-0.63458252
17.65,0.25970459,-0.125770569,1.316604614,-1.425430298,-0.097541809,0.663574219,0.236328125,1.969833374,0.782463074,2.356386185,-1.028587341,0.861453056,-1.180114746,-0.439880371,0.042633057,1.032684326,4.14727E-05,1.099060059,0.583312988,-0.36289978,0.905090332,-2.010742188,0.035629272,-0.869308472,-0.001359989,-0.000947793,0.171600342,-0.000846927,1.4790802,1.903945923,0.042358398,0.726852417,1.543914795,0.586334229,-5.2359E-06,9.05301E-05,-2.56598E-05,1.752872467,-1.212463379,-0.641326904
17.66,0.272338867,-0.099006653,1.312606812,-1.429107666,-0.090353012,0.698944092,0.202514648,1.943115234,0.777656555,2.340669632,-1.00642395,0.866362572,-1.221862793,-0.412353516,0.066726685,1.025482178,-5.78631E-06,1.069702148,0.569915771,-0.373847961,0.919128418,-2.067626953,0.023391724,-0.884048462,-0.001358489,-0.000946291,0.195663452,-0.000846927,1.490203857,1.881134033,0.008483887,0.712211609,1.488800049,0.563323975,-5.83064E-05,5.63804E-05,7.93487E-07,1.764160156,-1.138687134,-0.619781494
17.67,0.273590088,-0.14037323,1.277908325,-1.421737671,-0.087957382,0.669677734,0.231323242,1.90423584,0.793281555,2.310447693,-1.002731323,0.851634979,-1.24029541,-0.41595459,0.065536499,1.026672363,-4.35943E-05,1.06237793,0.582092285,-0.393318176,0.870605469,-2.06640625,0.060096741,-0.90246582,-0.001352488,-0.000956054,0.186798096,-0.000870202,1.466720581,1.881134033,-0.023010254,0.724411011,1.471252441,0.524902344,-1.28187E-05,3.36152E-05,-7.28928E-05,1.785476685,-1.136276245,-0.633239746
17.68,0.272338867,-0.197555542,1.291259766,-1.376235962,-0.107124329,0.653808594,0.223815918,1.929748535,0.795684814,2.31770134,-1.03843689,0.844270706,-1.183776855,-0.425537109,0.041427612,1.05178833,-7.38399E-05,1.077026367,0.614959717,-0.407928467,0.856506348,-2.025634766,0.061325073,-0.874237061,-0.001360739,-0.000957556,0.212142944,-0.000860441,1.439529419,1.865524292,-0.021850586,0.717086792,1.492584229,0.524902344,9.14261E-05,-2.43261E-06,-2.75485E-05,1.74911499,-1.188262939,-0.645355225
17.69,0.262207031,-0.165924072,1.255233765,-1.366394043,-0.099935532,0.669677734,0.19128418,1.929748535,0.764419556,2.369684219,-1.029815674,0.817268372,-1.21081543,-0.403991699,0.0546875,1.062561035,-4.17037E-05,1.081939697,0.624694824,-0.400627136,0.88079834,-2.011962891,0.041748047,-0.827575684,-0.001360739,-0.00094554,0.248886108,-0.000844674,1.433349609,1.859527588,-0.038757324,0.721969604,1.497558594,0.567138672,4.21479E-05,-3.65824E-05,-3.1326E-05,1.746604919,-1.185852051,-0.608978271
17.7,0.254638672,-0.096572876,1.20854187,-1.381149292,-0.110719681,0.650146484,0.23260498,1.917602539,0.759620667,2.361221313,-1.018730164,0.825860023,-1.2059021,-0.364440918,0.096847534,1.02432251,7.73901E-05,1.089294434,0.606445313,-0.395751953,0.87310791,-1.98840332,0.074775696,-0.815307617,-0.001347237,-0.000946291,0.204544067,-0.000858189,1.453125,1.889541626,-0.023010254,0.742713928,1.49005127,0.602996826,-6.58892E-05,-1.57133E-05,-0.00015603,1.757892609,-1.153198242,-0.567260742
17.71,0.273590088,-0.085624695,1.249908447,-1.404510498,-0.12269783,0.639190674,0.258789063,1.932182312,0.768028259,2.315282822,-1.050743103,0.847952843,-1.141998291,-0.356079102,0.106491089,0.999206543,4.14727E-05,1.108856201,0.590606689,-0.394538879,0.874450684,-1.955078125,0.099243164,-0.843551636,-0.001346487,-0.000950797,0.165267944,-0.000859691,1.467956543,1.897949219,0.016967773,0.720756531,1.511352539,0.560760498,4.5076E-07,-2.89921E-05,-8.61213E-05,1.744098663,-1.133850098,-0.569946289
17.72,0.276092529,-0.103874207,1.288589478,-1.419265747,-0.086759567,0.669677734,0.202514648,1.915168762,0.790878296,2.332208633,-1.039665222,0.8504076,-1.177642822,-0.368041992,0.099258423,0.999206543,-3.60329E-05,1.089294434,0.606445313,-0.36289978,0.905090332,-1.982299805,0.073547363,-0.873001099,-0.001353238,-0.000944037,0.182998657,-0.000854435,1.456848145,1.899154663,0.002441406,0.713432312,1.507598877,0.563323975,7.05775E-05,-6.50398E-05,2.91355E-05,1.761650085,-1.12538147,-0.630523682
17.73,0.267272949,-0.135505676,1.277908325,-1.390991211,-0.061603546,0.658721924,0.210021973,1.901809692,0.817329407,2.334627151,-1.023666382,0.844270706,-1.21081543,-0.370422363,0.087219238,0.995605469,5.65955E-05,1.079498291,0.622283936,-0.377494812,0.944641113,-1.995849609,0.068656921,-0.834945679,-0.001353988,-0.000947042,0.195663452,-0.000864196,1.455596924,1.8931427,-0.02545166,0.731735229,1.461242676,0.635009766,-9.02824E-06,-4.9863E-05,-3.69959E-05,1.766666412,-1.093948364,-0.645355225
17.74,0.306396484,-0.144020081,1.267242432,-1.361480713,-0.099935532,0.614837646,0.268859863,1.940681458,0.776451111,2.295942307,-1.031051636,0.841815948,-1.178863525,-0.405151367,0.089630127,1.007568359,3.58019E-05,1.12600708,0.597930908,-0.409141541,0.961242676,-1.982299805,0.074775696,-0.801818848,-0.001356238,-0.000957556,0.213409424,-0.000855936,1.458068848,1.845123291,-0.030273438,0.709770203,1.476287842,0.601715088,-3.55635E-05,-1.19172E-05,-6.34454E-05,1.775444031,-1.107254028,-0.565917969
17.75,0.334197998,-0.111175537,1.276580811,-1.330718994,-0.139469147,0.642852783,0.23260498,1.967407227,0.740379333,2.323745728,-1.003974915,0.8504076,-1.162902832,-0.435119629,0.113708496,1.041015625,-5.11557E-05,1.106414795,0.588165283,-0.388458252,0.929321289,-2.010742188,0.083335876,-0.838623047,-0.001352488,-0.000966568,0.218475342,-0.000843172,1.444473267,1.852325439,-0.016967773,0.696350098,1.520111084,0.541564941,-1.09226E-05,-1.57133E-05,-5.02206E-05,1.782966614,-1.174972534,-0.588806152
17.76,0.283691406,-0.090492249,1.280593872,-1.304885864,-0.125095367,0.666015625,0.207519531,1.95160675,0.764419556,2.355176926,-0.999038696,0.84058857,-1.162902832,-0.396789551,0.107696533,1.043426514,-7.67689E-06,1.08807373,0.610076904,-0.370193481,0.933166504,-2.005859375,0.106590271,-0.832489014,-0.001341986,-0.000965066,0.186798096,-0.000853684,1.44694519,1.887130737,0,0.734176636,1.51385498,0.564575195,-7.53645E-05,-4.22727E-05,-3.1326E-05,1.746604919,-1.158035278,-0.67767334
17.77,0.260986328,-0.088058472,1.275253296,-1.314727783,-0.105926514,0.638000488,0.246337891,1.933395386,0.77885437,2.324954987,-1.026123047,0.82954216,-1.139556885,-0.352478027,0.102874756,1.05178833,6.22664E-05,1.127227783,0.608856201,-0.35193634,0.979125977,-1.985961914,0.096801758,-0.795684814,-0.001345737,-0.000950046,0.207077026,-0.000856687,1.430877686,1.853530884,-0.008483887,0.737831116,1.492584229,0.613250732,-5.26197E-05,-1.19172E-05,-1.432E-05,1.746604919,-1.118133545,-0.610351563
17.78,0.317779541,-0.083190918,1.272583008,-1.333175659,-0.102333069,0.647766113,0.235107422,1.937042236,0.756011963,2.31407547,-1.053215027,0.841815948,-1.146911621,-0.354858398,0.114929199,1.095977783,5.84861E-05,1.100280762,0.595489502,-0.354370117,0.94720459,-1.9921875,0.091903687,-0.800567627,-0.001353238,-0.000943286,0.253952026,-0.000853684,1.403686523,1.836715698,0.001220703,0.696350098,1.478759766,0.615814209,4.78327E-05,1.46423E-05,-4.2662E-05,1.767921448,-1.147155762,-0.57800293
17.79,0.319030762,-0.100227356,1.273925781,-1.333175659,-0.108324051,0.648956299,0.19128418,1.955253601,0.753601074,2.308031082,-1.077827454,0.827087402,-1.178863525,-0.354858398,0.128173828,1.068511963,-9.08533E-05,1.046447754,0.583312988,-0.386016846,0.87701416,-1.997070313,0.123718262,-0.828811646,-0.001342736,-0.000950797,0.224807739,-0.000864196,1.429641724,1.836715698,0.013305664,0.68536377,1.457489014,0.57611084,3.26689E-05,1.65403E-05,-1.62125E-05,1.741592407,-1.172546387,-0.65612793
17.8,0.271057129,-0.123344421,1.305938721,-1.343017578,-0.12988472,0.620941162,0.192565918,1.95160675,0.758415222,2.309240341,-1.061828613,0.8013134,-1.177642822,-0.352478027,0.147445679,1.025482178,-0.000115428,1.044006348,0.583312988,-0.387229919,0.861633301,-2.008300781,0.122489929,-0.852127075,-0.001335235,-0.000944789,0.210876465,-0.000864946,1.465484619,1.845123291,-0.03515625,0.665840149,1.448699951,0.555633545,-1.47149E-05,4.12036E-05,-5.40018E-05,1.762905121,-1.177383423,-0.635925293
17.81,0.271057129,-0.095359802,1.32460022,-1.389755249,-0.137073517,0.617279053,0.233825684,1.903022766,0.727157593,2.322536469,-1.031051636,0.807450294,-1.21081543,-0.390808105,0.107696533,1.057739258,6.41569E-05,1.064819336,0.612518311,-0.382369995,0.88079834,-2.003295898,0.079673767,-0.834945679,-0.001347987,-0.000939531,0.231140137,-0.000856687,1.432113647,1.853530884,-0.046020508,0.646324158,1.448699951,0.541564941,-6.20969E-05,-6.22682E-06,-9.55686E-05,1.805538177,-1.178588867,-0.604949951
17.82,0.257171631,-0.088058472,1.29927063,-1.436508179,-0.1203022,0.608734131,0.24005127,1.892089844,0.699501038,2.301986694,-1.035972595,0.823405266,-1.234161377,-0.436340332,0.084793091,1.060150146,2.06791E-05,1.070922852,0.621063232,-0.368980408,0.862915039,-1.98840332,0.057647705,-0.833724976,-0.001355488,-0.000948544,0.212142944,-0.000855936,1.391326904,1.823516846,-0.008483887,0.667068481,1.457489014,0.563323975,-6.3993E-05,-4.7965E-05,-1.62125E-05,1.781715393,-1.200363159,-0.646697998
17.83,0.250854492,-0.131858826,1.295257568,-1.421737671,-0.086759567,0.586791992,0.172546387,1.90423584,0.70791626,2.329790115,-1.042129517,0.831996918,-1.214508057,-0.456665039,0.110092163,1.031433105,-0.000113538,1.078277588,0.573577881,-0.347076416,0.833557129,-2.002075195,0.045417786,-0.890182495,-0.001356238,-0.000943286,0.227340698,-0.000860441,1.413574219,1.841522217,-0.006103516,0.674385071,1.46875,0.585083008,1.94032E-05,-4.32879E-06,-5.02206E-05,1.760398865,-1.235427856,-0.646697998
17.84,0.266021729,-0.123344421,1.309936523,-1.383605957,-0.0807724,0.588012695,0.172546387,1.865364075,0.753601074,2.393861771,-1.050743103,0.836906433,-1.21081543,-0.454284668,0.081192017,1.043426514,-3.03611E-05,1.0831604,0.55166626,-0.367759705,0.864196777,-2.036743164,0.027069092,-0.913528442,-0.001360739,-0.000934274,0.253952026,-0.000858189,1.416046143,1.847518921,-0.001220703,0.665840149,1.448699951,0.553070068,6.13369E-06,1.27461E-05,-9.9346E-05,1.777950287,-1.20640564,-0.623809814
17.85,0.220581055,-0.107528687,1.303268433,-1.388519287,-0.13467598,0.597747803,0.235107422,1.865364075,0.756011963,2.355176926,-1.067985535,0.827087402,-1.207122803,-0.432739258,0.058303833,1.039855957,5.09247E-05,1.05380249,0.561401367,-0.381141663,0.875671387,-2.046630859,0.046646118,-0.909835815,-0.00136299,-0.000940282,0.231140137,-0.000847677,1.4012146,1.76348877,0.008483887,0.656082153,1.436157227,0.536437988,-6.20969E-05,-2.89921E-05,7.93487E-07,1.787982941,-1.167709351,-0.63458252
17.86,0.210479736,-0.1720047,1.261901855,-1.406967163,-0.137073517,0.586791992,0.20880127,1.892089844,0.713928223,2.303194046,-1.044586182,0.817268372,-1.23538208,-0.423156738,0.083602905,1.009979248,1.87885E-05,1.04888916,0.554077148,-0.368980408,0.857849121,-2.020629883,0.074775696,-0.927017212,-0.001360739,-0.000941784,0.217208862,-0.000845425,1.409866333,1.773086548,0.013305664,0.645103455,1.431182861,0.514648438,-5.83064E-05,-5.74496E-05,3.66941E-05,1.752872467,-1.200363159,-0.657470703
17.87,0.242034912,-0.219451904,1.245895386,-1.424194336,-0.095146179,0.570922852,0.188781738,1.87387085,0.709121704,2.293523788,-1.044586182,0.835679054,-1.252593994,-0.429138184,0.088409424,1.008728027,-2.46903E-05,1.069702148,0.556518555,-0.398193359,0.868041992,-2.011962891,0.044197083,-0.917175293,-0.001356238,-0.000943286,0.204544067,-0.000847677,1.387619019,1.836715698,0.016967773,0.65120697,1.417388916,0.503143311,-8.48416E-05,-4.41708E-05,7.93487E-07,1.722782135,-1.234222412,-0.665557861
17.88,0.219299316,-0.195121765,1.279251099,-1.450027466,-0.133478165,0.574584961,0.207519531,1.862930298,0.715133667,2.253629684,-1.096290588,0.835679054,-1.202209473,-0.441101074,0.049865723,1.012329102,-1.33486E-05,1.072143555,0.54800415,-0.424964905,0.860412598,-2.046630859,0.002601624,-0.886505127,-0.001355488,-0.000953801,0.186798096,-0.000849179,1.370315552,1.800704956,-0.018127441,0.664627075,1.449951172,0.517242432,-4.88292E-05,-1.38152E-05,-1.05426E-05,1.756637573,-1.213668823,-0.668243408
17.89,0.201629639,-0.147674561,1.283248901,-1.434036255,-0.158636093,0.585540771,0.16003418,1.858070374,0.717529297,2.253629684,-1.088905334,0.793950081,-1.183776855,-0.451904297,0.022155762,1.01473999,1.31167E-05,1.0574646,0.529724121,-0.41280365,0.870605469,-2.068847656,0.023391724,-0.887741089,-0.001353238,-0.000954552,0.19821167,-0.000855186,1.406158447,1.8019104,-0.048461914,0.647544861,1.476287842,0.504425049,9.90089E-05,1.84365E-05,-1.99899E-05,1.767921448,-1.188262939,-0.650756836
17.9,0.211730957,-0.128204346,1.260574341,-1.381149292,-0.117904663,0.584350586,0.146240234,1.853218079,0.716331482,2.308031082,-1.043357849,0.78413105,-1.216949463,-0.436340332,0.035400391,1.039855957,2.25687E-05,1.028106689,0.546783447,-0.428619385,0.887207031,-2.057739258,0.046646118,-0.90246582,-0.001350237,-0.00094554,0.200744629,-0.00085894,1.409866333,1.823516846,-0.048461914,0.613380432,1.443695068,0.521087646,6.11003E-05,6.20726E-05,4.80302E-05,1.741592407,-1.199157715,-0.614379883
17.91,0.238220215,-0.176872253,1.244567871,-1.383605957,-0.1203022,0.596496582,0.185058594,1.89087677,0.703102112,2.332208633,-1.054443359,0.82954216,-1.223114014,-0.418395996,0.043838501,1.021911621,7.36089E-05,1.047668457,0.561401367,-0.446868896,0.846313477,-2.051635742,0.031967163,-0.907363892,-0.001353988,-0.000947042,0.181732178,-0.000863445,1.376495361,1.791091919,-0.058166504,0.642662048,1.436157227,0.55947876,-3.17711E-05,8.29417E-05,7.63759E-05,1.740337372,-1.201568604,-0.615722656
17.92,0.250854492,-0.173217773,1.257904053,-1.394668579,-0.150249481,0.606262207,0.180053711,1.916381836,0.715133667,2.33946228,-1.085212708,0.847952843,-1.193603516,-0.424316406,0.036621094,0.989624023,7.17184E-05,1.0831604,0.555297852,-0.433486938,0.86932373,-2.04296875,0.058876038,-0.907363892,-0.00136674,-0.000950046,0.193130493,-0.000869451,1.372787476,1.803100586,-0.062988281,0.684143066,1.448699951,0.560760498,-4.50406E-05,-4.7965E-05,-2.37711E-05,1.74911499,-1.164077759,-0.637268066
17.93,0.224365234,-0.114822388,1.304595947,-1.345489502,-0.128688812,0.608734131,0.203796387,1.892089844,0.752403259,2.326164246,-1.061828613,0.811132431,-1.165344238,-0.423156738,0.065536499,1.021911621,1.50073E-05,1.0831604,0.591827393,-0.434707642,0.920349121,-2.024414063,0.100463867,-0.895095825,-0.00136824,-0.000941033,0.222290039,-0.000862694,1.387619019,1.816314697,-0.03515625,0.665840149,1.437438965,0.53515625,-0.000134122,-0.000142824,-2.75485E-05,1.74911499,-1.141113281,-0.630523682
17.94,0.266021729,-0.113609314,1.32194519,-1.315963745,-0.104728699,0.618469238,0.245056152,1.869010925,0.77885437,2.303194046,-1.050743103,0.797632217,-1.176391602,-0.405151367,0.092025757,1.061340332,-7.57305E-05,1.079498291,0.624694824,-0.423751831,0.864196777,-2.023071289,0.100463867,-0.879135132,-0.001353238,-0.000941033,0.234954834,-0.000852182,1.396270752,1.809112549,-0.013305664,0.663406372,1.437438965,0.517242432,-0.000103794,-3.46843E-05,2.72468E-05,1.751621246,-1.168914795,-0.649383545
17.95,0.322814941,-0.103874207,1.291259766,-1.34425354,-0.13467598,0.588012695,0.218811035,1.870223999,0.763221741,2.324954987,-1.088905334,0.838133812,-1.214508057,-0.390808105,0.081192017,1.086456299,-0.000121099,1.061157227,0.567474365,-0.387229919,0.857849121,-2.024414063,0.09312439,-0.85949707,-0.001357739,-0.000950797,0.256484985,-0.000860441,1.409866333,1.833114624,-0.03515625,0.673164368,1.442443848,0.57611084,-6.02026E-05,3.17171E-05,-8.65385E-06,1.770427704,-1.177383423,-0.644012451
17.96,0.272338867,-0.10874176,1.287261963,-1.375,-0.141864777,0.56729126,0.200012207,1.876296997,0.765625,2.346715927,-1.080291748,0.858998299,-1.216949463,-0.377624512,0.111312866,1.092407227,3.39113E-05,1.041564941,0.52243042,-0.390892029,0.896118164,-1.984741211,0.071098328,-0.834945679,-0.001372741,-0.000949295,0.259017944,-0.000874707,1.425933838,1.845123291,-0.04119873,0.68170929,1.444946289,0.585083008,-8.67378E-05,7.05384E-06,2.15769E-05,1.775444031,-1.159255981,-0.614379883
17.97,0.235717773,-0.142807007,1.312606812,-1.375,-0.1203022,0.589202881,0.213806152,1.899375916,0.765625,2.338253021,-1.056907654,0.833224297,-1.197296143,-0.385986328,0.111312866,1.061340332,2.82396E-05,1.02444458,0.571136475,-0.424964905,0.850158691,-1.972412109,0.049095154,-0.841094971,-0.00136524,-0.000941784,0.213409424,-0.000876959,1.391326904,1.821105957,-0.024230957,0.698791504,1.462463379,0.48651123,9.92604E-06,-3.46843E-05,9.33781E-05,1.741592407,-1.170135498,-0.654785156
17.98,0.253387451,-0.131858826,1.311264038,-1.363922119,-0.123895645,0.577026367,0.206298828,1.906661987,0.739173889,2.304405212,-1.081520081,0.814813614,-1.23046875,-0.413513184,0.045043945,1.052978516,-0.00012488,0.99017334,0.578430176,-0.431045532,0.842468262,-2.025634766,0.045417786,-0.876678467,-0.001353988,-0.000944789,0.194412231,-0.000871704,1.351776123,1.805496216,-0.042419434,0.675605774,1.459991455,0.506988525,2.31937E-05,-0.000114366,3.48054E-05,1.720275879,-1.165298462,-0.662841797
17.99,0.212982178,-0.129425049,1.296600342,-1.368835449,-0.128688812,0.564819336,0.206298828,1.871437073,0.742782593,2.252422333,-1.077827454,0.817268372,-1.259979248,-0.414794922,0.047454834,1.026672363,3.58019E-05,1.007324219,0.505371094,-0.410362244,0.878234863,-2.036743164,0.05153656,-0.881607056,-0.001358489,-0.000953801,0.193130493,-0.000858189,1.364135742,1.815109253,-0.069030762,0.645103455,1.453735352,0.564575195,-6.20969E-05,-0.00014662,4.57093E-06,1.757892609,-1.165298462,-0.627868652
18,0.187744141,-0.156188965,1.276580811,-1.408203125,-0.150249481,0.59286499,0.207519531,1.870223999,0.701904297,2.263301849,-1.044586182,0.836906433,-1.208343506,-0.405151367,0.067947388,0.998016357,0.000153005,1.047668457,0.502960205,-0.406715393,0.864196777,-2.025634766,0.080886841,-0.84475708,-0.001358489,-0.000957556,0.186798096,-0.000855936,1.355484009,1.793502808,-0.058166504,0.637786865,1.452453613,0.530029297,-0.000115167,-7.64225E-05,7.0706E-05,1.770427704,-1.214874268,-0.642669678
18.01,0.229400635,-0.154975891,1.252563477,-1.422958374,-0.193378448,0.56362915,0.183776855,1.876296997,0.687469482,2.286270142,-1.053215027,0.833224297,-1.157958984,-0.393188477,0.051071167,1.063751221,1.50073E-05,1.034240723,0.539459229,-0.422538757,0.864196777,-2.055297852,0.079673767,-0.866867065,-0.001355488,-0.000959809,0.213409424,-0.000872455,1.339416504,1.781494141,-0.055725098,0.62802124,1.431182861,0.524902344,-9.81074E-05,1.65403E-05,5.37001E-05,1.735321045,-1.226959229,-0.639953613
18.02,0.231933594,-0.124557495,1.264572144,-1.378677368,-0.188585281,0.508728027,0.172546387,1.877510071,0.749992371,2.277807236,-1.083984375,0.802540779,-1.167816162,-0.375244141,0.072753906,1.07925415,-3.79235E-05,1.025665283,0.534606934,-0.420097351,0.870605469,-2.062744141,0.04296875,-0.928237915,-0.00136299,-0.000962813,0.227340698,-0.0008687,1.353012085,1.817520142,-0.070251465,0.629241943,1.439941406,0.517242432,-5.45159E-05,-3.84785E-05,-4.45545E-05,1.73657608,-1.189483643,-0.630523682
18.03,0.2003479,-0.102661133,1.277908325,-1.375,-0.169418335,0.546569824,0.172546387,1.927322388,0.746391296,2.305612564,-1.098762512,0.785358429,-1.21206665,-0.403991699,0.107696533,1.012329102,-9.56748E-06,1.04888916,0.557739258,-0.405487061,0.842468262,-2.047851563,0.029518127,-0.903686523,-0.001354738,-0.000956054,0.208343506,-0.000848428,1.367843628,1.80670166,-0.062988281,0.639007568,1.439941406,0.480102539,-9.62131E-05,-0.000137134,-7.28928E-05,1.74911499,-1.164077759,-0.630523682
18.04,0.2003479,-0.079551697,1.25390625,-1.40083313,-0.181396484,0.611175537,0.181335449,1.922462463,0.70791626,2.293523788,-1.091369629,0.779221535,-1.255065918,-0.450683594,0.102874756,1.033843994,-7.00597E-05,1.052581787,0.579650879,-0.403053284,0.864196777,-2.041625977,0.056434631,-0.881607056,-0.001337485,-0.000947793,0.193130493,-0.000851432,1.374023438,1.780303955,-0.043579102,0.636566162,1.416107178,0.496734619,-1.85054E-05,-9.91896E-05,-4.45545E-05,1.729049683,-1.145950317,-0.623809814
18.05,0.225616455,-0.055221558,1.248565674,-1.383605957,-0.157438278,0.591644287,0.202514648,1.8568573,0.69228363,2.256048203,-1.085212708,0.809905052,-1.266113281,-0.429138184,0.075164795,1.075683594,-0.000111648,1.069702148,0.526092529,-0.410362244,0.897399902,-2.016967773,0.094352722,-0.919647217,-0.001344986,-0.000943286,0.188079834,-0.000861943,1.360427856,1.811508179,-0.048461914,0.665840149,1.439941406,0.52746582,0.000108484,-3.84785E-05,-3.32147E-05,1.732814789,-1.150787354,-0.641326904
18.06,0.228149414,-0.092926025,1.29258728,-1.386077881,-0.117904663,0.553863525,0.185058594,1.855644226,0.703102112,2.289897919,-1.086448669,0.820950508,-1.22555542,-0.396789551,0.05708313,1.064910889,3.20207E-05,1.100280762,0.5078125,-0.423751831,0.86932373,-2.018188477,0.080886841,-0.896316528,-0.001357739,-0.000947793,0.184280396,-0.000862694,1.392562866,1.816314697,-0.072631836,0.68170929,1.438690186,0.522338867,-2.04016E-05,-6.31418E-05,8.3521E-06,1.770427704,-1.20640564,-0.65612793
18.07,0.206695557,-0.154975891,1.317932129,-1.403274536,-0.138271332,0.586791992,0.172546387,1.872650146,0.73677063,2.329790115,-1.066749573,0.789040565,-1.192352295,-0.42791748,0.077575684,1.061340332,0.000147333,1.072143555,0.539459229,-0.427398682,0.874450684,-2.046630859,0.063774109,-0.827575684,-0.001358489,-0.000958307,0.17666626,-0.000853684,1.408630371,1.788696289,-0.06060791,0.63168335,1.44744873,0.523620605,-0.000118956,-6.31418E-05,2.53581E-05,1.761650085,-1.241470337,-0.645355225
18.08,0.194061279,-0.139160156,1.275253296,-1.378677368,-0.169418335,0.584350586,0.198791504,1.882369995,0.722343445,2.292316437,-1.071678162,0.791495323,-1.228027344,-0.431518555,0.090820313,1.052978516,-2.09091E-05,1.029327393,0.510253906,-0.409141541,0.905090332,-2.037963867,0.1016922,-0.842315674,-0.001353988,-0.000956054,0.204544067,-0.000849179,1.349304199,1.787506104,-0.023010254,0.621917725,1.51260376,0.52746582,9.92604E-06,-2.51997E-05,-1.99899E-05,1.722782135,-1.193099976,-0.630523682
18.09,0.220581055,-0.10509491,1.256576538,-1.355316162,-0.168218613,0.516082764,0.173828125,1.898162842,0.686271667,2.23670578,-1.128303528,0.763266563,-1.236602783,-0.350036621,0.081192017,1.046966553,-0.000113538,1.035461426,0.492004395,-0.409141541,0.901245117,-2.050292969,0.107803345,-0.891418457,-0.001347237,-0.000946291,0.234954834,-0.000866448,1.344360352,1.793502808,-0.026672363,0.668289185,1.476287842,0.521087646,3.64613E-05,-9.34973E-05,2.68593E-06,1.732814789,-1.148361206,-0.629180908
18.1,0.250854492,-0.139160156,1.275253296,-1.371307373,-0.188585281,0.517272949,0.15625,1.878730774,0.699501038,2.275390625,-1.136917114,0.754674911,-1.196075439,-0.347717285,0.092025757,1.067321777,0.000105746,1.052581787,0.529724121,-0.431045532,0.901245117,-2.060180664,0.061325073,-0.898788452,-0.001349487,-0.000950046,0.217208862,-0.000873956,1.359191895,1.791091919,-0.043579102,0.662185669,1.41986084,0.508270264,-6.02026E-05,-0.000101086,1.77994E-05,1.741592407,-1.170135498,-0.637268066
18.11,0.215515137,-0.181739807,1.247238159,-1.411880493,-0.205356598,0.561187744,0.185058594,1.883590698,0.731964111,2.311656952,-1.085212708,0.819723129,-1.21081543,-0.425537109,0.067947388,1.062561035,0.000117088,1.047668457,0.539459229,-0.426185608,0.86932373,-2.008300781,0.040519714,-0.885284424,-0.001356989,-0.000957556,0.221008301,-0.000857438,1.324584961,1.776702881,-0.053283691,0.624359131,1.454956055,0.473693848,-0.000115167,5.44824E-05,-1.05426E-05,1.727798462,-1.219711304,-0.645355225
18.12,0.175140381,-0.162269592,1.229888916,-1.420501709,-0.181396484,0.540466309,0.153747559,1.913955688,0.735565186,2.271764755,-1.061828613,0.79517746,-1.239074707,-0.411193848,0.020950317,1.026672363,-9.84157E-05,1.036682129,0.512695313,-0.420097351,0.847595215,-2.013183594,0.05153656,-0.887741089,-0.001351738,-0.000946291,0.238754272,-0.00084993,1.318389893,1.792312622,-0.083618164,0.596298218,1.441192627,0.482666016,-9.62131E-05,6.01746E-05,5.74775E-05,1.722782135,-1.223342896,-0.680358887
18.13,0.205413818,-0.139160156,1.245895386,-1.393432617,-0.199365616,0.494110107,0.127502441,1.883590698,0.687469482,2.270553589,-1.090148926,0.70680809,-1.261199951,-0.389587402,0.035400391,1.019500732,-5.30463E-05,1.013427734,0.501739502,-0.45539093,0.871887207,-2.07019043,0.071098328,-0.906158447,-0.001347237,-0.000934274,0.212142944,-0.000855936,1.323348999,1.82951355,-0.072631836,0.598739624,1.411132813,0.506988525,-5.2359E-06,-4.60688E-05,4.80302E-05,1.700214386,-1.182220459,-0.708648682
18.14,0.218048096,-0.167137146,1.233886719,-1.398361206,-0.218532562,0.501403809,0.151245117,1.850791931,0.627357483,2.29110527,-1.097518921,0.67244339,-1.279632568,-0.426757813,0.082397461,1.037445068,7.54995E-05,1.01953125,0.517578125,-0.473655701,0.82208252,-2.041625977,0.082115173,-0.8828125,-0.001360739,-0.00094554,0.200744629,-0.000852182,1.335708618,1.795898438,-0.026672363,0.636566162,1.439941406,0.496734619,-2.2294E-05,-1.95075E-05,-6.53379E-05,1.696453094,-1.178588867,-0.652069092
18.15,0.183959961,-0.161056519,1.245895386,-1.422958374,-0.17301178,0.545318604,0.135009766,1.852005005,0.640579224,2.287479401,-1.06552124,0.733809471,-1.263671875,-0.408752441,0.086013794,1.037445068,6.60475E-05,1.052581787,0.489562988,-0.435920715,0.799072266,-2.013183594,0.074775696,-0.843551636,-0.00136449,-0.000947793,0.221008301,-0.000847677,1.351776123,1.743087769,-0.012145996,0.648765564,1.434936523,0.505706787,-7.1574E-05,3.93074E-05,-6.91153E-05,1.732814789,-1.188262939,-0.588806152
18.16,0.211730957,-0.099006653,1.295257568,-1.399597168,-0.167020798,0.556304932,0.132507324,1.877510071,0.681465149,2.294733047,-1.069213867,0.820950508,-1.251373291,-0.366882324,0.053482056,1.021911621,2.44593E-05,1.051361084,0.466430664,-0.388458252,0.852722168,-2.041625977,0.067436218,-0.836181641,-0.001354738,-0.000944037,0.202011108,-0.000859691,1.328292847,1.759887695,-0.032714844,0.68536377,1.407348633,0.496734619,-4.12501E-05,-2.43261E-06,-1.432E-05,1.757892609,-1.155609131,-0.615722656
18.17,0.274841309,-0.116043091,1.312606812,-1.390991211,-0.195770264,0.539215088,0.175048828,1.892089844,0.682670593,2.289897919,-1.095069885,0.780448914,-1.219421387,-0.396789551,0.05708313,1.013549805,1.31167E-05,1.061157227,0.521209717,-0.393318176,0.824645996,-2.029296875,0.057647705,-0.852127075,-0.001355488,-0.000949295,0.17666626,-0.000870953,1.334457397,1.80670166,-0.078735352,0.702453613,1.409851074,0.489074707,-1.66092E-05,-4.22727E-05,2.34693E-05,1.764160156,-1.120544434,-0.646697998
18.18,0.26473999,-0.17565155,1.29258728,-1.43157959,-0.157438278,0.534332275,0.168823242,1.8568573,0.693489075,2.294733047,-1.098762512,0.753447533,-1.173950195,-0.444702148,0.082397461,1.008728027,8.30609E-05,1.05380249,0.523651123,-0.40184021,0.78503418,-1.999511719,0.033180237,-0.884048462,-0.00136299,-0.000944789,0.195663452,-0.000864196,1.351776123,1.821105957,-0.101745605,0.619483948,1.406097412,0.523620605,3.83556E-05,-2.89921E-05,4.99189E-05,1.767921448,-1.132644653,-0.646697998
18.19,0.214233398,-0.164703369,1.291259766,-1.404510498,-0.121500015,0.539215088,0.145019531,1.842285156,0.701904297,2.306821823,-1.103683472,0.806222916,-1.180114746,-0.402770996,0.070343018,0.98248291,4.33633E-05,1.015869141,0.484680176,-0.387229919,0.829711914,-1.993408203,0.035629272,-0.887741089,-0.001359989,-0.000941033,0.214675903,-0.000854435,1.312225342,1.798294067,-0.056884766,0.591415405,1.412353516,0.466033936,5.54137E-05,-4.41708E-05,7.82609E-05,1.780456543,-1.182220459,-0.665557861
18.2,0.201629639,-0.131858826,1.288589478,-1.355316162,-0.162227631,0.5440979,0.130004883,1.86050415,0.653808594,2.29110527,-1.087677002,0.797632217,-1.192352295,-0.360839844,0.048660278,0.976501465,-7.57305E-05,1.018310547,0.5078125,-0.394538879,0.874450684,-2.025634766,0.056434631,-0.887741089,-0.001361489,-0.00095305,0.210876465,-0.000851432,1.317169189,1.765884399,-0.043579102,0.62802124,1.437438965,0.380249023,4.5076E-07,-2.89921E-05,0.000119831,1.766666412,-1.200363159,-0.67364502
18.21,0.228149414,-0.122123718,1.261901855,-1.367599487,-0.199365616,0.542907715,0.143798828,1.850791931,0.642990112,2.28868866,-1.080291748,0.774312019,-1.182556152,-0.411193848,0.069137573,1.01473999,-1.15484E-07,1.029327393,0.526092529,-0.388458252,0.892272949,-2.060180664,0.04296875,-0.903686523,-0.001371241,-0.000956805,0.182998657,-0.000857438,1.375259399,1.769500732,-0.073913574,0.639007568,1.429901123,0.444274902,-7.34683E-05,7.05384E-06,0.000110384,1.722782135,-1.174972534,-0.666870117
18.22,0.250854492,-0.144020081,1.261901855,-1.381149292,-0.189783096,0.52822876,0.183776855,1.8568573,0.701904297,2.32011795,-1.13445282,0.779221535,-1.182556152,-0.436340332,0.111312866,1.032684326,4.33633E-05,1.044006348,0.53338623,-0.389671326,0.878234863,-2.046630859,0.011161804,-0.875473022,-0.001359239,-0.000953801,0.148803711,-0.000865697,1.371551514,1.798294067,-0.053283691,0.623138428,1.401092529,0.503143311,-7.34683E-05,-2.33017E-05,6.88173E-05,1.701465607,-1.141113281,-0.664215088
18.23,0.257171631,-0.159835815,1.261901855,-1.368835449,-0.193378448,0.513641357,0.143798828,1.886016846,0.706710815,2.332208633,-1.128303528,0.785358429,-1.209564209,-0.414794922,0.130584717,1.033843994,-6.06077E-05,1.072143555,0.544342041,-0.426185608,0.824645996,-2.03918457,0.025840759,-0.8644104,-0.001344236,-0.00095305,0.171600342,-0.000859691,1.338180542,1.8019104,-0.039978027,0.586540222,1.391052246,0.478820801,-3.34159E-06,-4.7965E-05,-4.83319E-05,1.710243225,-1.114501953,-0.635925293
18.24,0.26852417,-0.136726379,1.251220703,-1.360244751,-0.192178726,0.514831543,0.104980469,1.867790222,0.685066223,2.301986694,-1.042129517,0.78413105,-1.24029541,-0.411193848,0.114929199,1.029083252,-3.03611E-05,1.025665283,0.534606934,-0.411575317,0.815673828,-2.034179688,0.075996399,-0.896316528,-0.001362239,-0.000952299,0.217208862,-0.000854435,1.318389893,1.809112549,-0.061767578,0.598739624,1.422393799,0.477539063,-2.79807E-05,-6.12456E-05,-0.000112575,1.747859955,-1.141113281,-0.59954834
18.25,0.239501953,-0.134292603,1.271240234,-1.397125244,-0.167020798,0.512420654,0.151245117,1.859291077,0.70791626,2.283853531,-1.066749573,0.757129669,-1.2059021,-0.397949219,0.081192017,1.026672363,0.000130321,0.99017334,0.512695313,-0.381141663,0.845031738,-2.013183594,0.073547363,-0.888977051,-0.001371991,-0.00096056,0.22354126,-0.000859691,1.304794312,1.82711792,-0.048461914,0.613380432,1.439941406,0.474975586,2.34507E-06,-6.12456E-05,3.85828E-05,1.757892609,-1.181015015,-0.606292725
18.26,0.176391602,-0.156188965,1.285919189,-1.422958374,-0.189783096,0.508728027,0.16003418,1.869010925,0.701904297,2.315282822,-1.135696411,0.773084641,-1.155517578,-0.39440918,0.089630127,1.058959961,0.000132211,1.045227051,0.473724365,-0.381141663,0.837402344,-2.033081055,0.044197083,-0.871780396,-0.001359989,-0.000964315,0.185531616,-0.000861943,1.302322388,1.818710327,-0.04486084,0.564575195,1.407348633,0.471130371,8.76356E-05,-6.69379E-05,0.000110384,1.720275879,-1.158035278,-0.618408203
18.27,0.204162598,-0.165924072,1.259231567,-1.413116455,-0.204158783,0.502655029,0.104980469,1.847145081,0.66342926,2.299568176,-1.095069885,0.797632217,-1.189910889,-0.40637207,0.1040802,1.057739258,-9.56748E-06,1.01953125,0.463989258,-0.379928589,0.852722168,-2.080078125,0.039306641,-0.865631104,-0.001350237,-0.000951548,0.191864014,-0.000861943,1.294906616,1.789901733,-0.078735352,0.590194702,1.417388916,0.501861572,-5.26197E-05,-7.45263E-05,3.29167E-05,1.73657608,-1.141113281,-0.614379883
18.28,0.249603271,-0.142807007,1.247238159,-1.422958374,-0.17061615,0.467285156,0.090026855,1.839859009,0.66583252,2.250003815,-1.079063416,0.73503685,-1.224304199,-0.393188477,0.082397461,1.027862549,-7.67689E-06,0.968170166,0.487121582,-0.423751831,0.885925293,-2.073852539,0.001373291,-0.839859009,-0.001350987,-0.000948544,0.256484985,-0.000870953,1.298629761,1.769500732,-0.092041016,0.646324158,1.437438965,0.499328613,-9.43169E-05,-1.19172E-05,-1.05426E-05,1.777950287,-1.184631348,-0.652069092
18.29,0.199127197,-0.118476868,1.271240234,-1.424194336,-0.158636093,0.468536377,0.148742676,1.838638306,0.65020752,2.28868866,-1.123374939,0.698217392,-1.209564209,-0.403991699,0.081192017,1.031433105,7.36089E-05,1.031768799,0.512695313,-0.467567444,0.854003906,-2.015625,0.007492065,-0.854598999,-0.001362239,-0.00096056,0.241287231,-0.000874707,1.29737854,1.781494141,-0.069030762,0.599960327,1.409851074,0.444274902,6.48908E-05,2.22307E-05,-2.75485E-05,1.746604919,-1.207626343,-0.672302246
18.3,0.175140381,-0.153755188,1.261901855,-1.408203125,-0.171813965,0.506317139,0.170043945,1.831352234,0.620147705,2.297151566,-1.125839233,0.732582092,-1.21572876,-0.433959961,0.073959351,1.044616699,6.98287E-05,1.050109863,0.539459229,-0.439575195,0.815673828,-2.005859375,0.061325073,-0.895095825,-0.001356989,-0.000965817,0.204544067,-0.000866448,1.286254883,1.789901733,-0.042419434,0.585319519,1.432403564,0.441711426,-2.04016E-05,1.36159E-06,1.40183E-05,1.721530914,-1.188262939,-0.641326904
18.31,0.207946777,-0.162269592,1.244567871,-1.40083313,-0.199365616,0.502655029,0.133789063,1.839859009,0.658615112,2.231870651,-1.136917114,0.737491608,-1.221862793,-0.408752441,0.039016724,1.02432251,1.50073E-05,1.015869141,0.506622314,-0.423751831,0.837402344,-2.04296875,0.049095154,-0.870544434,-0.001341236,-0.000956805,0.210876465,-0.00085894,1.317169189,1.777893066,-0.077514648,0.607284546,1.431182861,0.492889404,-0.000143597,4.6894E-05,9.52668E-05,1.742843628,-1.194320679,-0.646697998
18.32,0.226867676,-0.124557495,1.296600342,-1.397125244,-0.205356598,0.483154297,0.14251709,1.86050415,0.699501038,2.242752075,-1.151695251,0.738718987,-1.204650879,-0.392028809,0.070343018,1.005187988,-3.41423E-05,1.045227051,0.466430664,-0.462692261,0.845031738,-2.037963867,0.045417786,-0.849685669,-0.001350987,-0.000951548,0.190612793,-0.000856687,1.34312439,1.782699585,-0.115112305,0.57434082,1.352233887,0.473693848,-5.26197E-05,5.63804E-05,9.14894E-05,1.73406601,-1.210037231,-0.676300049
18.33,0.249603271,-0.146453857,1.312606812,-1.395904541,-0.195770264,0.473388672,0.165039063,1.87387085,0.688674927,2.258466721,-1.109840393,0.785358429,-1.224304199,-0.41595459,0.126968384,1.031433105,3.76916E-05,1.042785645,0.5078125,-0.460266113,0.81060791,-2.026855469,0.082115173,-0.881607056,-0.001358489,-0.000958307,0.186798096,-0.00085894,1.309753418,1.785110474,-0.077514648,0.587760925,1.353485107,0.425048828,-5.26197E-05,-7.64225E-05,-4.87268E-06,1.727798462,-1.196731567,-0.681732178
18.34,0.210479736,-0.174438477,1.272583008,-1.420501709,-0.188585281,0.483154297,0.151245117,1.844718933,0.683868408,2.235496521,-1.066749573,0.797632217,-1.258728027,-0.42791748,0.106491089,1.01473999,6.03767E-05,0.999969482,0.513916016,-0.410362244,0.815673828,-2.050292969,0.067436218,-0.895095825,-0.001358489,-0.000962813,0.180465698,-0.000859691,1.283782959,1.771896362,-0.070251465,0.63533783,1.382293701,0.427612305,-0.000158761,-4.7965E-05,-5.58905E-05,1.785476685,-1.188262939,-0.649383545
18.35,0.161254883,-0.119689941,1.296600342,-1.458633423,-0.171813965,0.483154297,0.135009766,1.81312561,0.661026001,2.274181366,-1.066749573,0.752220154,-1.241516113,-0.442321777,0.082397461,0.976501465,-1.71289E-05,1.018310547,0.450592041,-0.423751831,0.836120605,-2.045410156,0.014831543,-0.90246582,-0.00136374,-0.000961311,0.167800903,-0.000854435,1.301101685,1.758682251,-0.104187012,0.609718323,1.362243652,0.418640137,-0.000139808,0.00012468,-2.98396E-06,1.803028107,-1.177383423,-0.613037109
18.36,0.194061279,-0.074684143,1.320602417,-1.42666626,-0.183792114,0.467285156,0.113769531,1.820419312,0.645393372,2.277807236,-1.085212708,0.725217819,-1.203460693,-0.419555664,0.105285645,1.020721436,7.73901E-05,1.051361084,0.467651367,-0.457832336,0.82208252,-2.008300781,0.003814697,-0.903686523,-0.001356989,-0.000965066,0.188079834,-0.000861192,1.303573608,1.780303955,-0.110229492,0.580436707,1.39730835,0.417358398,-5.07254E-05,0.000105707,3.85828E-05,1.759143829,-1.160461426,-0.621124268
18.37,0.197845459,-0.124557495,1.295257568,-1.345489502,-0.211343765,0.483154297,0.110046387,1.820419312,0.685066223,2.246377945,-1.099983215,0.74608326,-1.198516846,-0.368041992,0.130584717,1.061340332,0.000101965,1.021972656,0.524841309,-0.449310303,0.825866699,-2.025634766,0.049095154,-0.8828125,-0.001353988,-0.000961311,0.19694519,-0.000867199,1.278839111,1.800704956,-0.110229492,0.591415405,1.416107178,0.434020996,-3.9354E-05,0.000120884,4.57093E-06,1.751621246,-1.183441162,-0.633239746
18.38,0.1902771,-0.159835815,1.305938721,-1.347930908,-0.205356598,0.466094971,0.152526855,1.810699463,0.694694519,2.279016495,-1.091369629,0.781676292,-1.216949463,-0.378845215,0.130584717,1.046966553,-5.30463E-05,0.987731934,0.510253906,-0.435920715,0.848876953,-2.051635742,0.057647705,-0.884048462,-0.00136674,-0.000946291,0.212142944,-0.000864196,1.288726807,1.755096436,-0.099365234,0.564575195,1.377258301,0.405853271,-7.9155E-05,0.000166418,-4.64432E-05,1.737827301,-1.23059082,-0.625152588
18.39,0.209197998,-0.106307983,1.311264038,-1.40083313,-0.192178726,0.434356689,0.165039063,1.820419312,0.677856445,2.271764755,-1.077827454,0.763266563,-1.221862793,-0.417114258,0.090820313,1.029083252,-5.11557E-05,1.006103516,0.477386475,-0.437133789,0.875671387,-2.016967773,0.033180237,-0.891418457,-0.001371241,-0.000947042,0.202011108,-0.000867199,1.340652466,1.727478027,-0.098083496,0.5548172,1.360992432,0.423797607,-9.43169E-05,1.65403E-05,-1.99899E-05,1.706481934,-1.225753784,-0.637268066
18.4,0.223114014,-0.072250366,1.259231567,-1.404510498,-0.219730377,0.472198486,0.138793945,1.838638306,0.694694519,2.245168686,-1.082756042,0.714172363,-1.21206665,-0.436340332,0.043838501,1.007568359,2.06791E-05,1.052581787,0.473724365,-0.439575195,0.882080078,-2.034179688,0.060096741,-0.906158447,-0.001360739,-0.000950797,0.169067383,-0.000862694,1.309753418,1.756286621,-0.125976563,0.585319519,1.384796143,0.512084961,-0.000113273,-7.64225E-05,4.61414E-05,1.730308533,-1.166503906,-0.645355225
18.41,0.262207031,-0.092926025,1.228546143,-1.381149292,-0.246084213,0.485595703,0.145019531,1.838638306,0.697097778,2.287479401,-1.088905334,0.719081879,-1.218170166,-0.414794922,0.059509277,0.996795654,-1.14581E-05,1.075805664,0.473724365,-0.420097351,0.830993652,-2.068847656,0.052757263,-0.908599854,-0.001353238,-0.00094554,0.19694519,-0.000859691,1.236831665,1.8019104,-0.110229492,0.592636108,1.413604736,0.48651123,-5.45159E-05,-5.55534E-05,-1.24313E-05,1.764160156,-1.148361206,-0.608978271
18.42,0.235717773,-0.129425049,1.249908447,-1.383605957,-0.217334747,0.445373535,0.110046387,1.832565308,0.670639038,2.301986694,-1.099983215,0.759584427,-1.231719971,-0.40637207,0.1040802,1.031433105,-2.84715E-05,1.026885986,0.463989258,-0.418876648,0.804199219,-2.055297852,0.000152588,-0.890182495,-0.001354738,-0.000942535,0.194412231,-0.000880714,1.287506104,1.82951355,-0.059326172,0.615821838,1.388580322,0.396881104,3.83556E-05,-2.14037E-05,-7.85626E-05,1.740337372,-1.196731567,-0.59954834
18.43,0.167541504,-0.151321411,1.279251099,-1.420501709,-0.207752228,0.453857422,0.056213379,1.84349823,0.642990112,2.257257462,-1.128303528,0.74608326,-1.24520874,-0.431518555,0.105285645,1.074493408,-7.67689E-06,0.995056152,0.465179443,-0.452957153,0.843811035,-2.063964844,0.003814697,-0.90246582,-0.001350237,-0.000941033,0.155136108,-0.000876959,1.322113037,1.80430603,-0.065429688,0.619483948,1.364746094,0.437835693,-7.34683E-05,5.82784E-05,-2.37711E-05,1.714004517,-1.212463379,-0.670928955
18.44,0.192779541,-0.10144043,1.319274902,-1.416824341,-0.243688583,0.484344482,0.118774414,1.803413391,0.653808594,2.241540909,-1.135696411,0.709262848,-1.234161377,-0.411193848,0.110092163,1.057739258,1.68979E-05,1.036682129,0.506622314,-0.437133789,0.861633301,-2.073852539,0.017280579,-0.915969849,-0.001350987,-0.000946291,0.195663452,-0.000845425,1.270187378,1.780303955,-0.098083496,0.588973999,1.403594971,0.476257324,-0.000223201,1.27461E-05,5.18113E-05,1.747859955,-1.167709351,-0.684387207
18.45,0.231933594,-0.085624695,1.335281372,-1.409439087,-0.240097046,0.470947266,0.16003418,1.748748779,0.682670593,2.256048203,-1.122146606,0.727672577,-1.194854736,-0.385986328,0.117324829,1.017150879,6.22664E-05,1.037902832,0.527313232,-0.4164505,0.824645996,-2.065185547,0.023391724,-0.896316528,-0.001357739,-0.000958307,0.185531616,-0.000854435,1.282562256,1.791091919,-0.098083496,0.588973999,1.413604736,0.417358398,-0.000141701,-0.000133337,0.000119831,1.752872467,-1.153198242,-0.637268066
18.46,0.19152832,-0.156188965,1.283248901,-1.421737671,-0.223325729,0.451416016,0.106262207,1.794914246,0.66342926,2.253629684,-1.133224487,0.747310638,-1.198516846,-0.414794922,0.092025757,1.029083252,5.28144E-05,0.99017334,0.495635986,-0.429832458,0.787597656,-2.035522461,0.017280579,-0.866867065,-0.001351738,-0.000957556,0.134857178,-0.000873956,1.308517456,1.776702881,-0.094482422,0.596298218,1.376037598,0.423797607,1.7507E-05,-0.000110572,5.55888E-05,1.697704315,-1.160461426,-0.668243408
18.47,0.147369385,-0.167137146,1.25390625,-1.367599487,-0.244886398,0.459960938,0.116271973,1.849578857,0.623748779,2.251213074,-1.150466919,0.739946365,-1.234161377,-0.437561035,0.090820313,1.074493408,2.25687E-05,0.992614746,0.501739502,-0.421310425,0.78503418,-1.979858398,-0.005966187,-0.834945679,-0.001350237,-0.000948544,0.189331055,-0.000865697,1.318389893,1.751480103,-0.110229492,0.590194702,1.364746094,0.483947754,3.83556E-05,-3.84785E-05,-6.91153E-05,1.712753296,-1.155609131,-0.691131592
18.48,0.168823242,-0.118476868,1.285919189,-1.346694946,-0.242490768,0.418548584,0.127502441,1.815559387,0.605712891,2.248794556,-1.156616211,0.753447533,-1.24520874,-0.423156738,0.106491089,1.082855225,4.33633E-05,1.018310547,0.53338623,-0.405487061,0.823303223,-2.028076172,-0.012077332,-0.842315674,-0.001359239,-0.000950797,0.238754272,-0.000860441,1.323348999,1.767089844,-0.106567383,0.606063843,1.396087646,0.471130371,9.92604E-06,-0.00010488,1.59107E-05,1.739082336,-1.165298462,-0.630523682
18.49,0.197845459,-0.117256165,1.296600342,-1.402038574,-0.188585281,0.379486084,0.092468262,1.798553467,0.616539001,2.243959427,-1.1615448,0.753447533,-1.22064209,-0.401550293,0.090820313,1.062561035,5.47059E-05,0.999969482,0.512695313,-0.423751831,0.845031738,-2.107299805,0.012390137,-0.891418457,-0.001356238,-0.000955303,0.218475342,-0.000861192,1.262771606,1.747894287,-0.081176758,0.629241943,1.429901123,0.43145752,1.7507E-05,-0.000125749,0.000136837,1.670120239,-1.159255981,-0.606292725
18.5,0.221832275,-0.161056519,1.251220703,-1.421737671,-0.163427353,0.458770752,0.130004883,1.828918457,0.655006409,2.228242874,-1.143081665,0.731354713,-1.218170166,-0.395568848,0.089630127,1.048217773,6.22664E-05,1.003631592,0.489562988,-0.468780518,0.815673828,-2.073852539,0.056434631,-0.924545288,-0.001350237,-0.000948544,0.180465698,-0.000851432,1.233108521,1.705871582,-0.095703125,0.60484314,1.428649902,0.446807861,-7.13207E-06,-2.89921E-05,0.00012739,1.67263031,-1.167709351,-0.657470703
18.51,0.245819092,-0.162269592,1.247238159,-1.435272217,-0.201761246,0.507507324,0.163818359,1.808273315,0.661026001,2.2076931,-1.106147766,0.750992775,-1.257507324,-0.39440918,0.090820313,1.039855957,8.87318E-05,1.023223877,0.483459473,-0.45539093,0.828430176,-2.080078125,0.009941101,-0.927017212,-0.001353238,-0.000944037,0.174133301,-0.000840169,1.264022827,1.755096436,-0.122375488,0.568237305,1.421142578,0.451934814,4.5076E-07,3.25963E-06,5.18113E-05,1.726547241,-1.193099976,-0.692474365
18.52,0.223114014,-0.123344421,1.280593872,-1.442626953,-0.246084213,0.462432861,0.12878418,1.791267395,0.627357483,2.208902359,-1.112297058,0.757129669,-1.24029541,-0.397949219,0.088409424,1.043426514,7.17184E-05,0.987731934,0.477386475,-0.405487061,0.845031738,-2.096191406,-0.048782349,-0.911056519,-0.001353238,-0.00095305,0.191864014,-0.000850681,1.267715454,1.798294067,-0.118713379,0.588973999,1.406097412,0.409698486,-2.79807E-05,-1.19172E-05,-4.07733E-05,1.698963165,-1.173751831,-0.665557861
18.53,0.216766357,-0.114822388,1.249908447,-1.404510498,-0.258066177,0.436798096,0.110046387,1.803413391,0.62134552,2.210111618,-1.12953186,0.681034088,-1.181304932,-0.409973145,0.110092163,1.048217773,4.90341E-05,0.973052979,0.500488281,-0.438362122,0.799072266,-2.056518555,0.01360321,-0.895095825,-0.001361489,-0.000955303,0.207077026,-0.000870202,1.267715454,1.762298584,-0.123535156,0.626800537,1.407348633,0.404571533,-5.83064E-05,-1.0021E-05,-2.18786E-05,1.67263031,-1.165298462,-0.642669678
18.54,0.181427002,-0.111175537,1.239227295,-1.384841919,-0.258066177,0.444122314,0.12878418,1.775474548,0.645393372,2.23307991,-1.112297058,0.642986298,-1.194854736,-0.42199707,0.084793091,1.046966553,6.41569E-05,0.9815979,0.488342285,-0.485824585,0.797790527,-2.091186523,0.036857605,-0.874237061,-0.001377992,-0.000953801,0.222290039,-0.000862694,1.288726807,1.74067688,-0.135681152,0.60849762,1.41986084,0.435302734,9.92604E-06,3.25963E-06,2.72468E-05,1.691436768,-1.182220459,-0.646697998
18.55,0.12210083,-0.112388611,1.285919189,-1.388519287,-0.230512619,0.452667236,0.130004883,1.783973694,0.638175964,2.272972107,-1.139389038,0.716627121,-1.23046875,-0.42199707,0.055892944,1.043426514,2.44593E-05,0.982818604,0.45791626,-0.490684509,0.837402344,-2.081298828,-0.02797699,-0.842315674,-0.001370491,-0.000961311,0.209609985,-0.000851432,1.29737854,1.751480103,-0.123535156,0.586540222,1.35848999,0.442993164,-2.98768E-05,1.36159E-06,-1.09524E-06,1.72403717,-1.183441162,-0.642669678
18.56,0.199127197,-0.124557495,1.281921387,-1.402038574,-0.186189651,0.431945801,0.108764648,1.817985535,0.626152039,2.250003815,-1.19355011,0.763266563,-1.213256836,-0.418395996,0.072753906,1.042205811,9.33651E-06,1.025665283,0.479797363,-0.479736328,0.837402344,-2.024414063,-0.0157547,-0.841094971,-0.001356238,-0.000959809,0.217208862,-0.000864196,1.259078979,1.759887695,-0.132019043,0.588973999,1.344696045,0.468566895,-6.77835E-05,-2.89921E-05,-2.94372E-05,1.715259552,-1.174972534,-0.648040771
18.57,0.26348877,-0.091712952,1.255233765,-1.406967163,-0.199365616,0.43069458,0.10748291,1.798553467,0.642990112,2.224617004,-1.146774292,0.737491608,-1.189910889,-0.402770996,0.077575684,1.041015625,8.30609E-05,1.0574646,0.496856689,-0.457832336,0.80291748,-2.036743164,0.023391724,-0.863174438,-0.001360739,-0.000961311,0.234954834,-0.000874707,1.238052368,1.756286621,-0.13079834,0.5779953,1.413604736,0.485229492,-2.41902E-05,3.36152E-05,-8.65385E-06,1.695198059,-1.154418945,-0.661499023
18.58,0.214233398,-0.078330994,1.256576538,-1.394668579,-0.235303879,0.461181641,0.11126709,1.798553467,0.62134552,2.231870651,-1.093841553,0.737491608,-1.182556152,-0.38482666,0.106491089,1.039855957,0.000118978,1.031768799,0.482269287,-0.435920715,0.806762695,-2.020629883,-0.014526367,-0.863174438,-0.001358489,-0.000971825,0.193130493,-0.000867199,1.283782959,1.741882324,-0.090820313,0.588973999,1.398590088,0.440429688,-4.88292E-05,0.000115193,3.29167E-05,1.725288391,-1.164077759,-0.664215088
18.59,0.192779541,-0.131858826,1.277908325,-1.425430298,-0.229312897,0.473388672,0.126281738,1.804626465,0.588882446,2.223407745,-1.122146606,0.749765396,-1.198516846,-0.408752441,0.131790161,1.060150146,4.90341E-05,1.03302002,0.470062256,-0.427398682,0.834838867,-2.009521484,-0.02797699,-0.853363037,-0.001350987,-0.000968821,0.205795288,-0.000856687,1.304794312,1.733474731,-0.096923828,0.614601135,1.369750977,0.432739258,-3.74578E-05,2.60249E-05,8.3521E-06,1.708992004,-1.208816528,-0.679016113
18.6,0.216766357,-0.154975891,1.272583008,-1.422958374,-0.216136932,0.483154297,0.151245117,1.777900696,0.599700928,2.228242874,-1.108596802,0.722764015,-1.226776123,-0.436340332,0.100463867,1.057739258,-6.62785E-05,1.047668457,0.471282959,-0.476089478,0.809265137,-2.052734375,0.001373291,-0.863174438,-0.001355488,-0.000959058,0.266616821,-0.00085894,1.283782959,1.73828125,-0.122375488,0.618263245,1.396087646,0.462188721,4.5076E-07,-0.000102984,4.57093E-06,1.702724457,-1.212463379,-0.664215088
18.61,0.242034912,-0.148887634,1.233886719,-1.357772827,-0.223325729,0.478240967,0.121276855,1.809486389,0.602111816,2.21131897,-1.092597961,0.677352905,-1.23046875,-0.408752441,0.089630127,1.031433105,-4.54839E-05,1.004852295,0.496856689,-0.507736206,0.805480957,-2.029296875,0.011161804,-0.869308472,-0.001356989,-0.000947042,0.234954834,-0.000854435,1.267715454,1.739486694,-0.128417969,0.58165741,1.40234375,0.423797607,-4.50406E-05,-8.59089E-05,5.55888E-05,1.764160156,-1.187057495,-0.637268066
18.62,0.220581055,-0.131858826,1.247238159,-1.371307373,-0.243688583,0.462432861,0.071289063,1.842285156,0.615333557,2.18230629,-1.12953186,0.681034088,-1.218170166,-0.374023438,0.125762939,1.039855957,3.76916E-05,0.987731934,0.528503418,-0.467567444,0.838684082,-2.009521484,0.017280579,-0.858291626,-0.001352488,-0.000944789,0.17539978,-0.000844674,1.241760254,1.747894287,-0.107788086,0.541389465,1.389801025,0.385375977,-7.72588E-05,3.36152E-05,2.34693E-05,1.737827301,-1.179794312,-0.645355225
18.63,0.1902771,-0.095359802,1.273925781,-1.402038574,-0.265253067,0.467285156,0.101257324,1.811912537,0.639381409,2.219781876,-1.138145447,0.727672577,-1.196075439,-0.399169922,0.148651123,1.058959961,3.01311E-05,1.02444458,0.501739502,-0.45904541,0.81439209,-2.071411133,0.008712769,-0.861938477,-0.001348737,-0.000959809,0.188079834,-0.000857438,1.235580444,1.752685547,-0.107788086,0.545051575,1.343444824,0.454498291,-6.96778E-05,6.96611E-05,1.21295E-05,1.700214386,-1.166503906,-0.623809814
18.64,0.194061279,-0.095359802,1.276580811,-1.383605957,-0.273639679,0.449005127,0.121276855,1.842285156,0.632171631,2.253629684,-1.155387878,0.754674911,-1.169036865,-0.438720703,0.123352051,1.056549072,2.63499E-05,1.03302002,0.459106445,-0.479736328,0.787597656,-2.067626953,0.003814697,-0.865631104,-0.001342736,-0.000958307,0.232421875,-0.0008687,1.259078979,1.717880249,-0.145324707,0.548713684,1.333435059,0.501861572,-0.000118956,1.0848E-05,5.18113E-05,1.72403717,-1.156829834,-0.611694336
18.65,0.201629639,-0.109954834,1.268569946,-1.386077881,-0.270044327,0.402679443,0.071289063,1.898162842,0.65020752,2.243959427,-1.151695251,0.769402504,-1.173950195,-0.396789551,0.099258423,1.050567627,5.84861E-05,1.015869141,0.483459473,-0.491912842,0.815673828,-2.023071289,0.007492065,-0.854598999,-0.001347987,-0.000940282,0.217208862,-0.000860441,1.281311035,1.728668213,-0.128417969,0.579216003,1.414886475,0.419921875,-0.000100004,-4.22727E-05,-8.65385E-06,1.696453094,-1.172546387,-0.630523682
18.66,0.206695557,-0.123344421,1.240570068,-1.377441406,-0.268846512,0.392913818,0.08001709,1.875083923,0.688674927,2.246377945,-1.125839233,0.73503685,-1.191162109,-0.366882324,0.111312866,1.038635254,9.06223E-05,1.018310547,0.488342285,-0.460266113,0.828430176,-2.046630859,-0.002296448,-0.852127075,-0.001356238,-0.00093878,0.155136108,-0.000852933,1.281311035,1.774291992,-0.125976563,0.603614807,1.41986084,0.371307373,-2.04016E-05,-8.59089E-05,-7.47852E-05,1.658836365,-1.171340942,-0.630523682
18.67,0.177642822,-0.125770569,1.243225098,-1.376235962,-0.24848175,0.407531738,0.117553711,1.844718933,0.653808594,2.241540909,-1.13445282,0.678580284,-1.177642822,-0.420715332,0.110092163,1.03503418,3.58019E-05,1.02444458,0.450592041,-0.422538757,0.804199219,-2.082519531,0.030731201,-0.841094971,-0.001345737,-0.000948544,0.182998657,-0.000845425,1.260299683,1.757492065,-0.14654541,0.551147461,1.35848999,0.439117432,-4.50406E-05,-9.16012E-05,-6.72266E-05,1.673881531,-1.151992798,-0.63861084
18.68,0.156188965,-0.092926025,1.267242432,-1.395904541,-0.235303879,0.412414551,0.09375,1.831352234,0.591285706,2.225826263,-1.098762512,0.709262848,-1.180114746,-0.430358887,0.09324646,1.060150146,-3.89665E-06,1.018310547,0.455444336,-0.443222046,0.813110352,-2.091186523,0.07233429,-0.837417603,-0.001348737,-0.000947793,0.246353149,-0.000846176,1.240524292,1.744277954,-0.13684082,0.541389465,1.37979126,0.473693848,-7.9155E-05,-6.88341E-05,-3.32147E-05,1.716514587,-1.171340942,-0.63458252
18.69,0.18270874,-0.094139099,1.267242432,-1.384841919,-0.26285553,0.417297363,0.104980469,1.828918457,0.602111816,2.252422333,-1.069213867,0.708035469,-1.203460693,-0.420715332,0.099258423,1.055389404,7.92798E-05,1.020751953,0.463989258,-0.450531006,0.852722168,-2.07019043,0.053985596,-0.855819702,-0.00136374,-0.000948544,0.210876465,-0.000854435,1.23928833,1.733474731,-0.141723633,0.5779953,1.432403564,0.430175781,-7.72588E-05,5.1558E-06,4.23603E-05,1.740337372,-1.196731567,-0.629180908
18.7,0.2003479,-0.109954834,1.245895386,-1.375,-0.264053345,0.41973877,0.141296387,1.819206238,0.627357483,2.266929626,-1.108596802,0.67244339,-1.204650879,-0.432739258,0.117324829,1.062561035,4.90341E-05,1.039093018,0.471282959,-0.449310303,0.854003906,-2.071411133,0.019729614,-0.871780396,-0.001356989,-0.000959058,0.169067383,-0.000853684,1.266494751,1.711868286,-0.104187012,0.570671082,1.404846191,0.40713501,-4.31444E-05,0.000126576,1.77994E-05,1.731559753,-1.199157715,-0.657470703
18.71,0.204162598,-0.102661133,1.252563477,-1.393432617,-0.236501694,0.433135986,0.110046387,1.77911377,0.611724854,2.228242874,-1.123374939,0.737491608,-1.189910889,-0.385986328,0.107696533,1.11151123,-6.06077E-05,1.050109863,0.483459473,-0.470001221,0.827209473,-2.080078125,0.034408569,-0.876678467,-0.001350987,-0.000957556,0.193130493,-0.000855186,1.247955322,1.727478027,-0.105407715,0.556037903,1.364746094,0.422515869,-7.13207E-06,0.000132268,-7.47852E-05,1.741592407,-1.197937012,-0.666870117
18.72,0.207946777,-0.126991272,1.30859375,-1.394668579,-0.241294861,0.453857422,0.096252441,1.78276062,0.592483521,2.216154099,-1.120918274,0.739946365,-1.199768066,-0.366882324,0.070343018,1.087615967,-9.56748E-06,1.006103516,0.446960449,-0.461479187,0.805480957,-2.028076172,0.053985596,-0.875473022,-0.001359239,-0.000950797,0.232421875,-0.000855936,1.198501587,1.728668213,-0.190185547,0.557250977,1.408599854,0.432739258,-4.50406E-05,5.44824E-05,-2.18786E-05,1.752872467,-1.173751831,-0.661499023
18.73,0.223114014,-0.156188965,1.320602417,-1.360244751,-0.25087738,0.45022583,0.102478027,1.815559387,0.582870483,2.252422333,-1.133224487,0.676125526,-1.21206665,-0.426757813,0.076370239,1.05178833,5.47059E-05,0.963256836,0.453033447,-0.45174408,0.804199219,-2.016967773,0.024620056,-0.866867065,-0.00136449,-0.000949295,0.224807739,-0.000856687,1.233108521,1.73828125,-0.215637207,0.568237305,1.418640137,0.422515869,-6.20969E-05,1.0848E-05,4.04753E-05,1.727798462,-1.130233765,-0.67767334
18.74,0.216766357,-0.123344421,1.281921387,-1.32333374,-0.244886398,0.425842285,0.09375,1.798553467,0.620147705,2.281435013,-1.125839233,0.73503685,-1.188690186,-0.438720703,0.102874756,1.063751221,4.33633E-05,0.98651123,0.517578125,-0.446868896,0.820800781,-2.06640625,0.025840759,-0.850921631,-0.00136599,-0.000943286,0.184280396,-0.000873956,1.278839111,1.776702881,-0.167175293,0.587760925,1.369750977,0.439117432,-5.07254E-05,2.41287E-05,-1.09524E-06,1.717769623,-1.144729614,-0.693817139
18.75,0.19152832,-0.096572876,1.256576538,-1.34916687,-0.252075195,0.41973877,0.122558594,1.798553467,0.671844482,2.26209259,-1.111068726,0.768175125,-1.200958252,-0.405151367,0.081192017,1.048217773,6.41569E-05,0.999969482,0.49319458,-0.450531006,0.819519043,-2.072631836,0.031967163,-0.848449707,-0.00136749,-0.00094554,0.205795288,-0.000878461,1.260299683,1.770690918,-0.128417969,0.597518921,1.372283936,0.428894043,-3.74578E-05,3.55113E-05,-4.87268E-06,1.755382538,-1.188262939,-0.66015625
18.76,0.220581055,-0.136726379,1.241897583,-1.392196655,-0.255670547,0.427032471,0.117553711,1.83013916,0.664634705,2.217365265,-1.123374939,0.726445198,-1.214508057,-0.405151367,0.076370239,1.03503418,2.44593E-05,0.988952637,0.444488525,-0.500427246,0.805480957,-2.056518555,-0.020637512,-0.850921631,-0.001361489,-0.000962062,0.24508667,-0.000853684,1.236831665,1.735870361,-0.14050293,0.584091187,1.374786377,0.387939453,2.34507E-06,-6.22682E-06,5.37001E-05,1.755382538,-1.154418945,-0.615722656
18.77,0.212982178,-0.119689941,1.263244629,-1.387283325,-0.236501694,0.41973877,0.075012207,1.838638306,0.638175964,2.241540909,-1.157852173,0.762039185,-1.189910889,-0.393188477,0.065536499,1.029083252,-1.14581E-05,1.002410889,0.462768555,-0.51990509,0.792663574,-2.062744141,-0.046333313,-0.875473022,-0.001353988,-0.000958307,0.228622437,-0.000849179,1.224456787,1.702270508,-0.153869629,0.55847168,1.364746094,0.450653076,-1.85054E-05,1.27461E-05,1.77994E-05,1.714004517,-1.142318726,-0.635925293
18.78,0.161254883,-0.084411621,1.313934326,-1.397125244,-0.236501694,0.40512085,0.058776855,1.833778381,0.640579224,2.283853531,-1.1615448,0.750992775,-1.198516846,-0.38482666,0.047454834,1.008728027,5.65955E-05,1.020751953,0.445709229,-0.482177734,0.777404785,-2.076293945,-0.009635925,-0.909835815,-0.001359239,-0.000943286,0.208343506,-0.000861192,1.22694397,1.701065063,-0.14654541,0.551147461,1.393554688,0.492889404,-2.60845E-05,4.30997E-05,-7.85626E-05,1.705230713,-1.191894531,-0.654785156
18.79,0.207946777,-0.147674561,1.301925659,-1.403274536,-0.268846512,0.392913818,0.073730469,1.808273315,0.63457489,2.247587204,-1.133224487,0.687170982,-1.208343506,-0.397949219,0.096847534,1.027862549,4.33633E-05,1.010955811,0.426239014,-0.460266113,0.763366699,-2.076293945,0.046646118,-0.903686523,-0.001359989,-0.000947042,0.212142944,-0.000853684,1.23928833,1.749084473,-0.151428223,0.538948059,1.401092529,0.410980225,-5.64121E-05,-5.36442E-07,-5.58905E-05,1.691436768,-1.181015015,-0.687103271
18.8,0.221832275,-0.180519104,1.276580811,-1.381149292,-0.285617828,0.390472412,0.108764648,1.808273315,0.640579224,2.23307991,-1.128303528,0.722764015,-1.199768066,-0.381225586,0.114929199,1.063751221,-1.14581E-05,0.992614746,0.455444336,-0.460266113,0.790161133,-2.056518555,0.05153656,-0.875473022,-0.001348737,-0.000962813,0.224807739,-0.000844674,1.234359741,1.762298584,-0.152587891,0.516990662,1.363494873,0.373840332,-0.000156865,-7.64225E-05,6.46338E-06,1.686420441,-1.166503906,-0.732879639
18.81,0.161254883,-0.144020081,1.311264038,-1.398361206,-0.264053345,0.391723633,0.088745117,1.838638306,0.664634705,2.254840851,-1.118453979,0.732582092,-1.204650879,-0.377624512,0.094436646,1.057739258,-2.46903E-05,0.996307373,0.423797607,-0.462692261,0.864196777,-2.035522461,0.005050659,-0.843551636,-0.001347237,-0.000970323,0.213409424,-0.000852182,1.221984863,1.737075806,-0.157470703,0.551147461,1.348449707,0.3828125,-0.000113273,-8.40109E-05,3.10279E-05,1.72403717,-1.16166687,-0.657470703
18.82,0.202880859,-0.122123718,1.313934326,-1.410675049,-0.228115082,0.396575928,0.073730469,1.819206238,0.622543335,2.230661392,-1.101211548,0.710490227,-1.202209473,-0.405151367,0.089630127,1.03503418,-7.76211E-05,0.977935791,0.369018555,-0.450531006,0.860412598,-1.995849609,0.017280579,-0.855819702,-0.001347987,-0.000963564,0.203277588,-0.000857438,1.217041016,1.753890991,-0.157470703,0.585319519,1.354705811,0.359771729,-3.74578E-05,0.000115193,4.23603E-05,1.732814789,-1.14352417,-0.59552002
18.83,0.247070313,-0.118476868,1.287261963,-1.384841919,-0.222127914,0.397827148,0.112548828,1.785194397,0.591285706,2.220989227,-1.117225647,0.748538017,-1.173950195,-0.390808105,0.073959351,1.030273438,-2.09091E-05,0.963256836,0.397033691,-0.434707642,0.777404785,-1.977294922,0.069885254,-0.893859863,-0.001348737,-0.000959809,0.22354126,-0.000861943,1.228164673,1.769500732,-0.115112305,0.545051575,1.350952148,0.370025635,-4.12501E-05,0.000153137,1.40183E-05,1.716514587,-1.172546387,-0.644012451
18.84,0.205413818,-0.131858826,1.316604614,-1.357772827,-0.246084213,0.392913818,0.086242676,1.794914246,0.647796631,2.260883331,-1.127067566,0.726445198,-1.172698975,-0.378845215,0.102874756,1.064910889,7.92798E-05,0.980377197,0.461547852,-0.454177856,0.758239746,-2.020629883,0.044197083,-0.869308472,-0.001359989,-0.000962062,0.208343506,-0.000864946,1.254119873,1.755096436,-0.095703125,0.542610168,1.353485107,0.413543701,2.34507E-06,-7.26283E-05,-1.09524E-06,1.727798462,-1.182220459,-0.637268066
18.85,0.168823242,-0.147674561,1.304595947,-1.350402832,-0.241294861,0.384399414,0.042480469,1.827705383,0.659820557,2.26571846,-1.145530701,0.703125954,-1.200958252,-0.419555664,0.128173828,1.092407227,-7.57305E-05,0.988952637,0.481018066,-0.478523254,0.799072266,-2.041625977,-0.019424438,-0.836181641,-0.00136374,-0.000956054,0.19694519,-0.000859691,1.283782959,1.76109314,-0.13684082,0.615821838,1.376037598,0.408416748,-1.47149E-05,-4.60688E-05,-2.98396E-06,1.726547241,-1.166503906,-0.607635498
18.86,0.165008545,-0.130638123,1.228546143,-1.382369995,-0.224523544,0.383148193,0.083740234,1.84349823,0.627357483,2.214946747,-1.168930054,0.749765396,-1.194854736,-0.389587402,0.098052979,1.069671631,-0.000213728,1.02444458,0.472503662,-0.45904541,0.832275391,-2.04296875,-0.030426025,-0.854598999,-0.001354738,-0.000957556,0.208343506,-0.000858189,1.268966675,1.767089844,-0.163513184,0.626800537,1.40234375,0.359771729,-0.000177713,3.55113E-05,-1.81012E-05,1.696453094,-1.195526123,-0.625152588
18.87,0.211730957,-0.114822388,1.241897583,-1.373764038,-0.238899231,0.40020752,0.096252441,1.819206238,0.645393372,2.214946747,-1.148002625,0.733809471,-1.189910889,-0.352478027,0.099258423,1.043426514,-7.19503E-05,1.04888916,0.467651367,-0.454177856,0.809265137,-2.054077148,-0.009635925,-0.874237061,-0.001356989,-0.000963564,0.190612793,-0.000857438,1.223220825,1.751480103,-0.147766113,0.567016602,1.389801025,0.393035889,-0.000240259,-0.000110572,-3.32147E-05,1.719020844,-1.208816528,-0.639953613
18.88,0.249603271,-0.107528687,1.312606812,-1.331939697,-0.274835587,0.384399414,0.049987793,1.802200317,0.661026001,2.264511108,-1.118453979,0.694535255,-1.202209473,-0.414794922,0.112518311,1.045806885,2.82396E-05,1.012176514,0.423797607,-0.499214172,0.769714355,-2.061523438,0.012390137,-0.857055664,-0.001360739,-0.000954552,0.195663452,-0.000860441,1.22694397,1.714263916,-0.14654541,0.548713684,1.340942383,0.462188721,-0.000107586,-9.53954E-05,-6.91153E-05,1.760398865,-1.156829834,-0.661499023
18.89,0.220581055,-0.078330994,1.281921387,-1.355316162,-0.276033401,0.383148193,0.077514648,1.793693542,0.639381409,2.254840851,-1.130760193,0.725217819,-1.21081543,-0.417114258,0.123352051,1.05178833,7.44592E-06,0.999969482,0.400665283,-0.490684509,0.782470703,-2.055297852,0.044197083,-0.843551636,-0.001353238,-0.000953801,0.217208862,-0.000871704,1.256591797,1.697463989,-0.157470703,0.571891785,1.342193604,0.39944458,-7.34683E-05,1.27461E-05,-5.77793E-05,1.739082336,-1.122970581,-0.650756836
18.9,0.176391602,-0.10144043,1.232559204,-1.3540802,-0.249679565,0.423400879,0.097473145,1.75239563,0.617744446,2.213737488,-1.1615448,0.762039185,-1.226776123,-0.409973145,0.146255493,1.044616699,2.06791E-05,1.02444458,0.466430664,-0.420097351,0.805480957,-2.031738281,0.023391724,-0.858291626,-0.00136449,-0.000965066,0.213409424,-0.000870202,1.26524353,1.721466064,-0.13684082,0.560913086,1.398590088,0.345703125,-0.000132225,-4.9863E-05,-2.98396E-06,1.716514587,-1.176177979,-0.622436523
18.91,0.172607422,-0.144020081,1.271240234,-1.341781616,-0.261657715,0.397827148,0.033752441,1.726882935,0.596092224,2.204065323,-1.144309998,0.764493942,-1.21081543,-0.448303223,0.128173828,1.037445068,-3.79235E-05,1.014648438,0.476165771,-0.439575195,0.81060791,-2.044189453,-0.018203735,-0.861938477,-0.001376492,-0.000962813,0.203277588,-0.000865697,1.256591797,1.721466064,-0.110229492,0.515769958,1.406097412,0.405853271,-9.62131E-05,-4.9863E-05,2.91355E-05,1.731559753,-1.23664856,-0.662841797
18.92,0.183959961,-0.124557495,1.271240234,-1.383605957,-0.2604599,0.351470947,0.061279297,1.737815857,0.599700928,2.229454041,-1.117225647,0.720309258,-1.176391602,-0.402770996,0.106491089,1.046966553,-6.62785E-05,0.9815979,0.383636475,-0.52355957,0.825866699,-2.077636719,0.02217865,-0.830047607,-0.001358489,-0.00095305,0.207077026,-0.000865697,1.228164673,1.71307373,-0.104187012,0.521865845,1.355987549,0.398162842,-7.53645E-05,1.27461E-05,4.23603E-05,1.712753296,-1.211242676,-0.672302246
18.93,0.187744141,-0.135505676,1.243225098,-1.371307373,-0.264053345,0.366088867,0.113769531,1.762107849,0.604515076,2.234289169,-1.145530701,0.678580284,-1.209564209,-0.35723877,0.101669312,1.058959961,6.98287E-05,0.979156494,0.367797852,-0.50894928,0.81439209,-2.071411133,0.049095154,-0.841094971,-0.001350237,-0.000952299,0.21975708,-0.00085894,1.223220825,1.744277954,-0.124755859,0.556037903,1.352233887,0.377685547,-4.88292E-05,8.95187E-06,4.04753E-05,1.671375275,-1.194320679,-0.621124268
18.94,0.205413818,-0.170791626,1.291259766,-1.347930908,-0.307178497,0.402679443,0.088745117,1.78276062,0.574455261,2.218572617,-1.146774292,0.712944984,-1.248901367,-0.35723877,0.086013794,1.050567627,0.000113307,1.010955811,0.442077637,-0.454177856,0.767150879,-2.07019043,-0.00718689,-0.866867065,-0.001356989,-0.000953801,0.210876465,-0.000861943,1.23928833,1.757492065,-0.158691406,0.523094177,1.354705811,0.412261963,5.54137E-05,3.36152E-05,4.80302E-05,1.690185547,-1.217285156,-0.629180908
18.95,0.1953125,-0.165924072,1.309936523,-1.394668579,-0.311971664,0.41973877,0.104980469,1.740242004,0.568443298,2.229454041,-1.12953186,0.715399742,-1.207122803,-0.353637695,0.081192017,1.049377441,5.28144E-05,1.041564941,0.467651367,-0.471214294,0.772277832,-2.083740234,-0.021865845,-0.84475708,-0.001353238,-0.00096056,0.185531616,-0.000869451,1.23928833,1.723876953,-0.16229248,0.510887146,1.322143555,0.3828125,4.21479E-05,6.39707E-05,8.3521E-06,1.719020844,-1.183441162,-0.668243408
18.96,0.162506104,-0.137939453,1.285919189,-1.393432617,-0.289213181,0.395355225,0.108764648,1.715950012,0.592483521,2.208902359,-1.157852173,0.688398361,-1.176391602,-0.372802734,0.082397461,1.056549072,6.03767E-05,1.0574646,0.426239014,-0.501647949,0.797790527,-2.082519531,0.012390137,-0.879135132,-0.001351738,-0.000969572,0.167800903,-0.000869451,1.231887817,1.699859619,-0.148986816,0.548713684,1.338439941,0.377685547,-8.29455E-05,3.93074E-05,-1.62125E-05,1.710243225,-1.150787354,-0.681732178
18.97,0.166290283,-0.113609314,1.279251099,-1.362686157,-0.266450882,0.395355225,0.082519531,1.783973694,0.62134552,2.191976547,-1.157852173,0.705580711,-1.207122803,-0.370422363,0.083602905,1.02432251,3.76916E-05,1.050109863,0.422607422,-0.498001099,0.764587402,-2.083740234,-0.032875061,-0.915969849,-0.001353988,-0.000962062,0.157653809,-0.000869451,1.231887817,1.701065063,-0.153869629,0.548713684,1.373504639,0.396881104,-4.69331E-05,3.17171E-05,1.96882E-05,1.697704315,-1.173751831,-0.662841797
